Solic;Fuga
49128;0
69792;1
69838;1
69868;1
70334;1
70430;0
70566;0
71438;0
72510;0
73010;0
73022;1
73274;1
73420;1
76016;1
77452;1
78222;1
78232;1
78236;1
78244;0
78256;1
78260;0
78262;1
78268;1
78270;0
78282;1
78284;0
78312;0
78448;0
78512;0
78516;0
78528;0
78554;1
78560;0
78590;1
78598;1
78608;1
78870;1
78910;1
78952;1
78990;1
79022;1
79062;0
79098;0
79110;1
79146;0
79184;0
80318;1
80580;1
81252;0
81266;0
81338;0
81346;0
82042;1
82440;0
82636;1
82862;0
82868;1
82934;1
83600;1
83604;0
83718;0
83780;0
84364;0
84384;0
84406;0
85068;0
85078;0
85084;0
85128;0
85152;1
85630;0
85632;1
86138;0
86142;0
86222;1
86606;0
86608;1
86634;0
86740;1
86768;0
86816;1
87004;1
87052;0
87252;0
87290;0
87598;0
87740;1
88024;0
88254;1
88512;0
88914;0
89372;0
89376;0
90204;0
90210;0
90322;0
90444;0
91724;0
92036;0
92052;0
92152;1
92204;0
92246;1
92258;1
92270;1
92294;0
92352;0
92510;0
92646;1
92668;0
92786;1
92788;1
92792;1
92838;0
92840;1
92864;1
92900;0
92948;0
92950;1
92998;1
93000;0
93038;0
93066;1
93070;0
93082;0
93088;0
93092;0
93098;1
93120;1
93122;1
93124;1
93130;1
93144;0
93148;0
93152;0
93164;0
93186;0
93198;1
93218;0
93222;0
93224;1
93228;1
93232;0
93258;0
93262;0
93264;1
93266;1
93270;0
93282;0
93288;1
93296;1
93302;0
93340;1
93354;1
93358;0
93360;0
93362;1
93372;0
93390;0
93394;0
93398;0
93406;1
93408;0
93412;0
93416;0
93418;1
93424;0
93426;1
93432;1
93436;0
93450;0
93454;1
93456;0
93460;1
93464;0
93466;1
93468;0
93474;0
93476;0
93478;0
93482;1
93484;0
93486;0
93488;0
93490;0
93494;1
93500;0
93502;1
93510;0
93512;0
93526;1
93534;0
93536;0
93544;1
93570;0
93600;1
93640;0
93648;0
93654;1
93690;0
93698;0
93704;0
93708;0
93712;0
93738;1
93744;0
93746;1
93760;0
93778;0
93780;0
93782;1
93784;0
93796;0
93800;0
93802;0
93804;1
93808;0
93814;1
93816;1
93828;0
93832;1
93834;1
93836;0
93838;1
93848;0
93862;1
93870;1
93874;1
93884;0
93904;1
94260;1
94272;1
94288;0
94348;0
94374;0
94426;1
94528;1
94548;0
94566;0
94570;1
94584;0
94630;0
94680;1
94732;1
94768;1
94770;1
94778;0
94784;1
94812;0
94830;0
94832;0
94844;1
94854;0
94858;0
94860;0
94862;0
94864;0
94866;0
94896;0
94898;0
94900;1
94904;0
94906;1
94910;1
94916;0
94918;0
94922;0
94924;0
94932;1
94940;0
94946;1
94948;0
94952;1
94956;1
94964;1
94968;1
94970;0
94978;0
94980;1
94982;0
94984;1
94988;0
94990;1
94992;0
94994;1
95002;0
95004;1
95014;0
95016;0
95024;1
95032;1
95038;1
95040;1
95052;0
95054;1
95062;1
95076;0
95082;1
95084;1
95090;0
95092;1
95094;0
95108;1
95118;1
95120;0
95124;0
95130;0
95136;0
95154;1
95158;0
95166;1
95168;0
95172;0
95176;1
95194;1
95200;1
95202;0
95210;0
95214;0
95216;1
95218;1
95224;0
95230;0
95232;0
95234;0
95236;0
95242;0
95246;0
95250;1
95258;1
95260;0
95264;0
95266;0
95272;1
95274;1
95278;0
95280;1
95282;1
95290;0
95292;0
95298;1
95300;0
95304;1
95306;0
95312;0
95318;0
95320;0
95330;0
95338;0
95348;1
95358;0
95360;1
95362;0
95368;1
95370;1
95386;1
95390;1
95398;0
95404;0
95410;1
95420;1
95432;0
95442;1
95444;1
95462;1
95474;1
95486;1
95516;1
95518;0
95524;0
95546;0
95552;1
95554;1
95560;0
95568;1
95592;0
95596;0
95600;0
95610;1
95620;0
95622;0
95630;1
95644;1
95650;0
95656;0
95668;1
95672;0
95682;0
95688;1
95694;1
95700;0
95702;1
95708;0
95710;0
95712;0
95738;0
95746;0
95762;1
95766;0
95768;0
95772;0
95776;1
95778;0
95780;0
95784;1
95808;0
95822;0
95828;0
95834;1
95856;0
95858;0
95876;0
95882;0
95888;1
95894;1
95906;1
95912;0
95924;1
95932;0
95938;0
95942;0
95982;1
95986;0
96004;1
96008;0
96020;0
96022;0
96026;0
96028;0
96036;0
96046;0
96052;0
96056;0
96058;0
96070;0
96074;1
96076;0
96080;0
96088;0
96090;1
96092;1
96094;0
96102;1
96104;1
96106;0
96108;0
96110;1
96112;1
96116;0
96120;1
96124;0
96132;0
96138;0
96154;1
96168;1
96174;0
96182;1
96188;0
96192;0
96196;0
96212;1
96216;1
96218;0
96220;0
96228;1
96240;1
96250;1
96258;0
96264;1
96268;1
96280;1
96284;0
96290;0
96294;1
96306;1
96310;0
96314;1
96316;1
96318;0
96332;0
96338;0
96342;1
96366;0
96392;0
96400;1
96414;0
96416;1
96424;1
96428;0
96436;0
96438;0
96440;0
96448;0
96468;0
96480;1
96488;1
96520;1
96522;1
96524;1
96526;0
96534;0
96548;0
96552;0
96570;1
96574;0
96576;1
96600;0
96622;0
96632;1
96644;0
96648;0
96672;0
96682;0
96686;0
96696;0
96720;1
96722;0
96726;1
96730;1
96740;0
96742;1
96746;0
96764;1
96768;0
96772;0
96774;0
96780;1
96782;0
96796;0
96800;1
96814;0
96826;0
96838;0
96840;1
96842;0
96864;0
96868;1
96882;0
96886;1
96906;1
96914;0
96936;1
96940;0
96946;1
96954;0
96970;0
96972;1
96992;0
97004;0
97018;1
97022;0
97036;1
97038;1
97052;0
97054;0
97058;0
97064;0
97084;1
97086;1
97090;0
97118;0
97130;1
97132;1
97136;0
97146;1
97150;0
97198;1
97202;0
97204;0
97208;0
97212;1
97226;1
97232;1
97254;1
97266;1
97270;1
97272;0
97296;0
97300;1
97304;0
97308;1
97310;1
97316;0
97322;0
97328;0
97330;0
97332;1
97348;1
97378;0
97388;0
97390;0
97392;0
97404;0
97428;1
97432;0
97444;0
97450;1
97454;0
97476;0
97480;0
97484;0
97502;1
97506;1
97524;0
97528;0
97548;1
97550;1
97554;1
97572;0
97596;1
97602;0
97630;1
97638;1
97662;0
97668;1
97672;1
97694;1
97714;0
97730;1
97778;0
97790;0
97796;1
97804;0
97810;0
97832;0
97848;1
97856;1
97866;0
97870;0
97890;0
97898;1
97904;0
97912;0
97934;0
97942;1
97944;0
97946;1
97956;1
97988;0
97998;0
98004;0
98012;0
98024;0
98026;0
98056;1
98058;1
98078;0
98104;1
98114;0
98122;1
98132;0
98138;0
98140;0
98154;0
98176;0
98190;0
98194;1
98196;1
98202;1
98210;1
98222;1
98224;0
98228;0
98230;0
98236;0
98238;1
98240;1
98244;1
98246;1
98256;1
98258;1
98264;0
98268;0
98272;1
98302;0
98304;0
98308;0
98310;1
98312;0
98316;1
98320;0
98322;0
98332;0
98336;0
98344;0
98356;1
98360;0
98362;1
98364;0
98366;0
98368;1
98390;1
98394;1
98410;0
98424;0
98426;0
98430;0
98440;1
98444;0
98446;1
98468;1
98478;0
98488;0
98494;0
98516;0
98518;1
98520;1
98526;0
98530;1
98532;0
98544;0
98548;0
98550;0
98556;0
98558;0
98560;1
98580;1
98592;0
98594;0
98612;1
98614;0
98618;1
98622;0
98630;0
98634;0
98646;0
98648;0
98652;0
98654;1
98676;0
98680;1
98700;1
98702;0
98704;0
98718;0
98726;0
98732;0
98740;0
98754;0
98756;0
98764;0
98766;0
98772;0
98796;1
98800;1
98824;1
98828;1
98840;1
98844;1
98880;1
98918;1
98948;0
98954;0
98958;1
98962;0
98988;0
98994;0
99014;1
99016;0
99022;0
99036;0
99046;0
99052;0
99056;1
99068;0
99074;1
99076;0
99080;0
99094;1
99098;0
99108;0
99114;0
99140;0
99156;0
99172;0
99180;0
99186;0
99192;0
99196;0
99210;0
99216;0
99224;0
99226;1
99264;0
99266;0
99274;0
99304;0
99306;1
99320;0
99334;0
99360;1
99362;1
99376;0
99378;0
99382;1
99396;1
99418;1
99420;0
99428;0
99462;0
99464;1
99484;0
99500;0
99506;1
99508;0
99510;0
99514;1
99528;1
99530;0
99536;1
99552;0
99556;1
99564;1
99566;0
99574;0
99586;0
99590;1
99606;0
99608;0
99614;1
99626;0
99630;0
99640;1
99646;0
99648;0
99650;0
99658;0
99662;0
99670;0
99678;0
99680;0
99704;0
99724;0
99732;0
99740;0
99744;1
99746;1
99758;0
99772;1
99782;0
99786;1
99790;0
99798;0
99814;0
99822;0
99826;0
99834;0
99844;0
99854;0
99862;1
99874;0
99884;1
99886;0
99910;0
99926;0
99930;1
99948;0
99954;1
99968;0
99992;0
100006;0
100014;1
100020;0
100030;0
100042;0
100052;0
100054;1
100072;1
100078;0
100108;1
100110;0
100154;1
100162;1
100176;0
100180;1
100196;0
100198;0
100202;1
100216;0
100218;0
100220;1
100252;1
100262;0
100264;1
100266;0
100276;0
100284;0
100310;1
100324;0
100326;0
100334;0
100340;0
100342;1
100344;0
100372;1
100392;0
100394;1
100398;0
100400;0
100418;1
100422;0
100424;0
100428;0
100430;0
100438;1
100440;0
100444;1
100448;0
100468;0
100472;1
100476;1
100478;1
100486;1
100488;1
100494;1
100520;1
100528;1
100532;0
100538;1
100544;0
100546;0
100556;1
100566;0
100578;0
100584;0
100590;0
100598;0
100600;0
100602;1
100604;1
100608;0
100614;1
100624;1
100626;0
100634;0
100640;1
100642;0
100648;1
100658;0
100670;1
100678;1
100680;0
100684;0
100690;0
100698;1
100700;0
100712;0
100716;1
100720;0
100744;0
100746;0
100750;1
100752;0
100754;1
100766;1
100782;0
100784;1
100788;1
100804;0
100806;1
100818;0
100824;0
100826;0
100834;1
100836;1
100846;0
100856;0
100860;0
100874;0
100878;0
100894;1
100900;0
100904;0
100914;0
100916;0
100920;1
100924;0
100926;0
100928;0
100930;1
100934;1
100940;1
100944;1
100946;0
100956;0
100958;0
100968;1
100972;0
100988;1
100998;0
101014;0
101016;1
101018;0
101024;1
101032;1
101038;1
101040;0
101048;0
101052;0
101066;0
101068;0
101072;0
101074;0
101076;0
101084;0
101088;0
101106;0
101110;1
101114;0
101124;0
101128;0
101138;0
101148;1
101162;0
101166;1
101172;1
101176;1
101178;1
101190;1
101200;1
101210;1
101234;1
101240;0
101250;1
101282;0
101286;0
101296;1
101312;0
101342;0
101352;0
101356;0
101358;0
101362;0
101376;1
101396;0
101414;0
101420;0
101422;1
101426;1
101430;0
101440;1
101454;0
101462;0
101466;1
101476;0
101484;1
101488;0
101490;0
101502;0
101512;1
101516;0
101522;0
101534;0
101540;1
101572;0
101574;0
101584;1
101586;0
101598;1
101606;0
101608;0
101610;0
101624;0
101638;1
101648;0
101662;0
101666;0
101668;1
101670;0
101676;0
101680;0
101696;0
101704;1
101712;1
101714;0
101722;0
101724;1
101728;1
101738;1
101744;1
101774;0
101804;0
101822;0
101838;0
101854;1
101858;0
101882;0
101884;0
101886;1
101890;0
101892;1
101896;1
101900;1
101902;1
101904;1
101908;1
101910;1
101912;0
101934;0
101936;0
101938;1
101954;0
101964;0
101968;1
101982;0
101984;0
101988;0
101992;1
102002;0
102006;0
102010;1
102016;1
102018;1
102020;0
102044;0
102048;0
102050;1
102052;0
102060;0
102070;1
102078;0
102098;1
102118;1
102134;1
102136;1
102140;0
102146;0
102152;0
102156;0
102162;0
102164;0
102170;1
102178;0
102180;0
102188;0
102192;1
102194;1
102196;1
102204;0
102206;0
102216;0
102226;0
102228;0
102230;1
102240;0
102244;1
102252;0
102254;0
102274;1
102278;1
102282;1
102284;1
102296;1
102308;1
102310;1
102312;0
102314;0
102326;1
102338;1
102340;0
102352;1
102362;0
102378;1
102390;0
102392;0
102410;0
102412;0
102414;0
102420;1
102434;0
102454;0
102462;1
102464;0
102476;0
102482;0
102484;0
102492;0
102508;0
102514;0
102522;0
102528;1
102546;1
102568;0
102570;0
102572;1
102574;1
102576;1
102584;0
102596;0
102598;0
102614;0
102622;1
102624;1
102628;0
102630;1
102632;0
102636;0
102640;0
102654;0
102656;0
102664;1
102666;1
102668;0
102670;0
102672;0
102680;0
102684;0
102692;1
102694;0
102696;1
102706;0
102712;0
102716;0
102732;0
102734;1
102736;1
102740;1
102748;1
102752;0
102756;1
102780;0
102790;0
102794;0
102796;0
102800;0
102814;0
102830;1
102832;1
102914;0
102928;1
103058;0
103072;0
103080;1
103084;0
103106;0
103110;0
103112;0
103116;0
103118;0
103120;0
103126;1
103130;0
103132;0
103134;0
103140;0
103142;0
103150;1
103158;0
103164;0
103166;1
103172;0
103214;1
103216;0
103218;0
103228;1
103230;0
103232;0
103236;0
103252;0
103268;0
103278;0
103282;0
103298;0
103312;1
103348;0
103354;0
103362;1
103364;0
103366;1
103374;0
103376;1
103380;0
103390;0
103404;0
103408;1
103422;0
103434;1
103436;0
103440;1
103446;0
103462;0
103472;1
103480;0
103486;0
103488;0
103500;0
103510;0
103514;1
103522;1
103542;1
103546;0
103558;0
103560;0
103568;0
103572;1
103574;1
103578;0
103592;0
103604;1
103610;0
103620;0
103622;0
103624;1
103626;0
103634;1
103638;0
103648;0
103658;1
103666;0
103688;0
103692;0
103704;0
103710;0
103726;1
103754;0
103758;0
103762;0
103774;1
103792;1
103802;1
103816;0
103818;0
103824;0
103838;0
103844;0
103860;1
103862;0
103872;0
103886;0
103908;1
103910;0
103912;0
103914;1
103918;0
103922;0
103930;0
103932;1
103946;1
103952;1
103956;0
103964;1
103966;0
103974;0
103982;0
103984;1
103996;0
104022;0
104024;0
104034;0
104044;0
104046;1
104052;1
104062;1
104066;1
104068;0
104070;0
104082;0
104084;1
104088;1
104120;1
104124;0
104128;0
104146;1
104152;1
104160;1
104164;0
104168;0
104170;0
104176;0
104200;0
104202;0
104208;1
104216;1
104220;0
104232;1
104238;1
104242;0
104248;0
104250;1
104252;0
104264;0
104306;1
104310;0
104314;1
104316;0
104342;1
104358;1
104360;0
104364;1
104370;1
104378;1
104404;0
104432;0
104444;0
104446;0
104454;1
104456;0
104494;1
104498;0
104500;0
104518;1
104522;0
104526;1
104556;1
104560;1
104576;0
104584;0
104590;1
104598;0
104600;1
104604;1
104606;0
104618;1
104626;0
104640;0
104644;0
104656;0
104658;0
104682;0
104688;0
104692;0
104698;0
104702;0
104704;0
104706;0
104728;0
104730;0
104736;0
104744;0
104746;0
104752;1
104754;0
104758;0
104764;0
104766;0
104774;0
104780;0
104782;0
104790;0
104800;0
104808;1
104810;0
104812;0
104814;1
104826;1
104832;1
104840;1
104842;1
104854;0
104860;1
104864;0
104898;0
104904;0
104908;0
104910;0
104912;1
104920;0
104924;0
104944;1
104948;0
104954;1
104966;0
104982;0
104990;0
104994;1
105002;0
105024;1
105030;0
105034;0
105038;1
105046;0
105052;0
105058;1
105062;0
105074;0
105080;1
105102;0
105110;0
105118;0
105124;0
105130;1
105134;0
105138;0
105148;0
105158;0
105166;1
105176;0
105178;0
105180;1
105188;0
105204;0
105210;0
105212;0
105216;1
105226;0
105240;0
105242;0
105246;1
105248;0
105264;0
105274;1
105282;1
105292;1
105300;0
105322;0
105328;1
105330;1
105336;1
105346;1
105352;0
105368;1
105378;1
105388;1
105400;0
105414;0
105426;0
105432;0
105444;1
105446;0
105456;1
105462;0
105472;1
105478;0
105482;1
105488;0
105490;0
105494;0
105506;1
105510;0
105516;0
105524;0
105526;0
105530;0
105532;0
105540;0
105544;0
105550;1
105552;0
105556;1
105560;0
105562;1
105568;0
105576;0
105578;0
105580;0
105590;0
105598;1
105600;0
105610;1
105614;0
105622;0
105632;0
105646;0
105650;0
105660;0
105670;1
105704;0
105720;0
105724;0
105732;0
105740;1
105744;0
105746;1
105748;1
105754;0
105774;0
105788;0
105790;0
105792;0
105794;1
105800;0
105802;0
105804;0
105806;1
105812;0
105814;0
105818;1
105820;1
105822;1
105830;0
105840;1
105842;0
105846;0
105850;1
105856;1
105858;0
105862;0
105864;0
105898;1
105902;1
105904;1
105918;1
105938;1
105940;0
105942;0
105946;1
105948;1
105950;0
105956;0
105958;0
105960;1
105962;0
105968;0
105976;0
105978;0
105982;0
105990;1
105996;0
106004;0
106006;0
106028;0
106042;1
106046;0
106054;0
106072;0
106076;0
106080;0
106084;1
106088;0
106116;0
106126;1
106132;1
106144;0
106146;1
106148;0
106150;1
106166;1
106168;0
106174;0
106178;1
106188;0
106200;0
106206;0
106208;0
106218;1
106220;0
106222;0
106224;0
106242;0
106248;0
106250;0
106254;1
106256;0
106276;0
106290;1
106292;0
106294;0
106296;1
106300;0
106304;1
106308;0
106314;0
106316;1
106334;0
106352;1
106356;0
106366;0
106368;0
106374;0
106382;0
106384;0
106392;0
106396;0
106418;1
106422;0
106434;1
106448;0
106456;1
106460;0
106468;0
106474;0
106482;0
106484;1
106486;0
106490;0
106496;1
106502;0
106514;1
106522;0
106528;0
106532;0
106542;1
106544;1
106556;1
106574;1
106582;0
106586;1
106590;0
106596;1
106604;0
106630;0
106634;0
106636;0
106638;0
106652;0
106672;0
106676;0
106680;0
106694;1
106706;0
106716;0
106718;0
106740;1
106762;0
106766;1
106784;0
106804;1
106820;0
106844;1
106856;1
106866;0
106872;0
106880;0
106882;0
106884;0
106892;0
106896;0
106900;1
106902;0
106914;1
106926;0
106936;0
106942;1
106946;0
106954;0
106976;0
106978;1
106980;1
106986;1
107014;0
107016;1
107018;1
107024;0
107026;0
107028;1
107036;0
107044;0
107054;0
107064;0
107078;0
107082;1
107090;1
107094;1
107096;1
107102;0
107104;1
107110;0
107114;1
107136;0
107146;0
107150;1
107154;0
107160;0
107166;0
107174;0
107178;0
107188;0
107196;0
107202;0
107226;0
107236;0
107238;1
107242;0
107252;0
107258;0
107268;0
107270;0
107296;0
107302;1
107304;0
107310;0
107324;0
107340;1
107346;1
107348;1
107356;1
107362;1
107370;0
107374;0
107376;1
107416;1
107418;0
107422;1
107430;0
107432;0
107440;1
107442;0
107452;0
107470;0
107484;0
107514;0
107530;0
107532;1
107544;1
107566;0
107572;0
107574;0
107582;0
107584;1
107604;0
107608;1
107610;1
107620;0
107636;0
107644;1
107664;0
107670;1
107686;0
107710;0
107716;0
107718;0
107730;0
107740;1
107756;1
107810;0
107838;1
107840;0
107846;0
107854;0
107860;0
107872;0
107892;0
107906;1
107918;1
107930;0
107938;0
107942;0
107944;0
107952;0
107960;1
107966;0
107974;1
107978;0
107982;0
107996;1
108000;0
108008;0
108022;1
108038;1
108050;0
108062;0
108072;0
108078;0
108088;0
108092;0
108112;1
108120;0
108174;1
108188;0
108198;0
108210;0
108222;0
108256;0
108260;0
108296;0
108298;1
108300;1
108306;0
108312;0
108314;0
108330;0
108344;0
108354;0
108364;1
108398;0
108400;1
108424;0
108470;0
108488;1
108490;0
108502;0
108516;0
108520;1
108558;0
108564;1
108568;0
108570;0
108574;0
108578;0
108598;0
108612;0
108614;0
108616;0
108632;1
108636;0
108638;0
108640;1
108642;1
108644;0
108660;1
108672;0
108674;1
108686;1
108698;0
108704;0
108716;0
108722;0
108724;0
108726;1
108728;0
108730;1
108738;0
108752;0
108762;1
108764;1
108768;0
108776;1
108784;0
108788;0
108798;1
108800;0
108804;0
108806;0
108810;0
108832;0
108834;1
108836;0
108874;0
108878;0
108904;0
108920;0
108946;0
108950;0
108952;0
108968;0
108972;0
108978;0
108984;0
108986;0
108998;1
109008;0
109010;0
109014;0
109020;1
109022;1
109032;0
109036;1
109040;0
109042;1
109062;0
109076;1
109080;1
109096;0
109108;0
109114;0
109132;1
109144;0
109156;1
109160;1
109176;1
109180;0
109190;0
109204;0
109210;1
109224;1
109226;1
109228;0
109258;0
109260;1
109272;1
109274;1
109276;1
109280;1
109286;0
109302;0
109306;0
109314;0
109346;1
109348;0
109362;1
109374;1
109382;0
109388;0
109400;0
109406;0
109432;0
109452;1
109468;1
109476;0
109504;1
109514;0
109516;1
109518;0
109528;0
109534;1
109540;0
109550;1
109556;0
109566;0
109576;1
109580;0
109590;1
109600;0
109602;0
109612;1
109626;0
109634;1
109652;1
109654;0
109666;1
109668;0
109688;1
109716;0
109724;0
109740;0
109750;0
109770;0
109846;0
109858;1
109862;1
109876;0
110020;1
110036;0
110072;1
110188;1
110236;0
110238;0
110284;0
110296;0
110418;0
110468;1
110500;0
110612;0
110624;0
110662;1
110696;1
110708;0
110754;0
110884;0
110970;0
111002;0
111004;0
111022;0
111108;0
111218;0
111240;0
112166;1
112624;1
113222;0
113232;1
113266;1
113282;1
113294;1
113296;0
113300;1
113302;0
113310;1
113316;0
113324;0
113342;0
113346;0
113352;1
113356;0
113380;0
113392;0
113396;1
113414;0
113440;0
113444;0
113446;0
113456;1
113504;1
113528;0
113542;1
113544;1
113546;0
113552;1
113592;0
113594;0
113596;0
113626;0
113630;0
113658;1
113672;1
113684;0
113706;1
113720;0
113736;0
113752;0
113754;1
113786;0
113804;1
113814;1
113842;1
113848;0
113862;1
113870;1
113878;1
113882;1
113884;0
113888;0
113902;0
113916;0
113982;1
113984;1
114012;0
114014;1
114028;1
114032;1
114066;0
114070;0
114078;0
114082;1
114088;0
114096;0
114116;1
114124;0
114128;1
114132;0
114150;0
114156;0
114186;0
114210;0
114214;0
114220;0
114242;0
114248;0
114250;0
114252;0
114254;0
114258;0
114262;1
114268;0
114270;1
114280;1
114282;0
114294;0
114298;0
114304;0
114330;0
114332;1
114342;1
114362;0
114378;1
114394;0
114422;1
114428;1
114434;1
114444;0
114458;1
114476;0
114478;1
114484;0
114492;1
114506;0
114508;0
114510;0
114514;0
114526;1
114530;0
114532;1
114536;0
114546;0
114554;0
114556;1
114564;0
114592;0
114610;0
114628;0
114630;0
114640;0
114642;0
114644;1
114648;1
114674;1
114682;0
114686;0
114700;1
114706;0
114762;0
114766;0
114770;0
114774;1
114810;0
114812;1
114820;1
114832;0
114838;0
114840;0
114856;1
114864;1
114876;0
114898;0
114912;1
114916;1
114920;0
114950;1
114952;1
114956;0
114958;0
114974;0
114984;1
114998;1
115016;0
115022;0
115032;0
115044;0
115062;0
115116;1
115118;0
115122;0
115124;1
115130;0
115132;1
115136;1
115156;0
115174;0
115182;0
115190;1
115196;0
115206;0
115210;0
115218;0
115226;0
115258;0
115272;0
115294;0
115302;0
115308;0
115340;1
115344;1
115350;1
115366;1
115370;0
115394;1
115396;1
115422;0
115438;1
115448;0
115462;1
115484;1
115488;1
115494;1
115506;1
115512;0
115514;0
115526;0
115532;0
115540;1
115548;0
115550;0
115552;0
115562;0
115570;0
115582;0
115590;1
115594;0
115596;1
115602;0
115632;0
115636;1
115662;1
115668;1
115700;1
115702;0
115748;0
115754;0
115758;0
115762;0
115788;1
115808;0
115814;0
115842;0
115866;0
115868;0
115872;0
115878;1
115892;1
115906;0
115918;0
115926;1
115946;0
115958;0
115960;0
115990;0
115998;0
116024;1
116032;1
116042;0
116044;1
116046;0
116066;0
116090;1
116116;0
116118;0
116120;0
116132;1
116144;0
116154;1
116176;1
116182;1
116200;1
116204;1
116214;0
116216;0
116238;1
116250;0
116266;0
116302;0
116306;0
116308;0
116324;0
116334;1
116338;1
116340;0
116362;0
116376;0
116388;0
116392;1
116422;0
116456;1
116458;1
116464;1
116470;1
116474;0
116490;0
116500;0
116520;0
116560;0
116568;1
116572;1
116580;1
116634;0
116636;1
116672;1
116676;0
116686;0
116688;0
116696;0
116698;0
116714;0
116720;1
116726;0
116732;0
116760;0
116776;0
116778;1
116792;1
116794;0
116808;0
116824;1
116830;0
116836;0
116846;0
116856;0
116870;1
116890;0
116898;0
116908;0
116920;0
116960;0
116982;1
116992;1
117010;1
117028;1
117040;0
117070;0
117102;0
117120;1
117132;1
117134;0
117136;0
117152;1
117156;0
117176;0
117184;0
117226;0
117228;0
117236;1
117244;1
117248;1
117258;0
117272;1
117288;0
117304;1
117314;0
117322;0
117344;1
117364;0
117376;1
117380;0
117382;1
117386;1
117418;1
117430;1
117442;0
117470;1
117478;1
117482;1
117484;0
117498;0
117524;1
117532;1
117540;0
117560;0
117562;1
117584;0
117618;1
117622;0
117626;0
117628;1
117632;0
117638;0
117646;0
117654;0
117658;0
117664;1
117668;0
117670;1
117690;0
117700;0
117722;0
117724;0
117764;1
117778;0
117782;1
117788;0
117820;0
117834;1
117838;1
117862;1
117864;0
117882;0
117892;0
117896;0
117898;0
117902;1
117906;1
117916;0
117924;0
117932;1
117990;0
117998;1
118000;1
118008;0
118012;0
118018;0
118028;0
118064;0
118070;0
118074;0
118076;1
118078;1
118092;0
118096;0
118098;0
118116;1
118132;0
118136;1
118138;0
118148;1
118164;1
118196;0
118198;1
118210;0
118216;0
118238;0
118244;0
118256;0
118266;0
118280;1
118286;1
118288;1
118292;0
118296;1
118314;0
118326;1
118330;1
118332;0
118340;0
118384;0
118386;0
118412;0
118436;0
118440;0
118448;1
118464;1
118472;1
119392;0
119400;0
119408;0
119428;1
119436;1
119440;0
119444;0
119462;1
119470;0
119502;1
119538;0
119794;1
119978;1
120020;1
120640;0
120770;0
120772;1
120774;1
121050;0
121060;0
121066;1
121070;1
121072;1
121128;0
121132;0
121134;1
121152;0
121692;0
121698;1
121720;1
121734;1
121736;0
121742;0
121744;0
121870;0
122144;0
122238;1
122268;1
122564;1
123026;0
123054;1
123060;0
123140;0
123192;0
123196;0
123712;0
123716;1
124134;0
124146;1
124156;0
124206;0
124212;1
124216;1
124218;0
124234;0
124238;0
124718;0
124752;1
124792;1
124818;1
124826;0
124990;0
125420;1
125630;0
125640;1
125688;1
125694;1
125696;0
125698;1
125710;0
125736;0
125738;0
125864;1
126016;0
126060;1
126062;0
126068;0
126110;0
126414;0
126426;0
126438;1
126604;1
126610;0
126716;1
126736;1
126774;1
126776;0
126796;0
126808;1
126818;0
127112;0
127120;1
127484;0
127512;0
127518;0
127624;0
127644;0
127658;0
127660;0
128126;1
128670;1
128672;0
128716;0
128720;0
128726;0
128740;0
128748;1
128750;1
128764;0
128790;0
128808;0
128814;0
128816;1
128830;0
128832;0
128840;0
128858;1
128860;0
128864;1
128878;0
128882;0
128886;0
128892;0
128896;0
128924;0
128936;1
128940;1
128944;1
129024;0
129032;0
129060;0
129072;0
129078;1
129098;0
129120;1
129126;0
129138;0
129156;1
129186;0
129208;0
129222;0
129224;0
129226;0
129246;0
129250;0
129276;1
129278;0
129298;0
129322;0
129324;0
129334;1
129342;0
129350;0
129358;0
129364;1
129374;0
129376;0
129378;1
129392;0
129408;0
129414;1
129428;0
129432;0
129444;1
129452;0
129454;1
129458;0
129464;0
129474;0
129490;1
129492;1
129496;0
129502;0
129518;0
129538;1
129564;0
129568;0
129570;0
129582;1
129592;0
129598;1
129606;1
129616;1
129636;1
129642;0
129646;0
129648;0
129664;0
129672;1
129676;1
129696;0
129708;0
129718;1
129726;1
129742;1
129744;1
129758;1
129762;1
129772;1
129782;1
129786;1
129800;0
129810;0
129814;1
129836;1
129838;0
129844;1
129854;0
129856;0
129868;0
129876;1
129888;0
129892;0
129894;0
129898;0
129900;0
129906;0
129908;0
129912;0
129932;0
129944;0
129952;0
129968;0
129986;0
129994;1
130002;0
130008;0
130010;0
130012;1
130036;0
130042;1
130056;0
130064;0
130066;0
130092;0
130096;0
130118;1
130138;0
130150;1
130156;1
130164;1
130170;0
130176;0
130186;1
130194;0
130198;0
130202;0
130206;1
130210;0
130214;0
130216;1
130242;0
130244;0
130248;0
130252;0
130270;0
130276;1
130280;0
130284;0
130290;0
130292;0
130294;1
130302;0
130312;1
130314;0
130344;0
130356;0
130358;0
130366;0
130376;0
130384;1
130424;0
130434;0
130450;1
130474;0
130478;1
130480;0
130510;0
130514;0
130534;1
130536;1
130554;0
130570;0
130602;0
130614;0
130616;1
130628;0
130630;0
130640;0
130648;0
130652;1
130656;1
130662;0
130666;0
130698;1
130718;1
130726;0
130734;1
130736;0
130744;1
130758;1
130774;0
130780;1
130782;1
130800;0
130808;0
130812;0
130822;0
130852;0
130860;1
130880;1
130890;0
130900;1
130912;1
130914;1
130926;0
130932;1
130938;0
130954;0
130960;1
130964;1
130966;1
130980;0
130986;0
130988;0
130998;0
131002;0
131004;1
131006;0
131020;0
131034;1
131042;0
131052;0
131054;0
131060;1
131076;1
131092;1
131108;0
131132;0
131138;0
131142;0
131146;1
131156;0
131158;1
131174;0
131178;0
131190;0
131202;1
131208;0
131212;0
131248;1
131260;0
131278;0
131282;1
131284;0
131290;1
131304;0
131334;0
131342;0
131376;1
131382;1
131388;0
131392;0
131398;1
131400;0
131426;0
131432;0
131440;1
131458;1
131462;0
131470;1
131474;1
131482;0
131492;0
131498;0
131502;0
131518;0
131520;0
131526;0
131530;0
131548;0
131564;1
131572;0
131588;1
131592;0
131600;0
131640;0
131648;0
131650;0
131664;0
131668;1
131670;1
131696;0
131704;0
131706;0
131714;0
131728;0
131744;1
131758;0
131760;0
131764;0
131770;0
131772;0
131780;0
131782;1
131794;0
131796;0
131806;1
131810;0
131830;1
131840;0
131844;0
131862;0
131864;0
131868;1
131874;1
131894;0
131904;0
131910;1
131940;0
131942;0
131948;1
131952;1
131962;1
131966;0
131980;0
131992;0
132008;0
132036;1
132038;1
132044;1
132050;0
132060;0
132068;0
132072;1
132076;0
132078;0
132082;0
132088;1
132100;1
132104;0
132106;0
132120;0
132124;0
132126;1
132134;0
132142;0
132148;0
132150;0
132156;0
132160;1
132162;1
132170;0
132182;0
132186;1
132194;1
132216;1
132228;0
132230;0
132242;1
132250;0
132268;0
132278;0
132286;1
132288;1
132296;1
132300;1
132310;0
132346;0
132348;0
132356;0
132362;1
132376;1
132382;1
132388;0
132398;0
132404;0
132408;0
132430;1
132432;1
132440;0
132454;0
132458;1
132482;1
132494;1
132498;1
132502;0
132510;0
132518;0
132524;0
132526;1
132570;0
132574;1
132580;0
132588;1
132610;0
132630;0
132632;0
132634;1
132636;1
132640;0
132644;1
132650;1
132652;1
132654;0
132662;1
132696;0
132698;0
132700;1
132704;1
132708;0
132718;0
132738;0
132740;0
132750;0
132754;1
132756;0
132764;1
132766;0
132768;0
132796;0
132812;1
132814;1
132822;0
132828;1
132842;1
132882;0
132906;1
132908;0
132912;1
132914;1
132928;0
132942;1
132950;0
132982;0
132986;1
132988;0
133012;1
133064;1
133072;0
133074;1
133076;0
133082;0
133084;1
133086;0
133096;0
133100;1
133102;1
133106;1
133150;0
133198;1
133200;0
133228;1
133234;0
133236;1
133240;1
133288;0
133292;0
133294;0
133324;0
133342;0
133348;0
133368;0
133380;0
133394;1
133406;1
133408;1
133412;1
133416;0
133420;0
133424;1
133426;0
133436;0
133466;0
133496;0
133512;0
133520;0
133552;0
133564;0
133570;0
133588;1
133604;0
133608;0
133628;1
133632;0
133634;0
133638;1
133642;0
133668;1
133670;0
133672;0
133708;1
133712;0
133716;0
133742;0
133748;0
133766;1
133772;1
133782;0
133804;0
133818;1
133822;0
133828;0
133832;1
133838;0
133844;0
133848;0
133850;0
133852;1
133854;0
133872;1
133878;0
133882;0
133884;0
133890;0
133930;0
133936;0
133940;0
133950;1
133960;0
133990;0
133994;0
134008;0
134016;0
134064;1
134084;1
134088;0
134090;1
134094;1
134102;0
134104;0
134106;0
134118;0
134122;0
134128;1
134130;0
134132;0
134136;1
134138;0
134150;0
134160;0
134190;0
134194;1
134212;1
134240;0
134248;1
134254;0
134256;1
134260;0
134266;0
134290;0
134340;1
134346;0
134358;1
134372;1
134374;0
134380;0
134394;1
134396;0
134432;0
134440;0
134462;1
134464;1
134468;0
134478;1
134484;0
134498;0
134506;1
134512;0
134522;0
134540;1
134550;0
134552;1
134562;0
134594;0
134604;0
134614;1
134642;1
134644;0
134652;1
134662;0
134664;0
134718;0
134724;0
134742;0
134748;0
134752;0
134764;0
134768;0
134770;0
134774;0
134778;1
134780;1
134784;1
134786;0
134806;1
134814;1
134826;1
134844;0
134850;0
134854;1
134876;1
134886;1
134888;0
134890;0
134912;0
134914;1
134922;1
134926;1
134930;0
134946;0
134950;0
134954;0
134956;1
134962;1
135004;0
135006;0
135008;0
135012;0
135024;1
135028;0
135046;1
135064;0
135066;0
135068;1
135072;0
135094;1
135098;0
135100;0
135102;0
135114;0
135136;0
135146;1
135192;1
135198;0
135212;1
135228;1
135232;1
135244;0
135248;1
135262;0
135268;0
135280;1
135286;0
135316;0
135324;0
135326;1
135336;1
135346;1
135358;0
135362;0
135370;1
135386;0
135394;0
135400;1
135414;1
135418;0
135422;0
135428;1
135440;0
135460;0
135464;0
135498;1
135500;0
135504;1
135516;0
135530;1
135584;0
135610;0
135612;0
135614;0
135662;0
135666;1
135670;1
135676;0
135684;1
135730;0
135732;1
135734;0
135744;1
135764;1
135772;1
135778;0
135786;0
135808;0
135816;1
135818;0
135828;1
135860;0
135862;1
135870;0
135872;0
135878;0
135882;1
135924;0
135930;1
135934;1
135942;1
135944;0
135990;0
136038;1
136042;0
136056;1
136062;0
136080;0
136090;0
136100;1
136104;0
136118;0
136130;1
136150;0
136154;0
136158;0
136168;1
136176;0
136188;1
136196;0
136204;0
136214;0
136224;0
136252;0
136264;1
136270;1
136286;0
136290;0
136304;0
136308;0
136328;0
136334;1
136340;1
136342;0
136356;0
136358;0
136366;0
136378;0
136386;1
136390;1
136396;1
136402;0
136408;1
136414;0
136476;0
136486;1
136492;1
136520;1
136522;0
136528;0
136538;1
136566;0
136576;0
136630;0
136632;0
136634;0
136638;0
136666;1
136722;1
136730;0
136732;0
136748;0
136752;0
136768;1
136772;0
136780;0
136784;0
136786;0
136788;0
136794;0
136806;0
136814;0
136830;1
136848;1
136862;1
136864;0
136870;1
136878;0
136882;0
136884;0
136894;0
136910;1
136924;0
136930;1
136948;1
136956;1
136958;0
136966;1
136982;1
136986;0
136992;0
136994;1
137012;0
137022;0
137024;0
137030;0
137032;1
137036;0
137042;1
137050;0
137060;1
137062;1
137092;0
137114;0
137118;1
137124;0
137128;1
137130;0
137138;0
137150;0
137168;0
137188;0
137196;1
137202;0
137206;1
137212;0
137240;0
137258;0
137260;0
137270;0
137292;0
137294;1
137296;1
137306;0
137308;0
137316;0
137332;0
137338;1
137346;0
137354;0
137368;0
137370;0
137372;0
137386;0
137426;0
137432;0
137482;0
137484;1
137486;0
137506;1
137508;0
137532;0
137560;0
137566;0
137568;0
137574;1
137586;0
137592;0
137600;1
137602;0
137606;0
137610;0
137612;1
137644;1
137654;1
137656;0
137668;1
137674;1
137720;1
137750;0
137760;1
137770;0
137782;1
137792;1
137806;1
137816;1
137818;0
137822;0
137828;0
137860;0
137866;0
137868;0
137872;0
137886;1
137890;0
137906;1
137934;0
137936;0
137942;1
137984;0
138000;0
138002;1
138012;0
138020;0
138022;0
138030;0
138044;1
138084;0
138086;0
138104;0
138106;0
138110;0
138122;1
138126;1
138128;0
138154;0
138160;1
138170;1
138180;0
138190;1
138198;0
138208;0
138224;0
138230;1
138252;0
138268;0
138272;0
138300;0
138302;0
138308;0
138318;0
138330;1
138364;0
138370;0
138380;1
138382;0
138394;0
138396;0
138404;1
138414;0
138416;0
138426;0
138430;1
138442;0
138450;0
138462;0
138510;0
138536;1
138538;1
138546;0
138572;1
138580;1
138602;1
138610;1
138612;1
138630;0
138636;0
138638;0
138656;0
138660;0
138662;1
138672;0
138680;0
138690;1
138692;1
138710;1
138724;0
138726;0
138730;1
138732;0
138734;0
138742;0
138772;1
138774;0
138778;0
138802;0
138806;0
138808;0
138810;1
138816;0
138818;1
138840;1
138882;0
138886;1
138892;0
138908;0
138910;0
138922;0
138924;1
138930;1
138932;0
138944;0
138948;0
138952;1
138958;0
138976;1
138986;0
139008;1
139018;0
139044;0
139112;0
139120;1
139126;0
139128;1
139132;0
139142;1
139172;0
139188;1
139194;0
139204;1
139220;0
139230;0
139240;0
139246;0
139282;1
139290;0
139292;0
139310;0
139316;0
139320;0
139324;0
139358;0
139378;0
139380;1
139388;0
139390;1
139436;0
139458;0
139478;0
139486;1
139490;1
139492;0
139504;0
139526;0
139532;1
139538;1
139542;0
139548;1
139552;0
139554;1
139560;0
139586;1
139598;1
139602;1
139604;1
139638;1
139640;0
139658;0
139664;0
139666;1
139668;0
139686;1
139708;0
139714;0
139716;1
139728;0
139740;0
139754;0
139756;0
139758;1
139760;0
139762;1
139780;0
139784;0
139786;0
139794;0
139802;0
139812;0
139818;0
139840;0
139862;1
139866;1
139870;0
139878;0
139884;1
139894;0
139926;0
139932;1
139938;0
139940;1
139942;1
139956;0
139972;0
139976;0
139978;0
139992;0
140002;0
140006;1
140008;1
140014;1
140016;0
140020;1
140022;0
140026;0
140036;0
140048;0
140060;0
140078;0
140112;1
140118;0
140126;1
140182;0
140188;0
140192;1
140198;0
140200;0
140212;1
140218;0
140220;1
140232;0
140274;1
140276;0
140286;1
140308;1
140322;1
140364;1
140380;1
140384;1
140386;0
140388;0
140396;0
140406;0
140414;1
140424;1
140430;0
140436;0
140448;0
140450;1
140470;0
140472;0
140474;1
140480;0
140486;0
140490;0
140494;0
140498;0
140500;1
140506;1
140510;0
140516;0
140532;0
140536;1
140556;1
140560;1
140562;1
140574;1
140590;1
140594;1
140602;1
140610;0
140654;1
140664;1
140682;0
140684;0
140720;0
140754;1
140762;0
140766;1
140772;1
140776;1
140808;0
140810;1
140814;1
140822;1
140830;1
140832;0
140836;0
140838;1
140844;1
140852;1
140868;0
140880;0
140882;1
140886;0
140892;0
140900;0
140902;0
140904;1
140906;1
140908;0
140912;1
140914;1
140916;0
140922;0
140942;0
140946;0
140950;0
140962;0
140966;0
140992;0
141000;1
141004;0
141024;0
141028;0
141050;1
141062;0
141066;0
141074;0
141076;1
141078;1
141096;1
141110;0
141116;0
141124;0
141128;1
141136;1
141140;0
141146;1
141158;0
141166;0
141176;0
141182;1
141210;0
141224;1
141242;0
141256;0
141268;1
141274;1
141290;1
141308;1
141310;0
141318;1
141346;0
141352;1
141366;0
141370;1
141392;0
141396;0
141402;0
141446;0
141454;1
141482;1
141498;1
141500;0
141506;0
141518;0
141526;0
141528;1
141532;0
141546;0
141586;0
141614;0
141618;0
141696;0
141700;1
141702;0
141706;1
141730;0
141740;0
141748;1
141758;0
141782;1
141818;0
141832;1
141836;0
141862;0
141872;0
141886;0
141904;1
141916;0
141918;1
141922;0
141938;1
141952;1
141954;0
141958;0
141966;0
141972;0
141974;0
141996;0
142010;0
142012;0
142034;1
142050;0
142054;0
142056;0
142070;1
142076;0
142078;1
142096;0
142106;0
142120;0
142142;0
142148;1
142158;1
142172;0
142180;0
142184;0
142192;0
142198;0
142202;1
142208;0
142210;0
142212;0
142216;1
142220;0
142222;1
142238;0
142246;1
142260;1
142262;0
142266;1
142288;0
142304;0
142320;1
142326;1
142338;0
142352;1
142360;0
142362;0
142390;0
142396;1
142428;1
142430;0
142432;1
142454;0
142460;0
142466;0
142478;0
142490;0
142492;0
142508;0
142514;0
142532;1
142546;1
142548;1
142558;1
142570;0
142590;1
142614;0
142624;0
142636;0
142640;1
142648;1
142652;1
142662;1
142670;0
142698;0
142700;1
142714;1
142718;0
142724;1
142742;1
142752;0
142760;1
142772;0
142776;1
142778;0
142780;0
142798;0
142800;1
142806;1
142828;0
142832;0
142844;1
142848;0
142860;0
142882;0
142884;0
142890;0
142924;0
142934;0
142940;1
142942;1
142962;0
142966;0
142976;0
142990;1
142994;0
143004;0
143016;0
143018;0
143030;0
143062;1
143084;1
143086;0
143096;0
143120;0
143126;0
143130;0
143132;0
143134;0
143150;0
143180;0
143184;1
143208;0
143210;0
143220;1
143230;0
143232;0
143240;0
143242;0
143248;1
143260;0
143264;1
143270;0
143284;0
143286;0
143296;1
143308;0
143320;0
143324;0
143338;0
143340;0
143348;0
143362;1
143364;0
143370;0
143378;0
143382;0
143404;1
143410;0
143412;0
143414;0
143422;1
143430;1
143438;1
143464;0
143488;1
143500;0
143516;0
143518;0
143528;0
143544;1
143562;0
143570;1
143576;0
143588;0
143590;1
143596;0
143608;0
143626;0
143630;0
143644;1
143648;1
143650;0
143652;0
143654;1
143656;0
143674;0
143684;0
143694;0
143712;1
143720;1
143738;1
143748;1
143752;1
143756;0
143770;0
143782;0
143794;0
143798;0
143800;0
143806;1
143808;0
143812;1
143820;0
143832;1
143836;0
143846;0
143850;1
143860;0
143872;0
143876;1
143878;0
143900;1
143906;0
143908;1
143920;1
143924;0
143930;1
143942;1
143946;1
143952;1
143958;0
143970;1
143980;0
144000;0
144010;1
144018;1
144026;0
144062;0
144070;0
144076;1
144114;0
144124;1
144128;0
144140;1
144144;1
144160;0
144184;0
144194;0
144196;1
144202;1
144224;0
144228;0
144230;0
144248;1
144252;1
144260;0
144266;1
144268;0
144272;0
144282;1
144288;0
144318;0
144326;0
144336;0
144350;1
144360;1
144368;0
144370;0
144412;0
144428;0
144432;0
144450;0
144458;0
144464;0
144480;0
144488;0
144512;1
144516;1
144522;0
144532;0
144536;1
144550;0
144572;1
144590;0
144616;0
144626;0
144630;0
144638;1
144646;1
144654;1
144676;0
144680;1
144696;0
144700;1
144702;0
144718;0
144728;1
144758;1
144760;0
144772;0
144782;0
144792;0
144804;0
144812;0
144838;0
144870;0
144880;0
144890;0
144898;1
144920;0
144940;1
144946;0
144962;0
144978;1
144982;0
144988;0
145002;0
145026;0
145036;0
145040;1
145044;0
145050;0
145052;0
145062;0
145076;1
145078;0
145082;0
145096;0
145110;0
145124;1
145126;0
145130;0
145132;0
145136;0
145138;0
145140;1
145148;0
145152;0
145184;0
145188;1
145200;0
145206;0
145212;1
145216;0
145224;0
145238;0
145244;0
145248;1
145258;1
145262;0
145264;0
145266;0
145274;1
145278;0
145282;1
145286;1
145288;1
145300;1
145310;0
145316;1
145330;0
145348;0
145350;0
145368;0
145370;0
145392;1
145396;1
145400;0
145406;0
145412;1
145414;0
145416;0
145426;0
145428;0
145446;0
145450;0
145458;0
145472;0
145514;0
145534;0
145546;0
145598;0
145602;1
145604;0
145606;0
145612;0
145614;0
145632;1
145634;0
145636;0
145644;0
145658;1
145664;0
145668;0
145672;1
145698;0
145706;0
145710;0
145716;1
145724;1
145728;0
145748;0
145768;1
145770;1
145778;0
145788;1
145792;0
145794;0
145802;0
145814;0
145816;0
145836;1
145840;1
145846;1
145862;0
145880;1
145896;0
145904;0
145906;0
145914;0
145926;0
145938;0
145946;0
145954;1
145956;0
145962;0
145968;0
145980;1
145986;0
145996;0
146002;1
146006;0
146008;0
146024;0
146032;0
146052;0
146060;0
146066;0
146072;0
146078;0
146110;1
146122;1
146156;0
146164;0
146168;1
146170;0
146182;1
146186;0
146200;1
146212;0
146218;1
146234;0
146244;0
146250;0
146254;1
146256;0
146264;1
146272;0
146294;1
146296;0
146308;0
146326;0
146342;1
146344;1
146350;0
146352;0
146354;0
146356;1
146358;0
146374;1
146390;0
146392;1
146396;0
146398;0
146404;1
146406;1
146408;1
146410;0
146418;0
146428;1
146446;0
146448;1
146454;1
146458;1
146460;1
146462;0
146470;0
146478;0
146508;1
146510;0
146512;0
146520;1
146532;0
146538;0
146552;1
146572;0
146578;0
146588;1
146592;1
146624;0
146630;1
146642;0
146644;1
146668;1
146672;1
146676;0
146680;0
146682;0
146684;1
146688;1
146692;1
146696;0
146710;1
146726;1
146740;0
146742;0
146746;1
146750;1
146758;0
146760;0
146776;1
146792;0
146806;0
146808;1
146816;0
146820;0
146826;1
146828;0
146852;0
146854;0
146862;0
146868;1
146884;1
146894;0
146902;0
146922;0
146934;0
146970;1
146974;0
146976;0
146980;0
147000;1
147004;1
147008;1
147028;1
147032;1
147040;1
147046;0
147060;1
147072;0
147078;0
147082;0
147090;1
147094;1
147102;0
147112;0
147114;0
147116;0
147120;0
147128;0
147130;1
147134;1
147136;0
147138;1
147140;0
147142;1
147160;0
147172;0
147176;1
147198;0
147204;0
147214;0
147220;0
147222;0
147230;0
147246;1
147248;0
147280;0
147282;0
147288;1
147294;0
147298;0
147308;0
147310;1
147314;0
147318;0
147324;0
147330;0
147338;0
147340;0
147378;0
147390;0
147402;0
147404;0
147408;1
147412;0
147426;1
147428;1
147432;0
147462;1
147464;1
147466;0
147470;0
147474;0
147476;0
147480;1
147488;0
147500;0
147520;0
147522;0
147530;0
147542;0
147574;1
147600;1
147626;1
147634;1
147644;0
147676;0
147684;0
147690;0
147700;0
147708;0
147718;0
147756;0
147758;1
147776;0
147798;1
147820;0
147828;0
147830;1
147834;1
147852;0
147870;1
147876;1
147882;1
147894;0
147904;0
147918;0
147942;1
147950;1
147952;0
147966;0
147984;1
147992;0
147994;1
147998;0
148000;1
148006;1
148018;0
148036;0
148038;0
148042;0
148044;1
148054;0
148056;0
148060;0
148066;0
148094;0
148096;1
148102;0
148104;0
148146;0
148148;0
148152;0
148158;1
148160;0
148190;0
148196;0
148208;1
148216;0
148222;1
148238;0
148252;1
148258;0
148260;0
148280;0
148286;1
148294;0
148298;0
148320;0
148358;1
148364;1
148376;1
148384;0
148388;1
148392;1
148400;0
148414;1
148416;0
148420;1
148450;1
148474;0
148482;1
148494;1
148496;0
148498;0
148514;0
148520;1
148526;0
148528;0
148530;0
148532;1
148534;0
148540;0
148544;0
148556;0
148566;0
148570;0
148580;0
148602;1
148606;0
148614;0
148622;0
148634;1
148638;0
148640;1
148650;0
148660;0
148664;0
148672;0
148692;0
148696;1
148700;0
148702;0
148706;1
148718;1
148730;0
148738;1
148740;1
148742;0
148746;0
148768;1
148770;0
148774;0
148790;0
148792;0
148794;0
148798;1
148800;1
148804;0
148816;0
148822;0
148830;0
148832;1
148838;0
148840;0
148856;0
148860;0
148866;0
148870;0
148882;0
148888;0
148900;1
148922;0
148934;1
148936;0
148956;0
148980;0
148986;0
148990;0
149002;0
149006;0
149020;0
149026;0
149030;0
149042;1
149044;1
149046;0
149060;1
149068;1
149070;0
149086;1
149090;1
149114;0
149120;0
149126;0
149132;0
149172;1
149186;0
149206;0
149210;1
149212;1
149220;1
149226;1
149228;0
149236;1
149272;0
149298;1
149310;0
149312;0
149322;0
149324;1
149330;1
149338;0
149388;0
149390;0
149414;0
149416;1
149422;0
149438;1
149442;1
149446;0
149448;0
149464;0
149470;1
149480;1
149484;1
149500;1
149502;1
149512;0
149518;0
149526;1
149562;0
149564;1
149570;1
149580;1
149586;0
149592;1
149596;0
149602;0
149606;1
149626;0
149628;1
149654;0
149664;0
149666;0
149674;0
149688;1
149692;0
149700;0
149710;0
149720;0
149728;0
149750;0
149774;0
149784;1
149786;0
149796;1
149804;1
149828;0
149834;0
149838;0
149842;0
149848;1
149866;0
149896;1
149904;0
149912;1
149918;1
149932;0
149934;0
149940;0
149958;0
149960;0
149966;0
149968;0
149974;1
149976;0
149986;1
149988;1
150000;0
150010;1
150014;0
150036;0
150056;1
150068;0
150072;1
150080;1
150088;1
150092;0
150102;1
150104;1
150110;0
150112;0
150120;0
150132;1
150136;0
150140;0
150152;0
150166;1
150176;0
150198;1
150200;0
150204;1
150212;0
150216;0
150228;0
150252;0
150260;1
150262;0
150272;0
150276;1
150278;1
150286;1
150310;0
150322;0
150324;0
150330;0
150348;0
150350;1
150352;1
150364;0
150420;0
150440;0
150444;0
150452;1
150456;0
150460;0
150468;1
150496;0
150504;1
150506;0
150516;0
150522;1
150550;0
150562;0
150574;0
150582;1
150606;0
150628;1
150632;0
150638;0
150642;0
150650;0
150652;0
150668;0
150674;1
150678;0
150692;0
150696;0
150712;0
150714;0
150730;0
150746;0
150754;1
150768;1
150782;0
150788;0
150790;1
150798;1
150804;1
150816;1
150852;0
150854;0
150858;0
150864;0
150870;1
150872;0
150874;0
150886;0
150896;0
150908;1
150922;1
150936;0
150938;0
150944;0
150948;1
150974;0
150992;1
150994;1
150996;0
151002;0
151038;1
151044;0
151048;1
151050;1
151058;0
151062;0
151076;0
151078;0
151084;0
151094;1
151098;0
151102;0
151126;1
151130;0
151152;0
151164;0
151170;0
151174;0
151204;0
151206;0
151218;0
151222;0
151230;0
151242;1
151246;0
151248;0
151254;1
151260;0
151302;0
151318;0
151322;1
151334;0
151336;0
151338;0
151348;1
151350;0
151356;0
151364;0
151370;0
151388;0
151392;0
151404;0
151410;1
151412;0
151428;0
151434;0
151466;1
151468;0
151474;0
151496;1
151498;0
151502;0
151504;0
151510;1
151518;0
151526;0
151544;0
151566;0
151572;1
151574;0
151580;0
151600;0
151608;0
151618;0
151626;0
151634;1
151664;0
151678;0
151682;0
151710;0
151712;1
151724;0
151726;1
151734;0
151754;1
151762;0
151764;0
151766;1
151792;0
151794;0
151798;0
151806;0
151808;0
151832;1
151846;0
151848;0
151868;0
151870;0
151888;0
151896;0
151898;1
151902;1
151916;0
151940;1
151942;1
151944;0
151950;1
151980;0
151990;1
152004;1
152020;0
152022;0
152030;1
152054;1
152070;1
152094;0
152110;0
152126;0
152134;0
152148;0
152160;0
152164;0
152210;1
152216;0
152232;0
152256;0
152264;0
152276;0
152282;1
152284;0
152292;0
152294;0
152306;0
152318;1
152330;1
152352;0
152356;0
152360;1
152362;0
152368;1
152374;1
152380;1
152382;0
152396;0
152420;1
152462;0
152472;0
152476;0
152488;0
152508;0
152516;0
152526;0
152554;0
152564;0
152590;0
152598;1
152602;0
152616;0
152636;0
152654;0
152656;1
152666;1
152672;0
152674;0
152680;0
152682;0
152684;0
152686;1
152690;0
152716;1
152718;0
152736;0
152738;0
152744;0
152750;1
152754;1
152760;1
152762;0
152766;1
152770;0
152776;0
152778;0
152784;0
152810;0
152828;0
152832;0
152858;0
152860;1
152864;1
152876;0
152878;0
152882;0
152884;0
152890;1
152892;0
152896;0
152900;1
152906;0
152916;0
152924;0
152928;1
152932;1
152942;1
152970;1
152974;0
152982;1
152998;0
153000;1
153012;0
153014;1
153038;0
153048;1
153052;1
153054;1
153064;0
153068;1
153072;1
153074;1
153084;0
153102;0
153104;0
153116;1
153126;1
153134;0
153136;1
153154;0
153156;1
153164;0
153178;1
153180;1
153192;1
153194;0
153202;0
153212;0
153214;0
153226;0
153232;0
153234;1
153236;0
153242;0
153250;0
153298;0
153306;0
153310;0
153318;1
153330;1
153332;1
153340;0
153354;0
153360;1
153374;0
153376;0
153378;0
153388;0
153390;0
153394;0
153400;0
153404;0
153406;1
153418;1
153428;0
153430;1
153444;0
153448;0
153462;1
153474;1
153506;1
153508;0
153522;0
153532;0
153542;0
153560;0
153562;1
153568;1
153586;1
153594;0
153596;1
153602;0
153606;1
153610;0
153618;0
153622;0
153624;0
153628;1
153630;0
153646;1
153648;1
153654;0
153662;0
153668;0
153690;0
153712;0
153716;0
153730;0
153736;0
153740;1
153750;1
153766;0
153772;1
153776;0
153784;1
153786;1
153792;0
153814;0
153818;0
153824;1
153856;0
153860;1
153862;1
153874;1
153882;1
153894;1
153904;0
153914;1
153922;0
153928;0
153932;0
153958;1
153964;0
153966;0
153972;1
153984;0
153986;0
153988;1
153992;0
154002;0
154010;1
154044;0
154078;0
154086;0
154094;0
154100;1
154102;1
154110;0
154120;0
154132;0
154148;0
154156;0
154188;1
154234;0
154236;1
154240;1
154244;1
154272;0
154278;1
154280;1
154282;1
154286;0
154290;0
154296;0
154298;1
154328;0
154338;1
154364;0
154366;1
154380;1
154384;0
154394;0
154396;0
154400;0
154416;1
154420;0
154426;1
154430;0
154446;0
154468;0
154484;1
154494;1
154510;0
154522;0
154524;1
154560;1
154564;0
154596;1
154618;0
154630;0
154644;1
154674;1
154676;0
154678;0
154680;0
154682;0
154686;1
154688;0
154690;0
154712;0
154752;1
154758;0
154772;0
154774;0
154778;0
154790;0
154792;0
154818;0
154820;0
154844;0
154846;0
154856;0
154890;0
154896;1
154898;1
154920;0
154942;1
154948;0
154954;0
154968;0
154980;1
154992;0
154994;0
154998;0
155002;0
155004;0
155006;0
155028;0
155040;1
155044;1
155060;0
155062;1
155078;0
155092;0
155102;1
155106;0
155152;0
155154;1
155160;0
155164;1
155180;1
155182;0
155230;0
155242;1
155252;0
155264;1
155290;1
155332;1
155338;0
155354;1
155356;0
155366;0
155378;1
155384;1
155388;0
155400;1
155446;1
155448;0
155454;1
155464;0
155482;0
155484;1
155486;1
155508;1
155532;1
155536;1
155538;0
155546;0
155560;1
155566;0
155568;1
155570;1
155580;0
155586;0
155602;1
155618;1
155638;0
155648;0
155670;0
155676;0
155680;1
155682;0
155686;0
155702;0
155704;0
155708;0
155722;0
155726;0
155728;0
155746;0
155750;0
155758;1
155774;0
155786;1
155790;1
155796;1
155798;1
155810;0
155866;0
155884;0
155902;1
155908;1
155924;1
155926;1
155936;1
155966;0
155980;0
155986;1
155988;0
155990;0
156004;1
156030;0
156032;0
156046;0
156080;0
156094;0
156096;1
156106;1
156146;0
156148;0
156160;0
156162;0
156166;0
156176;0
156198;0
156200;0
156234;0
156238;0
156248;1
156258;0
156260;0
156262;0
156266;0
156268;1
156282;0
156286;0
156288;1
156292;1
156300;0
156314;0
156320;0
156324;0
156340;1
156366;0
156372;0
156378;1
156402;0
156404;0
156410;0
156420;0
156430;0
156434;0
156438;0
156462;1
156466;0
156468;0
156478;0
156490;1
156498;1
156508;1
156510;0
156514;0
156524;0
156526;0
156536;1
156566;0
156586;0
156610;0
156620;1
156656;1
156658;0
156660;1
156678;0
156684;1
156686;0
156698;1
156706;0
156714;0
156720;0
156722;0
156728;0
156734;1
156742;1
156764;1
156780;0
156784;0
156786;1
156792;0
156794;1
156802;0
156804;1
156806;1
156812;0
156816;0
156830;0
156834;0
156864;0
156870;0
156876;1
156892;1
156894;0
156914;1
156916;0
156942;1
156948;0
156966;1
156986;1
156996;1
157002;0
157032;0
157038;1
157082;1
157086;1
157088;0
157090;1
157096;0
157098;0
157112;0
157118;0
157120;1
157142;0
157164;0
157166;1
157168;0
157174;1
157194;0
157208;0
157210;1
157230;1
157248;1
157256;1
157258;0
157266;1
157278;0
157282;1
157294;0
157296;0
157300;0
157314;0
157334;0
157360;1
157388;0
157390;0
157392;0
157406;0
157414;1
157446;1
157456;1
157460;0
157476;0
157480;1
157482;0
157486;1
157490;0
157502;1
157504;0
157524;0
157542;0
157556;1
157568;1
157576;0
157578;1
157586;0
157588;1
157596;0
157608;1
157614;1
157616;0
157622;0
157644;1
157648;0
157650;0
157660;1
157662;1
157668;1
157670;1
157682;1
157686;0
157696;0
157702;1
157736;0
157738;1
157742;0
157744;0
157748;0
157768;0
157792;1
157810;1
157816;0
157824;1
157826;1
157828;0
157848;0
157850;0
157866;0
157876;0
157884;1
157892;1
157920;1
157930;0
157932;0
157938;0
157942;1
157956;1
157962;0
157972;0
157978;0
157980;0
157982;0
157998;0
158000;1
158006;1
158014;1
158016;0
158028;0
158030;0
158056;1
158058;0
158072;0
158088;0
158090;1
158096;0
158116;1
158122;0
158130;0
158140;1
158144;0
158148;1
158150;1
158156;0
158180;1
158182;1
158200;1
158230;1
158232;1
158234;0
158250;1
158258;1
158266;0
158274;1
158280;1
158292;0
158296;0
158302;0
158318;0
158326;0
158358;0
158360;0
158376;1
158380;1
158394;1
158414;0
158434;0
158444;0
158454;0
158458;1
158476;0
158482;1
158488;1
158490;0
158494;0
158512;0
158520;0
158522;0
158528;1
158548;1
158570;0
158572;1
158578;1
158580;0
158594;0
158596;0
158604;0
158608;0
158614;1
158622;0
158640;1
158644;1
158648;0
158676;0
158690;0
158692;1
158694;0
158698;0
158708;0
158720;1
158724;0
158730;0
158752;0
158754;1
158760;0
158762;0
158772;0
158784;1
158788;1
158792;0
158798;0
158808;0
158810;0
158816;0
158820;0
158826;0
158828;1
158840;0
158858;0
158872;0
158882;1
158894;1
158902;0
158904;1
158914;0
158922;0
158926;0
158928;0
158932;0
158942;0
158944;1
158946;0
158948;1
158960;1
158962;0
158966;1
158970;1
158980;0
158992;1
159000;1
159002;1
159012;1
159018;1
159024;1
159036;0
159042;1
159068;1
159078;0
159084;0
159090;0
159100;0
159112;1
159114;0
159134;0
159154;1
159158;0
159172;0
159188;1
159202;0
159204;1
159208;0
159210;0
159214;0
159220;0
159224;0
159232;0
159236;1
159238;0
159246;0
159248;0
159256;1
159268;1
159276;1
159300;1
159322;1
159334;0
159336;0
159342;0
159352;0
159358;0
159374;0
159376;0
159398;1
159404;0
159408;0
159418;0
159426;0
159440;0
159446;0
159468;0
159474;1
159486;0
159492;1
159516;0
159518;1
159534;0
159536;0
159554;0
159570;1
159580;1
159594;0
159610;0
159622;0
159628;0
159632;0
159638;1
159642;0
159644;0
159650;0
159658;0
159662;0
159680;1
159682;0
159688;0
159690;1
159692;0
159696;1
159730;0
159732;0
159736;1
159744;0
159746;0
159754;0
159758;0
159768;1
159770;1
159786;1
159818;0
159848;1
159864;0
159896;1
159898;0
159940;1
159956;1
159968;0
159976;0
160022;0
160024;0
160032;0
160042;0
160046;0
160048;1
160058;1
160060;1
160084;1
160086;0
160094;0
160096;0
160108;1
160124;1
160154;1
160164;0
160176;0
160186;1
160202;1
160204;0
160206;1
160232;1
160236;0
160252;0
160258;0
160262;1
160266;1
160284;1
160288;0
160298;0
160302;1
160316;0
160334;0
160352;0
160374;1
160404;0
160412;0
160418;0
160440;1
160444;1
160470;0
160472;0
160478;0
160484;0
160488;0
160492;1
160494;0
160516;0
160518;0
160526;0
160534;0
160536;1
160554;0
160558;1
160576;0
160598;0
160608;1
160650;0
160656;0
160680;1
160684;1
160696;0
160698;0
160718;0
160720;0
160722;1
160724;0
160730;0
160740;1
160742;0
160752;0
160768;0
160786;0
160800;0
160804;1
160844;1
160846;0
160848;0
160858;1
160860;1
160862;1
160864;1
160874;1
160882;0
160892;1
160896;0
160902;0
160908;0
160920;0
160926;0
160938;0
160944;1
161004;1
161020;1
161028;1
161034;1
161036;0
161046;0
161058;1
161074;0
161078;0
161084;0
161100;1
161116;0
161132;0
161178;1
161194;1
161202;0
161220;0
161224;1
161230;0
161234;1
161236;0
161242;0
161250;0
161252;1
161300;0
161304;0
161310;0
161314;1
161354;0
161380;0
161384;0
161388;1
161398;1
161410;0
161416;0
161428;0
161450;1
161454;0
161460;0
161466;0
161482;0
161486;0
161490;0
161500;0
161510;1
161516;0
161520;0
161524;1
161564;0
161566;0
161572;1
161574;0
161578;1
161586;0
161604;1
161614;0
161652;1
161666;1
161698;0
161714;0
161722;1
161726;0
161734;0
161750;1
161754;1
161756;0
161770;0
161776;1
161780;1
161784;0
161788;0
161790;0
161812;1
161818;0
161830;1
161866;1
161892;1
161896;0
161900;0
161906;1
161910;0
161936;1
161956;0
161970;0
161992;1
162000;1
162002;0
162006;1
162008;1
162028;0
162034;0
162040;0
162046;0
162048;1
162050;0
162086;0
162092;0
162094;1
162134;1
162154;1
162162;0
162186;0
162194;0
162210;1
162228;1
162246;0
162264;0
162270;0
162278;0
162282;0
162300;0
162314;0
162318;1
162340;1
162342;0
162352;0
162360;1
162392;1
162424;1
162428;0
162430;0
162436;0
162462;0
162482;1
162508;0
162520;0
162524;0
162528;0
162556;0
162560;0
162576;1
162578;0
162582;1
162588;0
162590;0
162602;0
162604;1
162610;1
162614;1
162624;0
162634;1
162636;0
162646;0
162648;0
162666;1
162674;0
162692;0
162698;0
162716;0
162732;1
162756;1
162770;0
162772;1
162774;0
162776;0
162798;0
162810;0
162824;1
162844;0
162862;1
162866;1
162872;1
162888;1
162894;1
162904;0
162930;0
162970;1
162998;0
163008;0
163016;0
163058;0
163066;0
163076;0
163078;0
163092;0
163094;0
163114;0
163122;0
163128;0
163142;0
163146;0
163162;0
163170;1
163178;0
163190;0
163252;1
163254;0
163256;0
163268;1
163270;1
163284;0
163294;0
163304;0
163306;1
163318;0
163334;1
163338;0
163340;0
163344;0
163346;0
163356;1
163380;0
163384;0
163386;0
163398;0
163404;1
163418;1
163426;0
163444;0
163456;0
163506;0
163522;1
163528;1
163540;0
163546;0
163560;0
163562;0
163576;0
163578;0
163584;0
163588;0
163618;1
163626;0
163632;1
163636;0
163648;1
163662;0
163664;0
163696;0
163698;0
163704;0
163708;1
163728;0
163748;1
163756;0
163774;1
163792;1
163808;0
163812;0
163818;0
163822;1
163824;0
163828;0
163838;0
163848;0
163850;0
163858;1
163866;1
163882;0
163898;0
163904;1
163908;1
163926;1
163928;0
163942;0
163970;1
163980;0
163982;0
163990;0
163998;0
164004;0
164042;0
164050;1
164054;1
164072;0
164076;0
164086;0
164106;0
164118;1
164120;1
164124;0
164128;0
164132;1
164136;0
164150;0
164176;0
164180;1
164192;0
164210;1
164228;1
164242;1
164246;1
164248;0
164254;0
164274;1
164312;0
164324;0
164328;1
164332;0
164338;0
164346;1
164348;0
164350;0
164362;1
164370;1
164386;0
164390;0
164402;0
164420;0
164430;1
164432;1
164464;1
164470;0
164476;1
164478;1
164488;0
164492;0
164524;1
164532;0
164554;0
164558;0
164570;1
164572;0
164582;1
164586;0
164588;0
164594;0
164602;1
164604;0
164664;0
164676;0
164680;1
164688;0
164712;1
164716;1
164724;0
164750;1
164762;0
164776;0
164788;0
164790;0
164800;0
164808;1
164814;0
164856;0
164874;0
164876;0
164882;0
164904;0
164956;1
164958;0
164970;0
164980;0
164986;0
165000;1
165004;0
165012;0
165014;0
165052;0
165076;0
165104;0
165126;1
165132;0
165142;0
165148;0
165172;0
165182;1
165186;1
165200;0
165214;0
165218;1
165232;0
165238;0
165246;0
165260;0
165264;0
165270;0
165290;0
165338;0
165340;1
165350;0
165354;0
165358;1
165360;0
165366;1
165370;0
165376;0
165382;1
165390;0
165408;0
165450;1
165474;0
165504;0
165506;1
165510;0
165516;0
165518;1
165520;0
165530;0
165552;0
165554;1
165572;0
165574;0
165588;0
165608;1
165612;0
165620;1
165628;0
165632;0
165652;1
165674;0
165688;0
165692;0
165698;0
165704;0
165710;0
165722;0
165724;1
165732;0
165740;0
165742;0
165744;0
165750;0
165754;0
165766;0
165780;0
165784;0
165794;1
165806;0
165812;0
165816;0
165826;1
165842;1
165852;1
165864;1
165868;1
165876;1
165892;0
165894;0
165900;1
165908;1
165916;1
165936;0
165960;0
165964;1
165970;0
165974;1
165984;0
165992;0
165996;1
165998;0
166008;1
166018;1
166020;0
166022;0
166038;1
166060;1
166086;0
166088;0
166096;0
166098;1
166114;1
166118;0
166144;1
166148;0
166158;0
166176;1
166178;0
166184;1
166210;0
166212;0
166216;0
166218;0
166226;0
166250;1
166260;0
166264;1
166266;0
166268;0
166270;0
166280;0
166288;0
166292;0
166312;1
166324;0
166332;0
166358;1
166370;1
166372;0
166390;0
166394;1
166396;1
166404;0
166430;0
166432;0
166438;0
166452;0
166454;1
166470;0
166472;0
166474;0
166486;0
166496;0
166508;1
166514;0
166520;0
166522;1
166534;0
166538;1
166542;0
166556;0
166588;0
166596;0
166602;0
166604;1
166608;0
166614;1
166634;0
166650;0
166662;0
166678;0
166680;0
166684;0
166720;1
166744;0
166748;1
166770;1
166772;0
166774;0
166778;0
166790;1
166794;0
166810;0
166822;0
166824;1
166826;1
166828;0
166854;0
166858;0
166862;1
166882;0
166912;0
166926;0
166938;1
166946;1
166948;1
166986;0
166994;0
167010;0
167026;0
167030;1
167032;0
167038;0
167040;1
167042;1
167048;0
167050;1
167056;0
167068;0
167082;0
167096;1
167100;0
167104;0
167108;0
167118;0
167122;1
167124;0
167126;0
167128;0
167146;0
167154;0
167170;0
167194;0
167200;0
167204;0
167212;1
167216;0
167228;0
167252;0
167258;0
167272;1
167278;0
167280;0
167288;1
167342;1
167350;1
167356;0
167374;1
167378;1
167392;0
167396;1
167400;0
167402;0
167408;1
167414;1
167418;0
167420;1
167438;1
167458;0
167460;0
167472;1
167498;0
167516;0
167522;0
167532;1
167550;0
167558;0
167562;0
167566;0
167572;0
167594;1
167606;0
167624;1
167628;0
167650;0
167654;0
167660;0
167662;1
167670;1
167674;0
167680;1
167694;1
167706;1
167708;0
167710;0
167728;0
167730;0
167744;0
167746;1
167758;0
167760;0
167774;0
167778;1
167784;0
167796;0
167812;0
167816;0
167838;0
167840;0
167858;1
167860;0
167876;0
167890;0
167892;1
167906;0
167914;1
167922;0
167928;0
167944;0
167950;0
167954;0
167982;0
167984;1
167988;1
167994;0
168012;0
168014;1
168024;0
168030;0
168040;1
168042;0
168048;0
168056;1
168062;0
168078;1
168082;1
168096;0
168098;0
168110;0
168132;0
168140;1
168142;0
168146;0
168150;0
168158;0
168160;0
168162;0
168196;0
168198;1
168200;1
168204;1
168206;0
168214;1
168222;1
168240;0
168246;0
168248;1
168256;1
168260;0
168282;0
168302;1
168310;1
168318;0
168320;0
168324;0
168344;1
168350;1
168354;1
168356;1
168358;1
168368;1
168374;0
168380;0
168382;1
168384;1
168408;0
168412;0
168414;1
168422;0
168432;0
168434;0
168438;0
168442;0
168446;0
168458;1
168464;0
168498;0
168508;0
168510;0
168512;0
168518;0
168522;0
168546;0
168560;1
168566;0
168578;1
168598;1
168600;1
168606;0
168626;1
168634;0
168644;1
168656;0
168666;1
168672;0
168688;0
168698;1
168708;0
168722;0
168732;1
168738;1
168742;1
168744;1
168746;0
168754;1
168768;0
168794;0
168812;1
168826;0
168828;0
168836;0
168842;1
168844;0
168856;0
168858;0
168860;0
168862;0
168864;1
168872;1
168874;0
168880;1
168890;0
168894;1
168898;1
168920;0
168924;1
168936;1
168940;1
168966;1
168972;0
168990;0
168994;1
169004;0
169032;1
169036;1
169042;0
169044;0
169052;1
169068;0
169070;0
169078;0
169080;1
169084;0
169086;0
169092;1
169096;0
169110;0
169114;0
169118;0
169122;0
169144;0
169160;1
169164;0
169180;0
169194;1
169196;0
169208;0
169210;0
169232;1
169256;0
169260;0
169262;0
169264;0
169270;0
169272;0
169274;0
169304;0
169308;0
169310;1
169314;0
169330;1
169334;0
169338;0
169342;1
169350;0
169354;1
169358;0
169366;0
169372;0
169378;0
169388;0
169398;0
169402;1
169416;0
169434;0
169464;1
169472;1
169474;0
169482;0
169484;0
169504;1
169550;1
169554;1
169564;0
169574;0
169576;0
169582;1
169586;0
169616;1
169626;0
169638;0
169644;0
169650;0
169656;0
169674;0
169704;1
169716;1
169724;0
169728;0
169740;0
169760;0
169762;1
169776;0
169790;0
169792;1
169798;1
169808;0
169812;1
169816;1
169818;1
169834;1
169844;1
169864;0
169866;0
169870;0
169894;0
169920;0
169930;0
169932;0
169942;1
169946;0
169950;0
169952;0
169956;0
169964;0
169996;1
170002;1
170014;0
170020;1
170032;1
170062;1
170080;1
170124;0
170128;1
170132;0
170146;0
170158;0
170168;0
170174;0
170176;0
170186;0
170192;0
170214;0
170234;0
170248;0
170252;1
170258;1
170266;0
170270;0
170276;0
170292;0
170294;1
170300;0
170304;0
170314;0
170320;0
170352;1
170354;0
170356;1
170362;1
170376;1
170378;0
170380;1
170384;0
170388;0
170406;0
170422;0
170426;0
170436;1
170440;0
170442;0
170444;0
170452;0
170460;0
170464;1
170468;1
170474;1
170488;0
170500;1
170508;1
170512;0
170514;1
170518;0
170526;0
170530;0
170542;1
170546;1
170556;0
170564;0
170570;0
170574;0
170578;1
170584;0
170588;0
170590;1
170598;0
170606;0
170614;1
170632;0
170640;1
170644;0
170654;0
170666;0
170674;0
170686;0
170688;1
170698;1
170710;1
170718;0
170722;0
170732;1
170744;1
170746;1
170758;0
170760;0
170776;0
170778;1
170780;1
170782;1
170784;0
170790;0
170798;1
170832;1
170840;0
170846;1
170858;0
170860;0
170868;0
170872;0
170886;1
170894;1
170902;0
170904;0
170916;0
170918;1
170924;1
170944;0
170946;1
170962;1
170974;1
170980;0
170984;0
171004;1
171008;0
171014;1
171016;0
171018;1
171020;1
171026;1
171028;0
171030;1
171032;1
171038;0
171042;0
171056;0
171064;1
171066;0
171068;1
171084;0
171088;0
171100;0
171106;0
171122;0
171128;1
171134;0
171172;0
171186;0
171202;0
171210;1
171222;0
171234;0
171238;0
171240;0
171242;0
171258;0
171262;1
171264;1
171280;1
171284;1
171290;0
171292;1
171310;0
171312;1
171314;0
171320;1
171344;1
171354;0
171362;0
171364;0
171368;0
171380;0
171388;0
171392;1
171402;0
171404;1
171408;1
171418;0
171438;1
171450;0
171456;0
171458;0
171468;1
171470;0
171472;0
171482;0
171484;1
171514;0
171522;0
171536;0
171542;1
171544;1
171548;0
171562;1
171564;1
171586;0
171612;0
171626;0
171628;1
171640;1
171652;0
171662;0
171672;0
171680;0
171688;0
171690;0
171696;1
171698;1
171712;0
171732;1
171738;0
171740;0
171744;0
171764;0
171776;1
171788;0
171794;1
171796;1
171812;0
171818;1
171826;1
171832;0
171850;1
171852;0
171856;0
171866;1
171882;1
171886;0
171900;1
171902;0
171904;0
171908;0
171944;0
171954;0
171988;1
172010;1
172038;0
172040;0
172050;0
172052;1
172062;0
172064;1
172068;1
172078;1
172080;1
172088;1
172094;0
172102;1
172106;0
172108;0
172114;0
172132;1
172138;1
172144;1
172150;0
172174;1
172180;0
172184;1
172246;0
172248;1
172252;1
172254;1
172270;0
172302;0
172310;0
172326;1
172346;0
172350;1
172352;0
172378;0
172382;1
172410;1
172428;1
172434;1
172440;0
172444;0
172458;0
172464;0
172468;1
172502;0
172520;0
172526;0
172546;0
172560;0
172576;0
172584;0
172586;1
172590;0
172592;0
172602;0
172622;0
172634;0
172642;0
172664;0
172674;0
172676;1
172680;0
172690;0
172696;0
172726;1
172730;0
172734;0
172738;1
172770;0
172782;0
172790;0
172810;0
172812;0
172816;0
172836;0
172838;0
172842;0
172852;0
172868;1
172872;1
172884;0
172902;0
172906;0
172912;0
172920;1
172928;0
172940;1
172952;1
172958;0
172962;0
172972;1
172980;1
172994;1
173008;1
173010;0
173030;0
173064;1
173070;1
173080;0
173082;0
173094;0
173096;0
173098;1
173114;0
173118;0
173134;0
173158;0
173178;0
173184;1
173206;0
173208;0
173212;0
173230;0
173240;1
173246;1
173248;1
173250;0
173268;0
173272;0
173292;0
173294;0
173318;0
173320;0
173328;1
173334;0
173342;0
173356;1
173366;1
173386;1
173388;0
173390;1
173408;0
173436;0
173438;1
173440;0
173448;0
173452;0
173454;0
173458;0
173470;0
173488;1
173504;0
173506;0
173518;0
173534;1
173554;0
173558;1
173560;0
173570;0
173586;1
173588;0
173598;0
173606;1
173616;0
173620;0
173622;0
173634;1
173652;0
173654;0
173662;1
173664;1
173668;1
173698;1
173700;1
173704;0
173708;1
173730;1
173734;1
173740;1
173742;0
173754;1
173768;1
173778;0
173790;1
173794;0
173810;0
173818;0
173822;0
173828;0
173842;0
173848;0
173850;0
173852;0
173860;1
173864;1
173866;1
173892;0
173906;0
173916;0
173926;0
173930;0
173932;0
173936;1
173948;0
173958;0
173960;0
173964;0
173968;0
173970;0
173980;0
173996;1
173998;0
174006;0
174012;0
174022;0
174048;1
174076;0
174102;0
174114;1
174120;1
174132;0
174134;1
174138;0
174142;0
174152;0
174154;0
174192;0
174208;0
174222;0
174224;0
174244;0
174248;0
174254;0
174260;0
174272;0
174298;0
174316;0
174320;0
174324;0
174326;0
174330;0
174334;1
174336;1
174340;0
174342;0
174348;0
174350;0
174354;0
174378;1
174382;0
174384;1
174386;0
174390;0
174394;0
174396;0
174406;0
174412;0
174432;0
174436;0
174438;0
174444;0
174450;0
174452;1
174454;1
174460;0
174462;0
174466;0
174480;1
174486;1
174498;1
174504;0
174512;1
174522;0
174552;0
174556;0
174560;1
174568;1
174574;1
174600;0
174606;0
174616;0
174624;0
174630;1
174664;1
174672;0
174678;1
174680;0
174682;0
174688;0
174690;0
174700;1
174712;0
174720;0
174722;0
174724;0
174742;1
174748;1
174750;1
174758;0
174786;1
174794;0
174808;1
174834;0
174836;0
174856;1
174858;0
174860;0
174872;0
174884;0
174886;0
174888;1
174898;0
174900;0
174906;0
174914;0
174918;0
174928;0
174932;1
174936;0
174938;1
174940;0
174944;0
174952;0
174962;1
174968;1
174986;0
174996;1
175006;0
175014;0
175018;1
175020;0
175030;1
175036;1
175060;1
175064;0
175072;1
175084;1
175096;0
175104;0
175120;0
175138;0
175142;1
175158;0
175160;0
175166;0
175170;0
175180;1
175184;1
175186;0
175192;1
175202;0
175204;1
175210;1
175220;0
175230;0
175236;1
175246;0
175258;0
175260;0
175264;0
175272;1
175278;1
175282;0
175284;0
175292;0
175308;0
175314;0
175318;1
175320;0
175326;1
175334;0
175342;1
175344;0
175354;0
175368;1
175372;0
175388;1
175400;0
175402;1
175410;1
175412;0
175432;1
175434;0
175436;0
175444;1
175446;1
175474;1
175478;1
175482;0
175484;0
175488;0
175492;0
175496;1
175510;0
175516;1
175524;1
175528;1
175532;0
175542;0
175544;0
175552;0
175558;0
175574;1
175582;1
175592;0
175600;1
175604;1
175614;0
175616;0
175620;1
175634;1
175652;0
175656;0
175662;0
175682;0
175688;0
175696;1
175700;1
175708;1
175742;1
175774;1
175796;0
175798;1
175800;0
175802;1
175812;0
175816;0
175846;0
175848;0
175850;1
175852;0
175866;0
175868;0
175872;0
175888;0
175890;1
175892;0
175896;0
175908;1
175912;0
175916;0
175972;0
175982;0
175988;0
175998;0
176008;1
176014;0
176018;0
176020;0
176036;0
176060;0
176062;0
176068;1
176086;1
176096;1
176100;0
176104;0
176110;0
176114;0
176126;1
176140;1
176144;0
176154;0
176160;0
176162;1
176170;0
176172;1
176176;0
176180;0
176192;1
176200;1
176208;0
176216;0
176218;0
176222;1
176226;0
176228;0
176232;1
176242;0
176248;0
176262;0
176266;0
176276;0
176296;0
176302;0
176304;0
176306;1
176310;0
176344;1
176352;1
176358;1
176360;0
176380;0
176384;1
176406;0
176410;0
176414;1
176428;0
176434;1
176438;1
176450;0
176454;1
176456;1
176462;0
176466;0
176468;1
176480;0
176490;0
176498;0
176516;0
176518;1
176526;0
176530;1
176536;0
176554;0
176558;1
176562;0
176566;0
176582;1
176594;1
176604;0
176616;0
176626;0
176636;1
176644;0
176652;1
176654;0
176674;1
176680;1
176684;0
176696;0
176700;0
176704;0
176708;0
176710;1
176714;1
176718;0
176728;0
176730;0
176746;0
176766;1
176776;0
176784;1
176812;0
176832;0
176834;1
176842;1
176870;1
176878;0
176886;0
176888;1
176890;0
176892;0
176904;1
176924;0
176926;0
176928;1
176930;0
176940;1
176950;0
176974;0
176978;1
176986;0
176998;0
177000;1
177010;0
177020;1
177026;0
177058;0
177064;0
177068;0
177070;1
177080;1
177104;1
177120;0
177128;1
177134;1
177152;1
177154;1
177158;0
177168;0
177186;0
177194;1
177210;1
177214;1
177218;0
177224;1
177228;0
177238;0
177240;1
177252;1
177260;0
177268;0
177284;0
177288;0
177300;1
177304;0
177312;0
177338;1
177350;0
177352;0
177356;0
177364;0
177374;1
177376;1
177390;1
177410;0
177418;1
177420;0
177440;0
177458;0
177462;0
177464;0
177502;0
177512;0
177516;0
177518;1
177524;0
177532;0
177536;0
177540;0
177548;0
177564;1
177566;0
177570;0
177580;0
177588;0
177600;0
177606;0
177622;0
177626;0
177630;0
177638;0
177664;0
177670;1
177678;0
177682;0
177684;0
177686;1
177690;0
177692;1
177698;1
177720;0
177738;0
177740;1
177744;1
177750;1
177754;1
177782;0
177788;0
177802;1
177804;0
177814;1
177818;1
177826;0
177830;1
177836;0
177846;1
177848;0
177854;0
177856;0
177862;1
177872;0
177898;1
177900;0
177902;1
177906;0
177912;1
177946;0
177950;0
177974;1
177994;1
177998;0
178002;0
178004;0
178010;0
178016;0
178030;0
178032;1
178050;0
178054;1
178076;1
178084;1
178102;0
178106;0
178108;0
178112;0
178126;0
178146;0
178150;0
178152;0
178162;1
178174;0
178180;0
178218;1
178222;0
178230;1
178232;0
178236;0
178242;0
178244;0
178246;1
178248;0
178260;0
178270;0
178272;0
178304;1
178312;0
178314;1
178340;0
178342;0
178350;0
178352;0
178354;1
178360;0
178364;1
178368;1
178376;0
178394;1
178396;0
178406;0
178408;1
178418;0
178424;1
178428;0
178430;0
178432;0
178436;1
178438;0
178450;0
178482;0
178492;0
178496;1
178502;1
178514;0
178536;0
178552;1
178554;1
178556;1
178558;0
178560;0
178570;1
178574;0
178586;1
178602;1
178604;1
178616;1
178622;1
178624;1
178630;0
178632;0
178634;0
178652;0
178660;0
178672;0
178674;0
178676;1
178680;0
178694;0
178716;1
178718;0
178726;0
178728;0
178750;0
178752;1
178770;0
178774;1
178788;1
178790;0
178808;1
178826;0
178830;0
178836;1
178840;1
178870;0
178874;0
178876;0
178880;1
178886;0
178898;0
178906;1
178910;1
178938;1
178940;0
178942;1
178958;0
178964;0
178966;1
178970;0
178984;1
179004;1
179006;0
179008;0
179024;0
179032;0
179036;0
179070;0
179082;0
179092;0
179094;0
179098;0
179104;0
179130;0
179136;0
179140;1
179180;0
179184;0
179186;0
179190;0
179192;0
179204;0
179208;0
179220;0
179224;1
179236;0
179238;1
179254;1
179256;0
179264;0
179278;0
179290;0
179302;1
179306;1
179308;1
179332;0
179354;0
179382;0
179396;0
179418;1
179482;0
179484;0
179500;0
179502;0
179510;1
179522;0
179532;0
179536;1
179550;1
179576;0
179620;0
179630;0
179650;0
179660;1
179662;0
179670;0
179672;1
179684;1
179686;0
179696;0
179698;0
179710;1
179714;0
179718;0
179726;1
179730;0
179736;0
179738;1
179780;1
179790;1
179798;0
179804;0
179812;0
179814;0
179818;0
179834;1
179838;0
179848;0
179850;1
179862;0
179864;0
179870;1
179878;0
179890;1
179908;0
179920;0
179922;0
179926;0
179930;1
179940;1
179964;0
179972;0
179974;0
179986;1
180000;0
180010;0
180014;0
180024;1
180026;1
180050;1
180054;0
180090;1
180112;1
180116;1
180124;1
180126;1
180138;1
180162;0
180170;1
180178;0
180204;0
180206;0
180208;0
180212;1
180214;0
180216;1
180218;1
180224;0
180226;1
180238;0
180258;1
180272;1
180276;0
180278;1
180290;0
180296;0
180300;1
180304;0
180328;0
180334;1
180356;1
180360;1
180362;0
180386;1
180396;0
180400;1
180410;1
180426;0
180456;0
180458;0
180468;0
180486;0
180490;1
180492;1
180494;1
180508;1
180520;0
180526;1
180542;1
180554;0
180560;1
180572;0
180582;0
180594;0
180600;0
180612;0
180616;0
180624;1
180654;1
180666;0
180704;1
180708;0
180712;0
180722;1
180732;1
180736;0
180738;0
180746;0
180750;0
180764;0
180774;0
180794;0
180804;1
180820;0
180822;0
180824;1
180838;0
180850;0
180852;1
180856;1
180864;0
180868;0
180884;0
180886;1
180888;0
180890;0
180894;1
180902;0
180914;0
180916;0
180920;0
180930;0
180936;0
180944;0
180946;0
180952;1
180956;0
180960;0
180966;0
180984;0
180988;1
180992;0
181010;0
181016;0
181034;0
181038;0
181044;0
181046;1
181066;0
181070;1
181086;0
181090;1
181092;0
181100;0
181104;0
181106;0
181116;0
181146;1
181152;0
181184;1
181188;0
181206;1
181244;0
181254;0
181260;0
181272;1
181292;1
181332;0
181334;0
181340;1
181344;0
181348;1
181356;0
181374;0
181376;0
181384;0
181402;1
181430;0
181450;1
181462;0
181486;1
181488;0
181490;0
181496;0
181506;0
181512;1
181520;0
181522;0
181526;0
181540;0
181548;0
181564;0
181570;0
181578;0
181590;0
181592;1
181598;0
181600;0
181612;1
181630;1
181642;0
181668;0
181674;0
181678;1
181680;0
181720;1
181724;0
181732;1
181740;0
181742;1
181744;0
181748;0
181756;0
181758;1
181760;1
181768;0
181778;1
181784;0
181808;1
181820;1
181828;1
181848;0
181854;1
181856;1
181860;0
181868;0
181876;0
181888;1
181892;1
181894;1
181896;0
181906;1
181932;0
181934;1
181936;0
181938;0
181944;0
181956;0
181980;0
181982;1
181988;0
181996;1
182040;1
182046;0
182180;0
182196;1
182200;0
182210;1
182216;0
182222;0
182232;0
182240;1
182254;0
182260;1
182268;0
182272;1
182282;0
182292;0
182294;0
182296;0
182300;0
182316;1
182322;1
182324;0
182326;0
182330;0
182332;1
182370;0
182388;1
182394;0
182398;0
182404;0
182428;0
182444;0
182458;1
182538;0
182544;0
182596;1
182610;0
182630;1
182632;0
182646;0
182648;0
182652;0
182694;1
182714;0
182740;0
182748;1
182794;0
182796;0
182798;0
182804;1
182810;1
182816;1
182838;0
182842;0
182874;0
182904;1
182912;0
182914;0
182916;0
182928;0
182932;0
182942;0
182946;0
182948;1
182962;1
182966;0
182980;1
182982;1
183058;1
183062;0
183082;0
183096;1
183134;0
183144;0
183170;1
183174;1
183176;0
183186;1
183232;1
183276;0
183286;0
183288;1
183298;0
183302;0
183312;0
183328;1
183342;1
183352;0
183370;1
183380;0
183388;1
183404;0
183406;0
183414;0
183418;0
183422;0
183424;1
183428;0
183430;0
183432;1
183434;0
183438;0
183444;1
183448;1
183454;1
183456;0
183458;0
183474;1
183486;0
183490;0
183492;0
183498;1
183508;0
183510;0
183514;1
183532;1
183580;0
183594;0
183602;1
183608;1
183612;0
183636;0
183640;1
183642;0
183684;0
183704;1
183714;0
183728;0
183730;0
183740;0
183748;0
183768;0
183772;0
183782;0
183832;0
183880;0
183888;1
183900;1
183906;0
183908;1
183936;0
183942;0
183952;1
183958;0
183964;0
183966;1
183968;0
183970;1
183974;0
183984;1
183990;1
183992;0
183996;0
184010;0
184022;0
184028;0
184032;0
184046;0
184052;0
184078;0
184090;0
184094;0
184134;1
184136;0
184142;1
184144;0
184146;1
184174;0
184264;0
184324;0
184352;0
184588;1
184656;1
184696;0
184712;0
184714;0
184772;0
184774;0
184796;1
184806;0
184830;0
184848;0
184854;0
184872;1
184874;0
184876;1
184878;1
184910;0
184912;0
185044;1
185052;1
185058;0
185060;0
185100;0
185104;0
185114;1
185122;1
185130;1
185156;0
185164;1
185206;0
185210;0
185212;1
185220;0
185248;0
185296;0
185362;0
185378;0
185388;0
185460;0
185462;0
185464;1
185478;1
185482;0
185488;0
185490;1
185492;1
185512;0
185546;0
185612;1
185620;0
185642;0
185662;0
185684;0
185692;0
185736;0
185740;0
185746;1
185758;0
185760;0
185768;1
185776;0
185872;0
185880;0
185888;0
185918;0
185940;1
185966;0
185978;0
186042;0
186098;0
186156;0
186162;1
186166;1
186172;0
186178;1
186184;1
186202;0
186206;0
186246;1
186248;0
186292;0
186294;1
186300;0
186388;0
186390;1
186412;0
186414;1
186424;0
186430;1
186476;0
186504;0
186512;1
186556;1
186572;0
186590;1
186598;0
186620;0
186624;1
186640;1
186650;0
186704;1
186710;0
186732;1
186744;0
186778;0
186854;1
186900;0
186950;0
187004;0
187010;0
187090;0
187092;1
187144;0
187176;1
187206;1
187234;1
187258;0
187296;0
187306;0
187308;0
187312;1
187324;0
187340;0
187476;1
187496;0
187602;0
187638;0
187696;0
187718;0
187720;0
187732;0
187756;0
187760;0
187762;0
187784;0
187898;1
187918;0
187936;1
187948;0
187978;1
187996;0
188032;0
188048;0
188050;1
188052;1
188116;0
188130;1
188158;0
188164;0
188178;0
188244;1
188254;0
188318;1
188326;0
188402;1
188416;1
188466;1
188522;0
188532;1
188614;0
188626;0
190680;0
190706;1
190750;1
190798;1
190844;0
190868;0
190894;0
190942;1
190946;0
190956;0
190974;0
190990;0
191000;1
191018;0
191028;0
191030;1
191056;0
191060;0
191108;0
191166;1
191176;1
191180;1
191294;1
191316;0
191342;0
191388;0
191428;0
191442;0
191474;0
191478;0
191712;0
191868;0
191872;0
191944;0
191960;0
191986;0
191996;0
191998;1
192012;1
192014;1
192022;1
192026;1
192034;0
192040;0
192046;0
192074;1
192082;1
192090;0
192104;0
192126;0
192136;0
192174;0
192188;0
192196;0
192202;1
192212;0
192228;0
192232;1
192246;1
192254;1
192256;0
192284;0
192314;1
192384;1
192406;1
192420;1
192446;1
192458;0
192498;0
192510;1
192528;0
192566;1
192576;0
192592;0
192636;0
192660;0
192712;0
192738;1
192748;0
192752;1
192768;0
192786;0
192804;0
192810;1
192814;1
192836;1
192838;0
192892;0
192894;0
192896;0
192960;1
193080;0
193184;0
193198;0
193220;1
193642;0
193646;0
193700;1
193716;0
193736;0
193744;0
193748;0
193828;0
193860;1
193938;0
193958;0
193960;0
193964;0
193984;0
193986;0
193996;0
194002;0
194010;0
194012;0
194046;0
194066;1
194096;0
195222;0
195240;1
195246;0
195278;1
195286;1
195450;0
195474;1
195478;0
195482;0
195494;0
195498;1
195502;0
195508;1
195512;1
195556;0
195564;0
195566;0
195574;1
195576;0
195592;1
195612;1
195624;1
195628;1
195644;0
195658;1
195712;1
195718;1
195720;1
195726;0
195734;0
195736;1
195742;1
195754;0
195770;1
195776;0
195778;0
195780;0
195794;1
195800;0
195806;1
195840;1
195856;1
195862;1
195866;1
195874;0
195882;1
195888;0
195894;0
195896;0
195904;1
195910;0
195926;0
195928;1
195942;0
195952;1
195958;1
195960;0
195974;1
195982;0
196010;0
196018;0
196042;0
196044;1
196048;0
196050;0
196060;1
196072;1
196092;0
196094;1
196120;1
196128;0
196130;0
196134;0
196142;1
196156;0
196162;0
196176;0
196178;0
196182;1
196198;0
196226;0
196240;0
196242;0
196244;0
196246;1
196250;0
196278;0
196298;0
196314;1
196318;0
196348;1
196352;0
196356;1
196362;1
196366;1
196378;0
196396;0
196400;0
196414;0
196440;0
196450;0
196472;1
196482;0
196488;0
196494;0
196528;0
196534;1
196538;0
196540;0
196542;1
196548;0
196554;0
196574;0
196586;0
196590;0
196614;0
196652;0
196670;0
196676;0
196696;0
196700;1
196702;0
196708;0
196710;0
196712;1
196722;1
196724;0
196732;0
196750;0
196752;0
196756;1
196758;0
196770;0
196790;1
196844;0
196846;1
196858;1
196864;0
196866;1
196870;0
196884;0
196894;0
196902;0
196904;1
196910;1
196912;1
196918;0
196928;0
196944;1
196958;1
196968;0
196970;0
197046;1
197064;0
197100;0
197104;1
197106;1
197112;1
197114;0
197168;0
197172;0
197180;1
197200;0
197226;0
197238;0
197242;1
197266;0
197290;1
197304;0
197306;1
197350;0
197368;0
197390;1
197400;1
197406;0
197410;0
197424;1
197432;0
197446;1
197458;1
197462;0
197464;0
197474;1
197496;1
197506;0
197554;0
197562;1
197618;1
197634;0
197644;0
197646;1
197648;0
197658;1
197668;0
197674;0
197678;0
197698;0
197702;0
197714;0
197718;0
197726;1
197728;0
197772;0
197784;0
197788;0
197796;1
197848;0
197860;0
197862;1
197886;1
197888;0
197894;0
197906;0
197922;0
197934;1
197946;0
197954;1
197960;0
197976;0
197978;1
197980;0
197982;0
197984;1
197992;0
197994;0
197996;0
198016;0
198018;1
198020;0
198032;0
198038;0
1000024;1
1000026;1
1000036;1
1000038;1
1000074;1
1000092;0
1000116;1
1000122;0
1000126;0
1000148;0
1000162;1
1000164;0
1000174;1
1000178;1
1000186;0
1000188;0
1000190;0
1000198;1
1000202;0
1000212;0
1000226;0
1000230;0
1000256;0
1000290;1
1000350;0
1000356;1
1000360;0
1000370;0
1000372;0
1000382;0
1000384;0
1000390;0
1000394;0
1000402;1
1000404;0
1000406;1
1000414;1
1000424;0
1000430;1
1000434;0
1000446;0
1000450;0
1000472;0
1000490;1
1000504;1
1000512;0
1000520;1
1000534;0
1000574;0
1000600;0
1000612;1
1000624;1
1000626;1
1000630;0
1000638;0
1000648;0
1000650;1
1000652;0
1000654;0
1000656;0
1000682;0
1000688;0
1000694;0
1000710;0
1000742;1
1000772;0
1000810;0
1000814;1
1000816;0
1000826;1
1000828;0
1000840;1
1000930;1
1000932;0
1000942;0
1000986;0
1001010;1
1001054;0
1001056;0
1001058;1
1001086;0
1001124;0
1001150;0
1001156;0
1001158;0
1001160;0
1001166;0
1001178;1
1001182;1
1001186;0
1001210;1
1001222;0
1001234;0
1001242;1
1001246;0
1001264;0
1001270;0
1001278;1
1001290;1
1001298;1
1001306;0
1001318;1
1001330;1
1001340;0
1001358;0
1001374;1
1001386;0
1001390;1
1001394;0
1001408;0
1001442;1
1001448;1
1001452;0
1001454;1
1001460;0
1001498;0
1001502;0
1001528;1
1001536;1
1001556;1
1001558;0
1001562;0
1001600;1
1001610;1
1001614;0
1001616;1
1001632;0
1001636;1
1001646;0
1001648;0
1001654;0
1001676;0
1001680;0
1001704;0
1001710;1
1001714;0
1001716;1
1001722;0
1001724;1
1001728;0
1001734;1
1001736;0
1001738;1
1001740;1
1001754;0
1001756;1
1001764;1
1001766;1
1001782;0
1001784;0
1001786;0
1001792;0
1001796;0
1001800;0
1001802;0
1001808;0
1001812;0
1001814;1
1001816;0
1001840;0
1001852;0
1001862;0
1001864;0
1001870;0
1001882;0
1001886;0
1001890;0
1001900;0
1001906;0
1001912;1
1001914;1
1001920;1
1001922;0
1001924;0
1001932;1
1001936;0
1001944;1
1001946;0
1001958;1
1001968;1
1001970;0
1001992;0
1001998;0
1002000;0
1002006;1
1002010;0
1002016;0
1002028;0
1002030;1
1002038;1
1002064;0
1002074;1
1002076;1
1002082;1
1002094;0
1002114;1
1002116;0
1002124;0
1002140;0
1002144;0
1002148;0
1002162;0
1002168;0
1002178;0
1002202;0
1002204;0
1002222;0
1002234;0
1002236;1
1002250;0
1002284;0
1002294;0
1002296;0
1002358;0
1002370;0
1002390;1
1002398;0
1002412;0
1002426;1
1003284;0
1003296;0
1003304;1
1003306;1
1003316;1
1003336;0
1003342;0
1003350;1
1003358;0
1003360;0
1003362;0
1003370;0
1003372;1
1003374;0
1003382;1
1003386;0
1003388;1
1003390;1
1003392;0
1003394;1
1003396;0
1003398;1
1003400;0
1003410;1
1003412;1
1003414;0
1003428;0
1003438;0
1003444;1
1003452;0
1003480;0
1003494;1
1003514;1
1003518;0
1003520;1
1003534;0
1003544;0
1003546;0
1003554;0
1003594;0
1003636;1
1003642;1
1003662;0
1003664;1
1003670;0
1003678;1
1003694;1
1003708;0
1003714;0
1003734;0
1003738;1
1003752;0
1003760;0
1003764;0
1003768;0
1003786;0
1003796;0
1003802;1
1003832;0
1003836;1
1003854;1
1003858;0
1003860;0
1003904;0
1003906;1
1003908;0
1003954;1
1003964;0
1003978;0
1003986;0
1004020;0
1004030;0
1004036;0
1004048;0
1004070;0
1004074;0
1004082;1
1004096;0
1004106;0
1004116;0
1004132;0
1004134;0
1004164;0
1004186;0
1004192;0
1004278;1
1004280;0
1004316;0
1004318;0
1004366;0
1004388;0
1004390;1
1004392;1
1004400;1
1004414;0
1004416;0
1004424;0
1004430;0
1004434;1
1004438;0
1004440;1
1004442;0
1004456;0
1004474;1
1004520;0
1004536;1
1004570;0
1004572;0
1004576;0
1004586;0
1004592;0
1004606;1
1004626;1
1004630;1
1004642;1
1004646;1
1004696;1
1004698;0
1004704;0
1004824;0
1004878;1
1004902;0
1004934;0
1004942;0
1005070;1
1005072;0
1005086;1
1005114;0
1005140;0
1005148;0
1005172;0
1005176;1
1005182;0
1005192;1
1005196;1
1005272;0
1005276;0
1005280;1
1005296;0
1005298;0
1005310;1
1005328;1
1005332;0
1005340;1
1005352;0
1005354;0
1005368;0
1005400;0
1005428;0
1005432;1
1005440;0
1005444;1
1005446;0
1005448;0
1005450;1
1005458;1
1005474;1
1005508;1
1005514;0
1005524;1
1005526;0
1005544;0
1005556;0
1005600;0
1005624;0
1005694;0
1005698;0
1005784;0
1005818;0
1005826;1
1005972;0
1005992;1
1005994;0
1005996;0
1006012;1
1006060;0
1006072;0
1006080;0
1006128;0
1006174;0
1006182;0
1006240;0
1006242;1
1006272;1
1006282;0
1006284;0
1006298;0
1006310;0
1006318;0
1006330;0
1006338;0
1006378;1
1006382;1
1006384;0
1006392;0
1006410;0
1006430;1
1006432;0
1006446;1
1006486;1
1006488;0
1006490;0
1006502;1
1006540;0
1006552;0
1006570;0
1006580;1
1006614;0
1006616;0
1006618;1
1006620;0
1006674;0
1006692;1
1006700;0
1006706;1
1006722;0
1006766;1
1006774;1
1006822;1
1006844;0
1006870;0
1006942;0
1006950;0
1006958;1
1006962;0
1006964;0
1006968;0
1007018;0
1007026;1
1007040;0
1007056;0
1007070;1
1007096;0
1007110;0
1007240;0
1007246;0
1007248;0
1007254;0
1007286;1
1007344;1
1007376;0
1007420;1
1007424;0
1007430;0
1007460;1
1007462;0
1007472;0
1007502;1
1007512;1
1007558;0
1007564;0
1007624;0
1007658;0
1007676;1
1007698;1
1007718;0
1007766;0
1007796;0
1007834;1
1007842;0
1007866;1
1007872;1
1007918;1
1007936;0
1007990;0
1008014;0
1008046;0
1008058;0
1008076;0
1008088;1
1009654;0
1009668;0
1009822;0
1010690;1
1010796;0
1010800;0
1010834;0
1011040;0
1011064;1
1011266;0
1011686;0
1011784;1
1011888;1
1011950;0
1011952;0
1011972;0
1012064;1
1012080;0
1012124;0
1012140;0
1012152;1
1012290;0
1012294;0
1012350;1
1012452;0
1012472;1
1012614;0
1012666;1
1012860;1
1012864;1
1012872;1
1012914;0
1012940;0
1013026;0
1013036;0
1013278;0
1013348;0
1013464;0
1013522;1
1013660;1
1013680;1
1013762;0
1013786;1
1013840;0
1013946;0
1014128;1
1014150;0
1014186;1
1014196;0
1014234;0
1014276;0
1014306;1
1014478;0
1014612;0
1014634;1
1014696;1
1014734;0
1014756;1
1014810;0
1014824;0
1014834;1
1014876;1
1015174;0
1015176;0
1015228;0
1015230;0
1015272;1
1016232;1
1016298;0
1016574;1
1016706;0
1016928;0
1016938;1
1016942;0
1016944;0
1016964;1
1016992;0
1017104;0
1017172;0
1017174;0
1017186;0
1017290;0
1017312;1
1017316;0
1017522;0
1017670;1
1017672;0
1017764;0
1017970;0
1018046;1
1018114;1
1018364;0
1018494;1
1018628;1
1018782;1
1018790;0
1018814;0
1018820;1
1018846;0
1018852;1
1018884;0
1018980;0
1018988;0
1019098;1
1019144;0
1019174;0
1019178;1
1019192;0
1019338;0
1019342;1
1019348;1
1019352;0
1019360;1
1019362;1
1019364;0
1019380;1
1019390;1
1019462;0
1019480;0
1019488;0
1019490;1
1019510;0
1019516;0
1019520;0
1019524;0
1019528;0
1019540;1
1019548;0
1019678;0
1019684;1
1019688;0
1019704;0
1019768;0
1019782;1
1019806;1
1019828;0
1019906;0
1019930;1
1019936;0
1019970;1
1019996;1
1019998;1
1020014;1
1020018;1
1020038;0
1020074;1
1020098;0
1020134;1
1020138;0
1020160;0
1020188;0
1020204;1
1020222;0
1020244;1
1020248;0
1020284;0
1020286;0
1020304;0
1020306;0
1020344;0
1020362;0
1020394;1
1020398;1
1020402;0
1020406;1
1020412;0
1020414;1
1020416;1
1020430;1
1020450;0
1020484;1
1020498;1
1020512;0
1020516;0
1020518;1
1020528;0
1020538;1
1020540;0
1020544;1
1020560;0
1020584;1
1020622;0
1020688;0
1020916;1
1020934;0
1020940;0
1020944;1
1020948;0
1020954;0
1020958;1
1020960;0
1020970;1
1020972;0
1020974;1
1020982;0
1020988;0
1020998;1
1021000;0
1021006;1
1021012;0
1021018;1
1021020;1
1021028;1
1021044;0
1021050;0
1021116;1
1021124;0
1021138;1
1021146;0
1021164;0
1021166;0
1021178;0
1021186;1
1021194;0
1021198;0
1021200;0
1021212;0
1021216;1
1021218;0
1021220;1
1021222;0
1021224;0
1021226;1
1021240;0
1021242;0
1021244;0
1021250;1
1021280;0
1021284;1
1021288;1
1021306;0
1021324;0
1021346;0
1021348;0
1021356;0
1021358;1
1021360;1
1021362;0
1021368;1
1021374;1
1021376;1
1021380;0
1021384;0
1021402;0
1021418;1
1021432;0
1021440;0
1021448;1
1021458;0
1021470;1
1021476;0
1021480;0
1021490;1
1021496;0
1021506;1
1021518;1
1021552;1
1021610;0
1021612;1
1021614;0
1021648;0
1021654;0
1021660;0
1021666;0
1021696;0
1021704;0
1021726;0
1021732;1
1021744;1
1021746;0
1021754;0
1021756;0
1021760;0
1021766;0
1021770;1
1021828;0
1021830;1
1021832;1
1021848;0
1021900;1
1021906;1
1021910;0
1021966;0
1021968;0
1021976;0
1021978;0
1022002;0
1022022;0
1022064;1
1022070;0
1022072;0
1022078;1
1022090;1
1022092;1
1022134;0
1022152;1
1022154;0
1022164;0
1022180;1
1022200;1
1022202;0
1022216;0
1022260;1
1022282;1
1022300;0
1022304;0
1022308;0
1022314;1
1022318;0
1022354;0
1022370;0
1022378;1
1022396;1
1022426;0
1022428;0
1022468;0
1022480;0
1022486;1
1022498;1
1022526;0
1022530;1
1022534;1
1022550;1
1022554;0
1022576;0
1022578;0
1022592;1
1022606;0
1022622;0
1022624;1
1022626;0
1022642;0
1022646;1
1022648;1
1022660;1
1022680;0
1022682;0
1022722;0
1022724;0
1022746;1
1022770;0
1022792;0
1022814;0
1022834;1
1022846;1
1022894;1
1022898;1
1022912;0
1023034;0
1023088;0
1023094;0
1023110;0
1023118;1
1023122;0
1023124;1
1023126;1
1023140;0
1023142;0
1023144;0
1023168;1
1023188;0
1023200;0
1023202;0
1023206;0
1023208;1
1023220;0
1023224;1
1023286;0
1023342;0
1023368;0
1023380;0
1023382;0
1023388;1
1023404;0
1023408;0
1023432;1
1023440;0
1023442;0
1023464;1
1023480;0
1023484;0
1023500;0
1023504;1
1023510;0
1023514;0
1023518;0
1023538;0
1023550;0
1023554;0
1023558;0
1023634;1
1023646;0
1023660;0
1023664;1
1023670;1
1023680;1
1023686;0
1023692;0
1023694;0
1023698;0
1023708;0
1023710;0
1023712;0
1023716;0
1023736;1
1023742;0
1023784;0
1023790;0
1023798;1
1023814;0
1023822;0
1023826;1
1023828;0
1023860;0
1023868;0
1023876;0
1023882;1
1023910;1
1023918;0
1023936;0
1023940;0
1023944;1
1023948;1
1023952;0
1023956;0
1023966;0
1024024;0
1024058;0
1024136;0
1024334;1
1024340;1
1024352;1
1024360;0
1024362;1
1024372;0
1024376;1
1024380;0
1024382;1
1024384;0
1024412;0
1024436;1
1024442;0
1024450;0
1024456;0
1024486;0
1024488;1
1024494;1
1024500;0
1024504;1
1024508;0
1024536;0
1024538;1
1024548;0
1024558;0
1024560;0
1024574;0
1024592;0
1024598;0
1024600;1
1024620;1
1024628;0
1024630;1
1024636;0
1024638;1
1024640;0
1024648;0
1024652;1
1024654;0
1024660;0
1024670;0
1024678;0
1024688;1
1024700;0
1024710;1
1024724;0
1024734;0
1024740;0
1024786;0
1024814;0
1024820;0
1024828;0
1024832;0
1024836;0
1024838;1
1024840;1
1024848;0
1024850;0
1024858;0
1024862;0
1024874;0
1024876;1
1024884;0
1024912;0
1024928;0
1024992;0
1024998;0
1025006;0
1025016;1
1025018;1
1025022;1
1025038;0
1025060;0
1025070;0
1025084;1
1025098;0
1025108;0
1025110;0
1025118;0
1025126;0
1025134;0
1025144;0
1025146;1
1025166;0
1025180;1
1025184;1
1025206;0
1025214;0
1025222;1
1025224;1
1025232;1
1025248;0
1025250;0
1025252;1
1025256;0
1025258;1
1025270;0
1025284;0
1025292;0
1025296;0
1025300;0
1025304;0
1025306;1
1025310;0
1025316;0
1025324;1
1025328;0
1025330;0
1025332;0
1025350;1
1025366;1
1025374;0
1025378;0
1025380;1
1025392;0
1025402;0
1025414;0
1025432;0
1025438;0
1025446;1
1025450;0
1025452;0
1025458;0
1025470;0
1025478;0
1025492;1
1025510;1
1025518;1
1025522;0
1025530;0
1025534;0
1025538;1
1025566;0
1025568;0
1025582;0
1025586;1
1025608;0
1025614;1
1025622;0
1025626;0
1025636;1
1025640;1
1025648;1
1025650;1
1025652;0
1025662;0
1025666;1
1025674;0
1025690;0
1025694;0
1025708;0
1025720;0
1025734;1
1025752;1
1025772;0
1025776;0
1025782;0
1025784;1
1025806;0
1025814;0
1025820;0
1025828;0
1025842;1
1025850;0
1025852;0
1025854;0
1025862;0
1025876;1
1025908;1
1025916;1
1025924;0
1025942;0
1025948;1
1025950;1
1025958;1
1025962;0
1025996;1
1025998;0
1026006;0
1026014;0
1026024;0
1026026;0
1026028;1
1026034;1
1026036;0
1026038;0
1026044;0
1026048;0
1026052;0
1026054;1
1026058;0
1026062;1
1026070;1
1026072;1
1026074;1
1026090;0
1026098;0
1026106;0
1026114;0
1026122;0
1026132;0
1026136;0
1026160;1
1026162;0
1026190;1
1026192;1
1026198;0
1026210;1
1026214;1
1026236;1
1026248;1
1026260;0
1026266;0
1026280;1
1026302;0
1026334;0
1026352;0
1026364;0
1026366;1
1026368;0
1026372;0
1026376;0
1026382;0
1026384;0
1026394;1
1026398;0
1026400;0
1026408;0
1026412;1
1026446;0
1026462;1
1026472;1
1026474;0
1026498;1
1026508;0
1026530;0
1026534;0
1026542;1
1026544;0
1026546;0
1026552;1
1026560;0
1026574;0
1026576;0
1026590;0
1026602;0
1026604;0
1026616;0
1026622;1
1026624;1
1026636;1
1026642;1
1026644;0
1026646;1
1026648;1
1026680;1
1026690;0
1026708;1
1026710;0
1026714;0
1026716;1
1026722;0
1026728;1
1026730;1
1026736;1
1026742;0
1026776;0
1026778;1
1026794;0
1026798;0
1026824;1
1026838;0
1026850;1
1026854;0
1026858;0
1026866;1
1026878;1
1026900;1
1026938;0
1026972;0
1026996;1
1027014;1
1027030;0
1027036;0
1027042;1
1027052;1
1027094;0
1027098;1
1027116;1
1027142;0
1027144;0
1027156;0
1027160;0
1027164;1
1027176;0
1027180;0
1027198;1
1027210;1
1027214;0
1027244;0
1027246;0
1027258;1
1027262;1
1027280;0
1027308;0
1027312;0
1027324;0
1027328;1
1027352;0
1027358;0
1027410;1
1027432;1
1027444;0
1027450;1
1027460;1
1027472;0
1027480;1
1027488;0
1027492;1
1027496;0
1027504;1
1027534;0
1027540;0
1027556;0
1027564;1
1027612;1
1027624;1
1027694;1
1027710;1
1027734;0
1027744;0
1027754;0
1027756;0
1027764;0
1027776;0
1027796;0
1027824;0
1027830;0
1027858;0
1027862;1
1027888;1
1027892;0
1027900;1
1027904;0
1027914;0
1027916;0
1027954;0
1027958;0
1027978;0
1027984;0
1027994;0
1027996;0
1028022;1
1028038;1
1028060;0
1028082;1
1028088;1
1028104;1
1028108;1
1028126;0
1028134;1
1028136;0
1028154;1
1028174;1
1028178;0
1028204;0
1028212;1
1028216;0
1028228;0
1028244;1
1028252;0
1028266;0
1028290;0
1028300;1
1028310;1
1028322;0
1028334;1
1028348;0
1028356;0
1028384;1
1028392;1
1028410;0
1028486;1
1028504;0
1028510;0
1028512;0
1028560;0
1028568;1
1028582;1
1028594;0
1028604;0
1028606;0
1028610;0
1028630;0
1028640;1
1028646;1
1028648;1
1028676;1
1028680;0
1028684;1
1028704;1
1028712;0
1028770;0
1028778;1
1028792;0
1028838;1
1028868;0
1028882;0
1028884;0
1028902;1
1028906;1
1028910;1
1028912;0
1028930;0
1028936;0
1028944;0
1028946;1
1028960;0
1028982;0
1029004;1
1029024;0
1029028;0
1029032;0
1029042;0
1029070;0
1029074;0
1029084;0
1029114;1
1029148;1
1029162;0
1029182;1
1029190;0
1029212;1
1029218;0
1029224;0
1029234;1
1029238;1
1029250;0
1029268;1
1029272;0
1029284;0
1029292;0
1029294;0
1029304;0
1029330;0
1029344;0
1029346;0
1029354;0
1029356;0
1029366;1
1029382;0
1029404;0
1029406;0
1029416;1
1029424;1
1029428;0
1029440;1
1029452;0
1029456;0
1029464;0
1029470;1
1029478;0
1029482;0
1029486;0
1029498;1
1029508;1
1029526;0
1029536;0
1029538;0
1029572;0
1029582;0
1029598;0
1029618;0
1029622;1
1029624;0
1029626;0
1029642;0
1029648;0
1029654;0
1029666;1
1029670;0
1029684;0
1029704;1
1029708;0
1029738;1
1029794;1
1029810;0
1029814;1
1029846;0
1029880;1
1029888;1
1029894;0
1029914;0
1029938;1
1029944;0
1029984;0
1029988;1
1030000;0
1030004;0
1030050;0
1030054;1
1030062;1
1030112;1
1030124;0
1030136;0
1030140;0
1030148;0
1030160;0
1030164;0
1030170;0
1030174;0
1030178;0
1030184;0
1030246;0
1030274;0
1030276;0
1030288;0
1030304;0
1030308;1
1030328;0
1030338;0
1030396;1
1030482;1
1030580;1
1030604;1
1030646;1
1030716;1
1030750;1
1030760;0
1030806;1
1030842;0
1030876;0
1030888;0
1030910;0
1031042;0
1031064;0
1031112;0
1031174;1
1031184;1
1031226;0
1031310;0
1031344;0
1031346;1
1031376;1
1031378;0
1031390;0
1031394;1
1031410;1
1031424;1
1031426;1
1031432;1
1031444;0
1031492;0
1031530;1
1031538;0
1031546;0
1031556;0
1031558;1
1031562;0
1031590;0
1031606;0
1031608;0
1031612;0
1031616;0
1031628;1
1031636;0
1031652;0
1031660;0
1031668;0
1031670;0
1031672;0
1031694;1
1031710;1
1031714;0
1031736;1
1031740;0
1031770;1
1031774;0
1031776;0
1031790;0
1031796;0
1031798;0
1031802;0
1031804;0
1031812;0
1031820;0
1031824;1
1031826;1
1031828;0
1031850;0
1031870;0
1031888;0
1031896;0
1031912;0
1031932;0
1031938;0
1031940;1
1031944;0
1031948;0
1031950;1
1031992;1
1031994;1
1031998;0
1032004;0
1032006;0
1032012;0
1032024;0
1032030;1
1032036;0
1032046;0
1032068;1
1032072;1
1032082;0
1032108;1
1032112;1
1032116;0
1032120;0
1032126;0
1032132;0
1032136;0
1032142;0
1032156;1
1032176;0
1032178;0
1032180;1
1032208;0
1032210;0
1032238;0
1032252;0
1032258;0
1032262;0
1032264;0
1032268;1
1032282;0
1032286;1
1032290;1
1032292;0
1032304;0
1032332;0
1032342;1
1032346;0
1032350;0
1032364;0
1032372;1
1032374;1
1032388;0
1032404;1
1032406;1
1032416;0
1032418;0
1032420;1
1032426;0
1032430;0
1032436;0
1032440;0
1032444;1
1032458;0
1032460;0
1032464;0
1032470;0
1032488;0
1032490;0
1032496;0
1032502;0
1032510;1
1032518;1
1032520;1
1032524;0
1032526;0
1032528;0
1032534;1
1032542;0
1032560;0
1032562;1
1032570;0
1032590;0
1032592;0
1032608;0
1032614;1
1032620;0
1032622;1
1032626;0
1032628;0
1032638;1
1032644;0
1032664;1
1032680;0
1032702;0
1032728;1
1032732;0
1032738;1
1032746;0
1032764;0
1032768;0
1032770;1
1032772;1
1032780;0
1032790;0
1032808;1
1032820;1
1032834;0
1032842;0
1032844;1
1032858;1
1032864;1
1032872;0
1032874;1
1032908;1
1032920;0
1032938;0
1032954;1
1032970;1
1032972;1
1032980;0
1032982;0
1032996;0
1032998;0
1033012;1
1033014;0
1033036;1
1033052;0
1033078;1
1033080;0
1033092;0
1033094;1
1033106;1
1033120;1
1033130;0
1033136;1
1033152;1
1033154;0
1033160;0
1033170;0
1033178;1
1033186;1
1033190;0
1033196;0
1033240;0
1033252;1
1033256;0
1033292;1
1033298;0
1033302;0
1033312;0
1033314;0
1033320;1
1033326;0
1033350;0
1033370;0
1033402;0
1033408;1
1033416;0
1033420;1
1033426;0
1033428;0
1033434;0
1033438;1
1033446;1
1033448;0
1033456;0
1033472;0
1033474;0
1033480;0
1033490;1
1033494;0
1033518;1
1033532;0
1033536;0
1033540;1
1033558;1
1033560;0
1033562;0
1033574;0
1033582;0
1033586;0
1033588;0
1033602;0
1033610;0
1033616;0
1033638;1
1033642;0
1033648;0
1033658;0
1033678;0
1033686;1
1033688;0
1033690;1
1033696;0
1033706;0
1033712;0
1033716;0
1033718;0
1033722;0
1033728;0
1033732;0
1033738;0
1033742;1
1033744;0
1033748;0
1033756;1
1033760;0
1033770;0
1033774;1
1033778;0
1033780;0
1033788;1
1033794;0
1033800;0
1033810;1
1033820;0
1033830;0
1033836;0
1033846;1
1033856;1
1033884;1
1033888;0
1033890;1
1033892;1
1033900;1
1033916;0
1033918;0
1033920;0
1033924;1
1033946;0
1033970;1
1033974;0
1033982;0
1033986;1
1033988;0
1034026;0
1034028;1
1034040;0
1034044;1
1034050;0
1034054;1
1034064;1
1034070;1
1034072;1
1034086;0
1034096;0
1034126;0
1034144;1
1034148;0
1034154;1
1034162;1
1034184;0
1034194;1
1034198;1
1034200;1
1034206;0
1034222;0
1034226;1
1034232;0
1034234;0
1034242;0
1034248;0
1034250;0
1034256;0
1034260;0
1034272;1
1034286;0
1034298;0
1034302;1
1034312;1
1034316;0
1034318;0
1034328;0
1034334;0
1034340;1
1034344;1
1034348;0
1034352;0
1034358;1
1034368;0
1034372;1
1034374;0
1034376;1
1034380;0
1034434;0
1034448;1
1034450;1
1034456;0
1034466;0
1034482;1
1034486;0
1034518;0
1034526;1
1034538;0
1034542;0
1034546;0
1034548;1
1034554;0
1034562;0
1034572;0
1034580;0
1034588;0
1034594;1
1034602;0
1034604;1
1034612;0
1034618;0
1034630;0
1034642;1
1034656;0
1034660;0
1034670;0
1034680;0
1034686;1
1034698;0
1034704;0
1034706;1
1034724;0
1034730;1
1034746;1
1034756;0
1034760;0
1034774;0
1034778;0
1034780;0
1034786;1
1034802;0
1034808;0
1034814;0
1034820;0
1034826;1
1034828;0
1034832;0
1034836;1
1034848;0
1034878;0
1034886;0
1034910;0
1034918;1
1034920;1
1034932;0
1034956;1
1034958;0
1034960;0
1034980;0
1034982;0
1035016;1
1035040;0
1035046;0
1035062;0
1035088;1
1035094;1
1035098;0
1035108;0
1035126;1
1035156;0
1035170;0
1035200;0
1035202;0
1035212;0
1035216;1
1035218;1
1035230;0
1035240;0
1035246;1
1035248;1
1035254;1
1035256;1
1035268;1
1035282;1
1035292;0
1035294;0
1035296;0
1035298;1
1035304;0
1035306;0
1035312;0
1035316;0
1035318;0
1035322;1
1035332;0
1035338;0
1035344;1
1035360;1
1035362;0
1035364;0
1035370;1
1035376;1
1035384;0
1035386;0
1035390;0
1035394;0
1035398;0
1035400;0
1035410;0
1035418;1
1035430;1
1035450;0
1035468;0
1035496;0
1035500;1
1035502;0
1035504;1
1035506;0
1035520;1
1035522;1
1035530;0
1035540;0
1035544;0
1035566;1
1035570;0
1035582;1
1035586;0
1035590;0
1035598;1
1035600;1
1035606;0
1035616;1
1035622;0
1035632;0
1035656;0
1035680;1
1035686;0
1035706;0
1035708;1
1035710;1
1035714;0
1035728;1
1035730;0
1035738;1
1035756;0
1035782;1
1035798;0
1035812;0
1035818;1
1035830;0
1035840;1
1035846;0
1035852;1
1035874;0
1035878;0
1035884;1
1035916;0
1035920;0
1035950;0
1035960;0
1035964;0
1035966;1
1035968;1
1035986;0
1036044;0
1036052;0
1036074;0
1036094;1
1036098;0
1036102;1
1036116;0
1036132;1
1036140;0
1036144;0
1036146;1
1036150;0
1036160;1
1036164;0
1036166;1
1036178;0
1036180;1
1036186;0
1036196;0
1036200;0
1036224;1
1036228;0
1036242;1
1036244;0
1036268;1
1036272;1
1036276;1
1036280;1
1036298;1
1036314;1
1036360;1
1036400;1
1036426;0
1036434;1
1036442;0
1036446;0
1036456;0
1036534;1
1036542;0
1036560;1
1036576;1
1036588;0
1036596;0
1036630;0
1036688;0
1036704;0
1036718;0
1036728;1
1036740;1
1036742;0
1036748;1
1036754;1
1036774;0
1036780;0
1036804;0
1036812;1
1036828;0
1036834;0
1036838;0
1036840;0
1036854;0
1036866;1
1036882;0
1036888;0
1036902;0
1036914;1
1036918;1
1036934;0
1036962;1
1036964;0
1036972;0
1036978;0
1036980;0
1036984;0
1036992;1
1037002;0
1037010;0
1037014;1
1037016;0
1037030;0
1037036;0
1037038;0
1037050;1
1037058;0
1037064;0
1037066;1
1037072;0
1037078;0
1037080;1
1037088;0
1037090;1
1037096;1
1037098;0
1037106;0
1037108;0
1037110;1
1037114;0
1037122;0
1037126;0
1037128;0
1037132;1
1037144;0
1037158;0
1037160;0
1037162;0
1037166;0
1037168;1
1037170;1
1037180;0
1037184;1
1037190;0
1037192;0
1037208;0
1037212;1
1037246;0
1037256;0
1037258;0
1037270;0
1037286;0
1037314;1
1037332;1
1037360;0
1037368;0
1037414;0
1037418;0
1037426;0
1037446;1
1037448;1
1037470;1
1037474;0
1037482;1
1037484;0
1037494;0
1037522;0
1037528;0
1037536;0
1037544;0
1037546;1
1037552;0
1037570;0
1037604;0
1037612;0
1037640;0
1037646;1
1037654;0
1037658;1
1037682;0
1037736;0
1037740;1
1037744;1
1037748;0
1037762;0
1037774;1
1037798;1
1037806;0
1037828;1
1037860;0
1037864;0
1037902;0
1037962;0
1037968;0
1037970;0
1038010;0
1038012;0
1038020;1
1038282;0
1038598;0
1038644;1
1038672;1
1038686;1
1038716;0
1038734;1
1038744;1
1038752;1
1038794;0
1038810;1
1038882;0
1038892;0
1038910;0
1038918;1
1038922;0
1038944;0
1038954;1
1038958;0
1038966;1
1038970;0
1038980;1
1038992;1
1039006;0
1039016;1
1039024;1
1039068;1
1039082;0
1039096;1
1039108;1
1039158;0
1039190;1
1039206;0
1039220;1
1039224;0
1039246;0
1039256;0
1039260;0
1039268;1
1039282;1
1039286;1
1039296;0
1039308;0
1039394;1
1039406;0
1039632;0
1040694;0
1041020;1
1043132;0
1043136;1
1043152;0
1043178;0
1043188;0
1043232;0
1043246;1
1043248;0
1043284;1
1043326;0
1043358;0
1043388;0
1043390;1
1043402;1
1043436;1
1043470;0
1043490;1
1043498;1
1043516;0
1043520;1
1043554;0
1043570;1
1043604;0
1043614;0
1043628;0
1043630;1
1043660;0
1043664;0
1043670;0
1043686;1
1043690;0
1043722;1
1043730;0
1043732;1
1043734;0
1043744;0
1043746;0
1043748;0
1043774;1
1043776;0
1043784;0
1043806;0
1043820;1
1043824;0
1043826;1
1043834;1
1043846;0
1043848;0
1043858;1
1043864;0
1043878;0
1044050;0
1044090;1
1044130;1
1044236;0
1044314;0
1044334;0
1044482;0
1044544;1
1044582;0
1044694;0
1044960;0
1045368;0
1045588;0
1045590;0
1045594;0
1045612;0
1045614;0
1045630;1
1045682;1
1045684;0
1045718;1
1045734;0
1045804;1
1045818;1
1045870;0
1045884;0
1045904;0
1045920;0
1045954;0
1045956;0
1045980;0
1046186;1
1046284;0
1046308;1
1046332;0
1046348;0
1046358;0
1046370;0
1046372;1
1046432;0
1046500;0
1046522;1
1046626;1
1046646;0
1046764;0
1046780;1
1046784;0
1046792;0
1046856;1
1046866;0
1046902;0
1046928;1
1046950;0
1046952;0
1046958;0
1046964;0
1046986;0
1046994;0
1047020;0
1047028;0
1047068;0
1047070;1
1047074;1
1047124;1
1047132;0
1047136;0
1047192;1
1047198;0
1047226;1
1047230;0
1047298;0
1047312;0
1047314;1
1047324;0
1047328;1
1047334;1
1047378;0
1047406;0
1047422;1
1047462;0
1047472;0
1047474;0
1047496;0
1047506;1
1047526;0
1047534;1
1047542;0
1047564;0
1047662;1
1047664;0
1047670;0
1047678;0
1047698;0
1047710;0
1047718;0
1047742;0
1047784;1
1047810;0
1047822;1
1047856;1
1047880;0
1047898;0
1047902;1
1047908;0
1047980;0
1047992;0
1048004;1
1048070;1
1048094;0
1048148;0
1048156;0
1048216;0
1048252;1
1048268;0
1048340;0
1048344;0
1048348;1
1048406;0
1048436;0
1048496;1
1048530;1
1048568;0
1048588;1
1048590;1
1048608;0
1048658;0
1048672;1
1048692;1
1048694;0
1048698;0
1048722;0
1048738;0
1048780;1
1048786;1
1048884;0
1048934;0
1048960;0
1048970;1
1053022;0
1053046;1
1053048;0
1053066;0
1053068;0
1053092;1
1054040;1
1054286;0
1054288;0
1054290;1
1054296;1
1054298;0
1054398;0
1054402;0
1054410;0
1054424;1
1054426;0
1054432;0
1054434;1
1054440;0
1054442;1
1054444;1
1054446;0
1054454;0
1054458;1
1054466;1
1054478;0
1054480;1
1054498;1
1054504;1
1054508;0
1054516;0
1054518;1
1054520;0
1054522;0
1054524;0
1054526;0
1054530;0
1054540;0
1054542;0
1054544;0
1054550;0
1054560;1
1054564;0
1054566;0
1054574;0
1054580;0
1054608;1
1054616;1
1054624;0
1054628;1
1054630;1
1054632;0
1054634;0
1054640;0
1054644;1
1054646;1
1054648;0
1054650;0
1054654;0
1054656;0
1054660;1
1054664;0
1054672;0
1054674;0
1054676;0
1054678;0
1054684;0
1054692;0
1054698;1
1054708;0
1054714;1
1054726;0
1054728;1
1054742;0
1054744;0
1054746;0
1054748;1
1054756;0
1054762;0
1054768;0
1054770;0
1054774;0
1054776;0
1054778;1
1054780;0
1054784;0
1054786;0
1054788;1
1054792;0
1054794;0
1054798;0
1054800;0
1054804;0
1054808;1
1054812;0
1054814;0
1054816;0
1054818;0
1054820;0
1054822;0
1054838;1
1054848;1
1054854;1
1054856;1
1054862;1
1054866;1
1054874;0
1054880;0
1054882;1
1054884;0
1054890;1
1054892;1
1054896;1
1054898;0
1054902;0
1054906;0
1054910;1
1054912;1
1054932;0
1054938;0
1054950;0
1054952;0
1054954;1
1054960;0
1054962;1
1054966;0
1054984;0
1054994;0
1055000;1
1055002;0
1055004;1
1055006;1
1055014;1
1055026;0
1055028;0
1055034;0
1055038;0
1055042;0
1055044;0
1055048;0
1055056;0
1055058;0
1055060;0
1055062;0
1055064;0
1055066;1
1055072;0
1055074;0
1055078;1
1055080;1
1055086;1
1055100;0
1055104;1
1055110;0
1055112;0
1055114;0
1055116;0
1055122;0
1055132;0
1055134;0
1055138;1
1055140;0
1055146;1
1055148;1
1055164;1
1055166;1
1055182;0
1055184;0
1055188;0
1055190;0
1055192;0
1055194;0
1055200;0
1055204;0
1055206;0
1055210;0
1055212;1
1055218;1
1055222;0
1055226;0
1055228;0
1055234;0
1055238;0
1055240;0
1055242;0
1055254;0
1055256;0
1055260;0
1055262;0
1055272;0
1055282;0
1055286;1
1055288;0
1055296;0
1055300;0
1055304;1
1055306;1
1055318;1
1055330;0
1055332;0
1055338;1
1055346;0
1055348;1
1055352;0
1055354;0
1055358;0
1055364;1
1055372;1
1055378;0
1055382;0
1055384;0
1055388;0
1055390;0
1055398;1
1055402;0
1055404;0
1055408;0
1055418;1
1055420;0
1055422;0
1055426;0
1055428;1
1055430;1
1055436;1
1055440;0
1055444;1
1055450;0
1055454;0
1055456;0
1055458;0
1055462;1
1055476;1
1055488;1
1055502;0
1055504;1
1055508;1
1055510;0
1055512;0
1055514;0
1055520;1
1055522;1
1055528;1
1055530;0
1055532;1
1055534;0
1055536;1
1055540;1
1055542;0
1055544;1
1055546;1
1055550;1
1055560;0
1055564;1
1055574;0
1055582;0
1055584;0
1055586;1
1055588;0
1055592;1
1055606;0
1055608;0
1055614;0
1055616;0
1055618;0
1055620;1
1055622;0
1055624;0
1055630;1
1055632;0
1055636;0
1055638;0
1055640;1
1055642;0
1055646;1
1055648;1
1055650;0
1055652;0
1055654;0
1055662;0
1055666;0
1055678;0
1055680;0
1055682;0
1055688;0
1055704;1
1055706;0
1055708;0
1055710;0
1055718;0
1055722;0
1055736;0
1055742;0
1055766;1
1055774;0
1055776;0
1055780;0
1055782;0
1055786;0
1055788;0
1055794;0
1055798;0
1055804;0
1055822;0
1055830;1
1056120;1
1056128;0
1056132;0
1056138;0
1056144;0
1056148;0
1056154;1
1056156;0
1056162;0
1056164;0
1056166;1
1056170;0
1056176;0
1056198;1
1056200;0
1056204;0
1056210;0
1056226;1
1056228;0
1056234;0
1056236;1
1056238;1
1056242;0
1056244;0
1056246;1
1056248;0
1056262;1
1056266;0
1056268;1
1056270;0
1056276;0
1056278;1
1056284;0
1056286;0
1056290;0
1056300;0
1056312;0
1056334;1
1056350;0
1056366;1
1056372;0
1056374;0
1056380;0
1056382;0
1056388;1
1056396;1
1056402;0
1056420;1
1056424;0
1056430;0
1056432;0
1056436;0
1056438;1
1056442;1
1056446;0
1056448;0
1056466;0
1056468;1
1056470;0
1056476;1
1056482;0
1056486;0
1056492;0
1056494;0
1056496;1
1056500;1
1056508;0
1056510;0
1056526;1
1056528;0
1056536;1
1056540;1
1056542;0
1056548;0
1056550;0
1056556;0
1056558;1
1056560;0
1056564;1
1056568;0
1056570;1
1056572;0
1056582;1
1056584;1
1056592;1
1056594;0
1056596;1
1056618;1
1056620;1
1056622;0
1056624;0
1056632;0
1056648;0
1056650;0
1056652;0
1056656;0
1056658;1
1056660;0
1056668;1
1056674;1
1056678;1
1056686;1
1056690;1
1056696;0
1056706;0
1056714;0
1056716;0
1056718;0
1056730;0
1056738;1
1056740;0
1056766;1
1056768;0
1056772;1
1056776;0
1056782;0
1056802;0
1056828;1
1056838;1
1056844;0
1056860;0
1056862;1
1056872;0
1056878;0
1056880;0
1056884;0
1056886;0
1056888;1
1056894;1
1056914;0
1056920;1
1056932;0
1056938;0
1056940;1
1056946;0
1056950;1
1056952;1
1056954;0
1056964;1
1056982;0
1056994;1
1057002;1
1057006;0
1057018;1
1057020;0
1057024;1
1057036;1
1057040;1
1057046;0
1057050;1
1057052;0
1057186;0
1057188;1
1057190;0
1057202;0
1057206;0
1057208;0
1057210;0
1057214;0
1057216;0
1057218;0
1057224;0
1057228;0
1057230;1
1057232;1
1057238;1
1057244;1
1057246;0
1057252;1
1057256;0
1057260;1
1057262;1
1057264;1
1057270;1
1057276;0
1057278;1
1057300;0
1057302;0
1057308;1
1057310;0
1057318;0
1057338;1
1057340;0
1057342;0
1057348;0
1057350;1
1057366;0
1057370;0
1057372;1
1057376;0
1057382;0
1057388;1
1057392;0
1057394;1
1057396;0
1057400;0
1057404;0
1057414;1
1057416;1
1057418;1
1057422;0
1057424;1
1057426;0
1057428;1
1057430;1
1057432;0
1057434;0
1057440;0
1057444;0
1057446;0
1057450;1
1057452;0
1057454;0
1057456;1
1057464;0
1057466;1
1057470;0
1057472;1
1057476;1
1057478;0
1057490;1
1057492;1
1057494;0
1057498;1
1057502;0
1057506;0
1057516;0
1057524;0
1057530;0
1057536;1
1057542;0
1057544;0
1057548;1
1057550;0
1057568;0
1057570;1
1057572;0
1057580;0
1057586;0
1057588;0
1057590;0
1057596;1
1057600;1
1057602;0
1057606;0
1057612;1
1057616;0
1057618;1
1057620;0
1057624;1
1057626;0
1057632;1
1057634;0
1057646;0
1057648;0
1057654;0
1057664;0
1057666;0
1057670;0
1057680;0
1057682;0
1057686;0
1057690;1
1057692;1
1057698;0
1057706;1
1057708;1
1057716;0
1057718;0
1057722;1
1057728;1
1057730;0
1057732;0
1057740;0
1057742;0
1057744;1
1057750;1
1057756;1
1057774;0
1057788;0
1057790;0
1057794;1
1057798;0
1057806;1
1057810;1
1057812;1
1057814;0
1057816;0
1057820;1
1057822;0
1057830;1
1057834;0
1057836;1
1057842;1
1057844;0
1057846;1
1057850;0
1057854;0
1057856;1
1057858;1
1057862;0
1057864;0
1057870;1
1057872;0
1057876;0
1057882;0
1057884;0
1057886;1
1057892;0
1057900;1
1057908;1
1057916;1
1057920;0
1057924;0
1057938;1
1057948;0
1057954;1
1057958;0
1057960;1
1057964;0
1057978;1
1057984;0
1057992;0
1057994;0
1058004;0
1058008;0
1058012;0
1058014;0
1058032;0
1058036;1
1058044;1
1058056;0
1058058;0
1058060;1
1058062;0
1058064;0
1058076;0
1058078;0
1058080;1
1058082;1
1058084;0
1058088;0
1058090;0
1058094;1
1058100;0
1058102;1
1058104;0
1058106;1
1058108;1
1058112;0
1058114;0
1058118;0
1058122;1
1058124;1
1058126;1
1058140;1
1058148;1
1058162;0
1058164;0
1058168;0
1058172;0
1058180;1
1058190;0
1058192;0
1058206;0
1058214;0
1058216;0
1058218;0
1058220;0
1058222;1
1058224;0
1058232;1
1058236;1
1058240;0
1058246;1
1058248;0
1058252;1
1058254;1
1058268;0
1058270;0
1058274;0
1058282;0
1058286;1
1058290;0
1058292;0
1058298;1
1058300;0
1058306;0
1058310;0
1058314;0
1058318;0
1058326;1
1058334;0
1058340;1
1058344;0
1058346;1
1058352;0
1058356;0
1058366;1
1058368;0
1058370;0
1058378;0
1058386;0
1058390;0
1058394;1
1058396;0
1058402;0
1058416;0
1058426;0
1058428;0
1058430;0
1058434;0
1058436;0
1058446;0
1058454;1
1058464;0
1058468;0
1058472;0
1058474;0
1058478;0
1058484;0
1058494;0
1058498;0
1058504;0
1058514;1
1058524;1
1058528;0
1058536;1
1058546;0
1058550;1
1058554;0
1058556;0
1058558;0
1058560;1
1058564;0
1058574;0
1058576;0
1058586;0
1058588;0
1058592;1
1058596;1
1058600;0
1058610;0
1058612;0
1058620;0
1058622;1
1058624;0
1058628;1
1058630;0
1058632;0
1058640;0
1058644;1
1058648;1
1058664;0
1058672;0
1058674;0
1058696;0
1058700;0
1058702;0
1058724;0
1058734;1
1058736;1
1058762;0
1058770;1
1058786;1
1058794;1
1058800;0
1058810;0
1058816;0
1058834;0
1058842;1
1058864;1
1058870;0
1058880;1
1058884;0
1058886;1
1058896;0
1058914;1
1058920;0
1058958;0
1058962;0
1058964;0
1058974;0
1058980;0
1058986;0
1058998;0
1059004;1
1059018;1
1059020;0
1059030;0
1059042;0
1059052;1
1059058;0
1059072;0
1059078;1
1059084;1
1059088;0
1059096;1
1059102;1
1059104;1
1059108;1
1059112;1
1059118;0
1059120;1
1059124;1
1059128;0
1059130;0
1059136;1
1059140;0
1059146;0
1059154;0
1059166;0
1059178;1
1059186;0
1059192;0
1059194;1
1059202;0
1059208;0
1059212;0
1059214;0
1059220;0
1059226;0
1059236;0
1059244;0
1059246;0
1059252;1
1059262;1
1059264;0
1059274;0
1059276;0
1059282;0
1059284;1
1059300;1
1059308;1
1059312;1
1059314;1
1059320;0
1059336;1
1059348;0
1059354;0
1059356;0
1059368;0
1059374;0
1059378;1
1059384;1
1059390;0
1059398;0
1059402;0
1059408;0
1059410;1
1059414;0
1059426;0
1059428;1
1059432;1
1059456;0
1059464;1
1059474;1
1059488;0
1059494;0
1059500;0
1059506;0
1059510;0
1059518;1
1059522;0
1059524;0
1059534;0
1059536;0
1059540;1
1059542;1
1059546;1
1059548;0
1059554;0
1059560;0
1059566;1
1059572;0
1059576;1
1059578;0
1059584;1
1059602;0
1059608;0
1059626;0
1059630;1
1059632;0
1059636;0
1059638;1
1059648;0
1059666;0
1059672;0
1059686;0
1059706;1
1059742;0
1059758;1
1059764;1
1059766;0
1059772;1
1059794;0
1059800;0
1059832;1
1059836;0
1059842;0
1059854;1
1059856;1
1059860;0
1059862;0
1059868;0
1059872;1
1059878;1
1059884;0
1059890;0
1059898;0
1059904;0
1059908;1
1059910;0
1059914;1
1059916;1
1059920;0
1059922;0
1059932;1
1059944;0
1059946;1
1059956;0
1059958;0
1059982;0
1059988;0
1059992;1
1059994;1
1060000;1
1060012;1
1060016;0
1060022;0
1060036;1
1060046;1
1060048;1
1060052;0
1060058;0
1060064;0
1060078;1
1060090;1
1060102;1
1060112;0
1060130;0
1060142;1
1060180;0
1060196;1
1060198;0
1060222;0
1060228;1
1060234;0
1060258;0
1060276;1
1060282;1
1060288;0
1060294;0
1060300;0
1060306;0
1060312;0
1060318;0
1060324;0
1060336;0
1060342;0
1060348;1
1060354;0
1060366;0
1060384;0
1060390;0
1060396;0
1060408;1
1060414;0
1060420;1
1060450;1
1060456;1
1060462;1
1060468;1
1060480;0
1060486;1
1060518;0
1060520;0
1060524;0
1060548;1
1060556;0
1060562;1
1060568;1
1060580;0
1060586;0
1060598;1
1060604;0
1060616;1
1060634;0
1060648;0
1060666;1
1060678;1
1060684;1
1060690;0
1060698;0
1060702;0
1060704;0
1060710;1
1060730;0
1060736;0
1060738;0
1060762;0
1060768;0
1060782;0
1060790;0
1060794;1
1060796;1
1060800;0
1060812;0
1060814;0
1060816;1
1060832;0
1060838;0
1060840;0
1060844;0
1060850;0
1060858;0
1060874;1
1060880;1
1060910;1
1060918;0
1060922;0
1060928;0
1060930;0
1060934;0
1060946;0
1060954;0
1060958;0
1060964;0
1060966;0
1060970;0
1060982;1
1060984;0
1060994;1
1061002;1
1061014;0
1061018;0
1061030;0
1061042;1
1061050;0
1061060;0
1061066;0
1061084;0
1061086;0
1061090;0
1061092;0
1061096;1
1061106;0
1061108;0
1061114;1
1061126;1
1061128;1
1061132;0
1061138;1
1061140;1
1061146;0
1061150;0
1061158;0
1061162;0
1061164;1
1061166;1
1061170;1
1061172;0
1061180;0
1061186;1
1061188;1
1061194;1
1061196;0
1061202;0
1061210;1
1061212;0
1061218;0
1061226;0
1061234;1
1061238;0
1061250;1
1061258;0
1061262;0
1061266;0
1061268;0
1061274;0
1061278;0
1061282;0
1061284;0
1061292;0
1061300;1
1061306;0
1061308;0
1061316;0
1061318;0
1061330;0
1061340;0
1061342;0
1061354;0
1061356;0
1061362;0
1061364;1
1061372;0
1061380;1
1061382;0
1061386;0
1061388;0
1061396;0
1061398;0
1061412;1
1061420;1
1061426;1
1061428;1
1061444;0
1061446;1
1061484;1
1061494;0
1061498;0
1061502;0
1061506;0
1061508;1
1061514;0
1061516;0
1061522;1
1061532;0
1061540;0
1061548;0
1061554;0
1061574;0
1061582;0
1061594;0
1061598;0
1061602;0
1061604;1
1061614;1
1061626;0
1061628;1
1061634;0
1061638;0
1061642;0
1061646;0
1061650;0
1061652;0
1061658;1
1061660;0
1061670;1
1061674;1
1061682;1
1061690;1
1061692;0
1061702;1
1061710;1
1061714;0
1061726;0
1061730;1
1061754;0
1061758;0
1061772;1
1061774;0
1061780;0
1061786;1
1061790;1
1061796;0
1061802;0
1061810;1
1061812;1
1061820;0
1061826;0
1061838;1
1061842;0
1061846;1
1061854;0
1061862;0
1061868;1
1061870;0
1061878;1
1061882;1
1061884;0
1061886;0
1061890;0
1061892;1
1061894;0
1061900;1
1061902;0
1061906;0
1061922;0
1061930;1
1061934;0
1061940;0
1061948;0
1061950;0
1061966;0
1061970;1
1061974;1
1061996;0
1062004;0
1062006;0
1062010;0
1062018;0
1062022;0
1062026;0
1062034;0
1062036;0
1062038;0
1062044;0
1062046;0
1062052;0
1062054;0
1062058;0
1062060;1
1062066;1
1062074;0
1062076;0
1062084;1
1062090;0
1062094;0
1062098;0
1062106;0
1062118;1
1062126;0
1062138;0
1062140;0
1062154;1
1062166;0
1062170;0
1062172;0
1062178;0
1062182;0
1062194;0
1062196;0
1062206;1
1062210;1
1062222;0
1062226;0
1062234;0
1062238;0
1062242;1
1062252;0
1062258;0
1062282;0
1062286;1
1062298;1
1062302;0
1062322;0
1062326;0
1062328;0
1062334;0
1062340;1
1062344;1
1062348;1
1062350;0
1062352;0
1062356;0
1062360;0
1062364;1
1062366;1
1062372;1
1062376;0
1062386;0
1062388;0
1062390;0
1062402;1
1062410;1
1062412;0
1062414;1
1062416;0
1062432;1
1062434;1
1062442;1
1062446;0
1062456;0
1062460;0
1062480;0
1062482;1
1062490;0
1062492;1
1062494;0
1062496;1
1062498;0
1062500;1
1062502;0
1062506;0
1062512;0
1062516;0
1062520;0
1062524;1
1062526;0
1062528;0
1062530;0
1062534;1
1062536;0
1062540;0
1062548;0
1062558;0
1062566;1
1062576;0
1062582;0
1062586;1
1062588;0
1062592;0
1062594;1
1062600;0
1062602;1
1062612;0
1062618;1
1062622;0
1062624;0
1062628;0
1062630;0
1062632;1
1062638;1
1062642;0
1062644;0
1062648;0
1062654;0
1062656;0
1062658;0
1062676;0
1062678;1
1062682;1
1062684;0
1062686;0
1062688;1
1062700;0
1062702;0
1062704;0
1062706;0
1062712;0
1062716;1
1062718;0
1062724;0
1062728;1
1062730;0
1062732;0
1062734;1
1062738;0
1062740;0
1062742;0
1062746;0
1062748;0
1062750;0
1062752;0
1062754;0
1062756;0
1062768;0
1062792;1
1062802;0
1062806;1
1062810;0
1062812;0
1062814;1
1062816;1
1062830;0
1062836;1
1062844;0
1062854;0
1062860;0
1062864;1
1062872;0
1062874;1
1062880;0
1062886;0
1062898;1
1062906;1
1062908;0
1062914;1
1062928;0
1062932;0
1062936;0
1062942;0
1062948;0
1062950;0
1062954;1
1062956;1
1062958;0
1062966;0
1062970;0
1062972;0
1062974;0
1062978;1
1062980;1
1062988;1
1062996;1
1062998;0
1063002;0
1063006;1
1063008;0
1063018;1
1063020;0
1063034;0
1063044;0
1063046;0
1063048;1
1063054;0
1063058;1
1063060;0
1063062;1
1063064;0
1063070;1
1063074;0
1063084;1
1063092;0
1063098;0
1063104;1
1063122;1
1063128;0
1063134;0
1063136;0
1063156;1
1063168;0
1063170;1
1063174;0
1063186;0
1063194;1
1063200;0
1063212;0
1063224;0
1063228;0
1063230;0
1063234;0
1063244;0
1063250;0
1063256;1
1063262;1
1063268;1
1063280;1
1063284;0
1063286;1
1063288;1
1063290;0
1063294;0
1063304;1
1063312;0
1063314;1
1063324;0
1063326;0
1063330;1
1063334;0
1063344;1
1063346;1
1063348;0
1063356;1
1063360;0
1063362;0
1063364;0
1063372;0
1063376;1
1063384;0
1063388;0
1063390;0
1063392;0
1063396;0
1063404;0
1063406;0
1063412;1
1063414;0
1063422;0
1063436;1
1063438;0
1063444;1
1063446;0
1063456;0
1063460;0
1063466;0
1063476;0
1063506;1
1063514;0
1063516;0
1063518;0
1063522;1
1063526;0
1063542;0
1063546;0
1063548;0
1063552;0
1063560;0
1063562;1
1063564;1
1064034;0
1064054;0
1064060;0
1064068;1
1064078;1
1064084;1
1064086;0
1064096;1
1064108;0
1064110;0
1064128;1
1064134;1
1064140;0
1064152;0
1064164;0
1064168;0
1064174;0
1064184;1
1064192;0
1064194;0
1064196;1
1064198;0
1064202;1
1064206;1
1064212;0
1064216;1
1064222;1
1064224;0
1064230;1
1064262;1
1064270;1
1064286;0
1064314;0
1064376;1
1064386;1
1064394;1
1064400;0
1064406;0
1064416;0
1064420;0
1064428;1
1064436;0
1064442;1
1064444;0
1064446;0
1064450;0
1064454;0
1064458;0
1064484;1
1064490;1
1064498;1
1064502;0
1064504;0
1064510;0
1064514;1
1064520;0
1064522;1
1064526;0
1064528;1
1064530;1
1064534;0
1064542;1
1064546;0
1064550;0
1064552;0
1064554;0
1064556;0
1064558;0
1064566;1
1064568;0
1064570;0
1064576;1
1064586;0
1064590;1
1064592;1
1064594;0
1064608;1
1064612;1
1064616;0
1064630;0
1064638;1
1064644;0
1064646;1
1064652;0
1064654;0
1064662;0
1064664;0
1064666;1
1064672;1
1064674;0
1064676;1
1064686;1
1064690;1
1064694;1
1064710;1
1064712;0
1064720;0
1064724;1
1064728;0
1064744;0
1064754;1
1064766;0
1064782;0
1064786;0
1064798;0
1064806;1
1064822;0
1064826;1
1064840;0
1064850;0
1064862;0
1064870;0
1064874;0
1064886;0
1064894;0
1064902;0
1064906;1
1064914;1
1064922;0
1064934;0
1064942;0
1064946;1
1064954;0
1064966;0
1064974;1
1064986;0
1064994;0
1065026;1
1065036;0
1065038;0
1065046;1
1065062;0
1065066;1
1065090;0
1065104;0
1065108;0
1065110;1
1065114;0
1065116;1
1065128;1
1065132;0
1065136;0
1065140;0
1065142;0
1065148;0
1065150;0
1065154;0
1065158;1
1065160;0
1065164;1
1065166;0
1065168;1
1065170;1
1065176;1
1065180;0
1065184;1
1065188;1
1065202;1
1065216;1
1065218;0
1065220;0
1065224;0
1065226;0
1065232;0
1065250;1
1065262;1
1065264;1
1065272;1
1065274;0
1065280;1
1065294;0
1065300;1
1065302;1
1065306;0
1065312;0
1065314;1
1065322;1
1065326;0
1065330;0
1065332;0
1065334;0
1065356;0
1065360;0
1065364;0
1065370;0
1065372;0
1065374;0
1065378;1
1065380;1
1065392;1
1065400;1
1065404;0
1065416;0
1065420;0
1065424;1
1065426;0
1065432;0
1065438;0
1065440;1
1065444;1
1065450;0
1065452;0
1065460;0
1065464;0
1065472;0
1065482;1
1065488;0
1065490;0
1065492;1
1065508;0
1065510;0
1065512;0
1065514;1
1065516;1
1065532;0
1065536;1
1065554;1
1065562;0
1065570;0
1065572;1
1065576;0
1065580;0
1065590;1
1065594;1
1065620;1
1065634;0
1065644;0
1065648;0
1065660;0
1065668;1
1065676;0
1065684;0
1065688;0
1065692;0
1065694;0
1065700;1
1065702;1
1065704;0
1065708;0
1065710;1
1065716;1
1065718;1
1065720;1
1065722;1
1065724;0
1065726;1
1065744;1
1065750;1
1065754;1
1065758;0
1065760;0
1065768;1
1065772;0
1065776;1
1065784;0
1065788;1
1065790;0
1065802;0
1065816;0
1065820;0
1065822;1
1065824;0
1065840;1
1065848;1
1065854;0
1065856;0
1065858;0
1065860;0
1065862;0
1065868;1
1065872;0
1065874;0
1065884;0
1065892;0
1065894;0
1065896;1
1065898;0
1065900;1
1065904;0
1065908;0
1065910;1
1065912;1
1065914;0
1065916;0
1065920;0
1065924;0
1065938;0
1065942;1
1065946;0
1065948;0
1065958;1
1065960;1
1065964;1
1065970;0
1065972;0
1065988;0
1065998;1
1066000;1
1066002;0
1066012;1
1066014;0
1066024;1
1066028;0
1066030;0
1066032;1
1066034;1
1066036;1
1066040;1
1066042;1
1066050;1
1066058;0
1066062;0
1066064;1
1066080;0
1066096;0
1066102;0
1066106;0
1066124;0
1066128;0
1066130;0
1066132;1
1066138;0
1066144;0
1066172;1
1066180;0
1066182;0
1066202;0
1066206;0
1066208;0
1066222;0
1066226;0
1066242;1
1066252;1
1066254;1
1066256;0
1066260;0
1066262;1
1066266;0
1066268;0
1066280;0
1066286;0
1066290;1
1066298;0
1066304;1
1066306;1
1066314;0
1066316;1
1066326;0
1066334;0
1066346;1
1066348;0
1066352;0
1066354;1
1066356;1
1066360;0
1066366;0
1066370;1
1066374;0
1066378;0
1066384;0
1066386;1
1066390;1
1066392;1
1066394;0
1066410;0
1066412;0
1066414;0
1066416;0
1066418;0
1066420;1
1066422;0
1066424;0
1066426;1
1066430;0
1066436;0
1066438;1
1066442;0
1066444;0
1066448;0
1066468;1
1066472;1
1066480;1
1066484;0
1066534;0
1066538;1
1066552;0
1066558;0
1066570;0
1066598;0
1066606;0
1066610;1
1066612;0
1066618;0
1066622;0
1066628;0
1066640;1
1066646;0
1066654;0
1066658;1
1066666;1
1066676;1
1066682;1
1066688;0
1066694;0
1066696;0
1066710;1
1066714;0
1066722;0
1066726;0
1066728;0
1066744;1
1066746;0
1066748;1
1066754;0
1066766;0
1066784;1
1066786;1
1066794;0
1066796;0
1066798;0
1066806;0
1066818;0
1066820;0
1066824;0
1066826;0
1066830;0
1066832;0
1066836;0
1066838;1
1066840;0
1066842;0
1066846;0
1066852;0
1066862;0
1066878;0
1066896;1
1066900;1
1066902;0
1066904;1
1066906;0
1066910;0
1066912;0
1066922;1
1066924;1
1066926;1
1066930;1
1066932;1
1066936;0
1066942;0
1066944;0
1066948;0
1066952;0
1066960;0
1066974;1
1066978;1
1066990;0
1066994;1
1066996;0
1067000;1
1067004;0
1067006;0
1067008;0
1067012;0
1067018;1
1067020;0
1067022;0
1067032;0
1067034;0
1067046;0
1067048;1
1067052;1
1067056;0
1067060;0
1067066;0
1067074;0
1067076;0
1067082;0
1067094;0
1067110;1
1067112;0
1067118;0
1067132;0
1067136;0
1067140;0
1067144;0
1067146;1
1067148;0
1067150;1
1067156;0
1067162;0
1067170;0
1067192;0
1067198;0
1067212;0
1067216;1
1067218;0
1067232;1
1067236;0
1067240;0
1067250;0
1067252;1
1067258;0
1067260;1
1067262;1
1067264;0
1067266;0
1067272;1
1067280;0
1067286;0
1067290;0
1067298;0
1067304;1
1067310;1
1067316;1
1067330;1
1067338;0
1067342;0
1067344;1
1067348;1
1067352;1
1067356;0
1067362;1
1067364;0
1067370;1
1067380;0
1067384;1
1067386;0
1067392;1
1067398;0
1067400;1
1067406;0
1067408;1
1067410;0
1067416;1
1067426;0
1067432;0
1067434;0
1067438;0
1067440;0
1067444;0
1067446;0
1067448;0
1067450;0
1067452;0
1067458;0
1067470;1
1067472;0
1067474;0
1067478;0
1067480;0
1067490;0
1067492;0
1067504;0
1067506;0
1067508;0
1067510;1
1067516;0
1067522;1
1067540;0
1067542;0
1067546;0
1067556;0
1067562;1
1067564;0
1067566;0
1067568;0
1067572;0
1067578;0
1067582;1
1067598;0
1067602;1
1067606;0
1067608;1
1067614;0
1067616;0
1067620;0
1067622;0
1067624;0
1067630;0
1067632;1
1067636;0
1067638;0
1067648;0
1067660;1
1067666;0
1067670;0
1067674;1
1067676;0
1067678;1
1067682;0
1067688;1
1067696;1
1067698;0
1067700;0
1067710;1
1067716;1
1067728;0
1067732;0
1067734;0
1067740;1
1067744;0
1067750;0
1067760;1
1067762;0
1067774;0
1067778;1
1067786;1
1067792;0
1067798;0
1067802;1
1067804;0
1067812;0
1067820;1
1067824;0
1067830;0
1067832;0
1067836;0
1067838;0
1067840;0
1067858;0
1067860;1
1067864;1
1067866;0
1067880;0
1067882;0
1067892;0
1067906;0
1067910;0
1067912;1
1067916;0
1067918;1
1067926;0
1067928;0
1067938;0
1067940;0
1067944;0
1067952;1
1067960;0
1067962;0
1067966;1
1067978;1
1067984;0
1067986;0
1067990;1
1068000;0
1068014;1
1068020;0
1068026;0
1068034;0
1068042;0
1068052;1
1068054;0
1068064;1
1068066;1
1068072;0
1068078;0
1068080;0
1068094;1
1068102;0
1068126;0
1068132;0
1068142;1
1068168;1
1068178;0
1068182;1
1068184;0
1068194;0
1068200;1
1068202;0
1068206;1
1068208;1
1068222;0
1068224;1
1068228;0
1068230;0
1068234;0
1068240;0
1068242;1
1068268;1
1068282;0
1068286;0
1068288;1
1068300;1
1068308;1
1068312;0
1068314;1
1068318;1
1068320;0
1068324;1
1068328;1
1068340;0
1068346;0
1068348;0
1068352;0
1068356;1
1068358;0
1068360;1
1068382;0
1068386;0
1068392;1
1068394;1
1068402;1
1068420;0
1068422;1
1068428;0
1068434;0
1068438;0
1068440;0
1068444;1
1068446;0
1068460;0
1068472;0
1068474;0
1068476;0
1068480;1
1068482;1
1068486;0
1068506;0
1068516;1
1068520;0
1068528;0
1068544;1
1068548;1
1068556;0
1068562;1
1068564;1
1068568;0
1068584;1
1068602;0
1068604;1
1068620;0
1068630;1
1068640;0
1068646;0
1068648;1
1068662;1
1068664;0
1068670;0
1068672;1
1068676;1
1068682;0
1068686;1
1068702;0
1068704;0
1068708;0
1068710;0
1068720;0
1068722;1
1068726;0
1068742;1
1068746;1
1068752;1
1068754;0
1068758;0
1068760;0
1068762;0
1068764;1
1068768;0
1068790;1
1068796;0
1068798;1
1068802;0
1068806;0
1068808;0
1068820;1
1068822;1
1068824;0
1068826;0
1068828;1
1068832;0
1068836;1
1068844;0
1068860;0
1068866;0
1068868;0
1068870;0
1068880;0
1068882;0
1068888;1
1068900;0
1068902;1
1068904;1
1068910;1
1068914;0
1068918;0
1068920;1
1068924;1
1068928;1
1068966;0
1068968;0
1068986;0
1068992;1
1068994;0
1068996;1
1069002;1
1069004;0
1069006;0
1069008;1
1069022;1
1069032;0
1069038;0
1069040;1
1069062;0
1069066;1
1069070;1
1069078;1
1069080;1
1069084;0
1069088;0
1069104;0
1069106;1
1069110;0
1069116;0
1069126;1
1069140;1
1069146;1
1069156;0
1069172;1
1069180;0
1069182;1
1069184;1
1069190;0
1069192;0
1069194;0
1069196;1
1069198;0
1069222;1
1069226;0
1069228;0
1069230;0
1069232;0
1069234;1
1069236;0
1069250;1
1069256;0
1069264;1
1069266;1
1069272;1
1069278;0
1069294;0
1069296;1
1069300;1
1069306;1
1069308;0
1069310;0
1069312;1
1069318;0
1069336;1
1069338;0
1069340;1
1069342;0
1069346;0
1069348;1
1069360;0
1069362;1
1069364;0
1069366;0
1069368;0
1069370;1
1069394;0
1069406;1
1069408;0
1069420;0
1069428;1
1069430;0
1069452;0
1069454;1
1069462;1
1069466;0
1069480;0
1069482;0
1069486;0
1069496;1
1069498;0
1069514;0
1069516;0
1069522;1
1069524;1
1069526;0
1069528;1
1069542;1
1069546;0
1069548;0
1069550;0
1069552;0
1069554;1
1069570;0
1069572;1
1069576;0
1069578;0
1069580;0
1069600;0
1069606;1
1069608;0
1069612;0
1069614;0
1069618;1
1069630;1
1069632;0
1069636;1
1069640;1
1069644;0
1069648;0
1069666;1
1069670;0
1069674;0
1069676;0
1069678;0
1069690;1
1069692;1
1069696;0
1069708;1
1069726;1
1069730;0
1069736;0
1069750;0
1069752;0
1069756;0
1069758;1
1069766;0
1069784;1
1069788;0
1069792;1
1069798;0
1069844;0
1069848;0
1069862;0
1069866;0
1069880;1
1069886;0
1069904;1
1069906;0
1069922;0
1069946;0
1069948;0
1069960;0
1069964;0
1069966;0
1069984;0
1070000;0
1070002;0
1070022;0
1070024;0
1070026;1
1070040;1
1070044;0
1070068;0
1070082;0
1070086;0
1070100;0
1070108;0
1070118;0
1070122;1
1070126;1
1070128;0
1070130;1
1070134;1
1070172;0
1070216;0
1070238;1
1070242;0
1070246;0
1070248;0
1070254;1
1070256;0
1070262;1
1070264;0
1070266;0
1070270;0
1070272;1
1070280;0
1070284;1
1070296;0
1070308;0
1070312;0
1070318;0
1070328;0
1070332;0
1070338;0
1070348;1
1070350;1
1070356;0
1070378;0
1070382;0
1070386;0
1070388;0
1070392;0
1070400;1
1070458;0
1070460;0
1070462;1
1070470;1
1070484;1
1070486;0
1070500;1
1070504;0
1070506;0
1070508;0
1070526;1
1070530;1
1070536;1
1070538;1
1070542;1
1070544;1
1070550;0
1070554;0
1070560;1
1070562;0
1070564;0
1070566;0
1070568;1
1070570;0
1070576;1
1070584;0
1070588;1
1070590;1
1070594;0
1070596;0
1070600;1
1070602;1
1070604;0
1070606;1
1070608;1
1070618;0
1070622;0
1070634;1
1070644;0
1070648;1
1070650;0
1070652;0
1070656;0
1070666;0
1070674;0
1070676;1
1070678;0
1070686;0
1070688;0
1070692;0
1070694;0
1070708;1
1070714;0
1070722;1
1070724;1
1070732;0
1070742;0
1070746;0
1070752;0
1070754;1
1070758;0
1070760;0
1070762;0
1070764;1
1070778;0
1070780;0
1070782;0
1070784;0
1070788;1
1070790;1
1070796;1
1070800;0
1070804;0
1070806;1
1070812;0
1070818;0
1070824;0
1070826;0
1070834;1
1070838;1
1070840;1
1070846;0
1070848;1
1070864;0
1070868;0
1070878;0
1070880;1
1070884;0
1070888;0
1070890;1
1070894;0
1070898;1
1070902;0
1070904;0
1070906;1
1070912;0
1070914;0
1070918;0
1070922;0
1070928;0
1070930;0
1070932;1
1070940;0
1070946;0
1070952;1
1070954;0
1070956;0
1070958;0
1070960;1
1070964;0
1070974;0
1070980;1
1070982;0
1070986;1
1070992;0
1070994;1
1071002;0
1071006;0
1071008;0
1071010;0
1071014;0
1071016;0
1071018;1
1071020;0
1071022;1
1071024;0
1071028;0
1071032;1
1071036;1
1071038;1
1071044;1
1071046;1
1071048;0
1071050;1
1071052;0
1071062;0
1071064;1
1071074;0
1071084;0
1071086;0
1071088;0
1071098;0
1071102;0
1071104;0
1071106;0
1071116;0
1071118;0
1071122;0
1071124;0
1071126;0
1071128;0
1071130;0
1071132;0
1071134;0
1071146;1
1071154;0
1071156;0
1071158;0
1071168;1
1071178;1
1071182;0
1071184;1
1071186;0
1071188;0
1071190;1
1071194;0
1071198;1
1071200;0
1071202;1
1071204;0
1071208;0
1071210;0
1071216;0
1071230;0
1071234;1
1071264;1
1071272;0
1071274;1
1071280;1
1071284;1
1071286;0
1071288;1
1071300;0
1071302;1
1071304;0
1071306;1
1071318;0
1071320;0
1071322;0
1071326;0
1071336;0
1071340;0
1071342;0
1071356;0
1071358;0
1071362;1
1071366;0
1071368;0
1071378;1
1071386;1
1071390;0
1071392;0
1071394;1
1071400;0
1071404;0
1071410;1
1071418;0
1071420;0
1071424;0
1071428;1
1071430;0
1071440;0
1071442;0
1071458;1
1071462;0
1071476;1
1071480;0
1071486;0
1071504;0
1071506;1
1071514;1
1071516;0
1071520;0
1071524;0
1071526;0
1071530;0
1071532;0
1071534;0
1071538;0
1071540;0
1071544;1
1071548;0
1071552;0
1071554;1
1071556;0
1071558;0
1071568;1
1071582;1
1071586;1
1071588;1
1071590;0
1071598;1
1071600;0
1071604;1
1071608;1
1071618;0
1071622;1
1071628;0
1071638;1
1071644;0
1071646;0
1071650;0
1071654;0
1071656;1
1071668;0
1071674;0
1071676;1
1071680;0
1071686;0
1071698;1
1071702;0
1071704;1
1071710;1
1071728;1
1071730;1
1071738;0
1071748;1
1071752;1
1071754;1
1071758;0
1071760;1
1071764;1
1071766;1
1071774;0
1071784;1
1071786;1
1071792;1
1071806;0
1071814;1
1071816;1
1071818;0
1071820;0
1071822;0
1071846;0
1071852;1
1071854;0
1071856;0
1071858;0
1071860;1
1071866;1
1071876;1
1071882;0
1071886;1
1071888;1
1071892;1
1071894;0
1071908;1
1071912;0
1071916;1
1071922;1
1071940;1
1071942;0
1071944;0
1071950;0
1071968;0
1071970;0
1071976;1
1071990;1
1072006;0
1072014;0
1072016;0
1072018;1
1072032;1
1072042;1
1072070;0
1072074;0
1072080;1
1072086;0
1072088;1
1072144;1
1072152;0
1072154;1
1072158;0
1072160;0
1072164;1
1072168;0
1072170;1
1072172;1
1072174;1
1072176;1
1072178;1
1072180;0
1072184;0
1072186;1
1072188;1
1072190;0
1072214;1
1072216;0
1072218;0
1072220;1
1072222;0
1072224;0
1072226;1
1072238;0
1072240;1
1072242;0
1072244;1
1072250;1
1072254;0
1072256;0
1072258;0
1072370;1
1072380;0
1072382;0
1072384;0
1072388;1
1072390;1
1072396;0
1072398;0
1072410;0
1072414;0
1072418;0
1072420;0
1072422;0
1072426;1
1072446;1
1072448;0
1072452;0
1072454;1
1072460;0
1072470;0
1072474;0
1072478;1
1072480;1
1072484;1
1072486;0
1072490;1
1072492;0
1072496;0
1072498;1
1072500;1
1072506;0
1072508;0
1072512;1
1072520;0
1072524;0
1072540;0
1072542;1
1072556;0
1072560;0
1072562;1
1072574;1
1072582;0
1072584;0
1072588;0
1072590;0
1072600;0
1072614;1
1072618;0
1072620;1
1072626;0
1072634;0
1072638;0
1072652;0
1072654;0
1072660;0
1072662;1
1072664;1
1072670;0
1072684;0
1072690;0
1072698;0
1072712;0
1072722;1
1072732;1
1072734;0
1072740;1
1072742;0
1072748;0
1072750;0
1072752;0
1072754;0
1072758;0
1072760;1
1072764;0
1072768;1
1072772;0
1072774;1
1072780;0
1072782;1
1072786;0
1072794;0
1072798;0
1072800;0
1072804;1
1072820;0
1072822;1
1072828;0
1072830;1
1072834;1
1072842;0
1072852;1
1072854;1
1072858;1
1072862;1
1072868;0
1072870;0
1072876;0
1072884;0
1072888;1
1072890;1
1072892;0
1072898;0
1072900;1
1072902;1
1072904;0
1072906;0
1072910;0
1072914;0
1072916;1
1072918;0
1072928;0
1072930;0
1072936;1
1072946;0
1072976;1
1073006;0
1073036;1
1073092;0
1073094;1
1073096;0
1073098;0
1073100;0
1073104;1
1073108;0
1073120;0
1073122;1
1073124;1
1073126;1
1073130;0
1073132;0
1073136;0
1073140;1
1073142;1
1073144;0
1073146;1
1073148;1
1073160;0
1073164;1
1073168;0
1073180;0
1073182;0
1073184;0
1073190;1
1073192;1
1073194;0
1073200;0
1073202;1
1073204;0
1073206;1
1073208;0
1073212;1
1073216;1
1073218;1
1073220;0
1073226;0
1073228;0
1073232;1
1073234;1
1073236;0
1073238;1
1073240;0
1073242;0
1073244;0
1073256;0
1073258;0
1073260;1
1073262;1
1073274;1
1073276;0
1073278;1
1073282;0
1073288;1
1073294;0
1073296;0
1073302;0
1073312;0
1073318;0
1073322;1
1073332;0
1073344;0
1073352;0
1073360;0
1073364;0
1073370;1
1073378;0
1073380;1
1073382;0
1073384;0
1073386;1
1073392;0
1073394;1
1073396;0
1073408;0
1073412;1
1073414;0
1073570;0
1073576;0
1073582;0
1073590;1
1073596;0
1073600;0
1073602;0
1073604;0
1073614;0
1073626;1
1073628;1
1073632;0
1073634;0
1073638;0
1073644;1
1073648;1
1073650;0
1073654;0
1073662;1
1073682;0
1073684;0
1073686;1
1073688;1
1073690;0
1073708;0
1073710;1
1073712;0
1073718;0
1073736;0
1073746;1
1073748;1
1073762;0
1073772;0
1073788;0
1073796;1
1073806;0
1073808;1
1073818;0
1073820;1
1073830;1
1073832;0
1073846;1
1073860;0
1073862;0
1073864;0
1073868;1
1073874;0
1073876;1
1073880;1
1073882;1
1073886;0
1073888;1
1073890;0
1073892;0
1073896;0
1073898;0
1073902;0
1073904;1
1073906;0
1073910;1
1073914;1
1073916;1
1073918;0
1073920;0
1073932;0
1073934;0
1073940;1
1073946;1
1073950;0
1073952;1
1073954;0
1073964;0
1073966;0
1073970;0
1073980;0
1073982;1
1073984;1
1073986;0
1073990;0
1073992;0
1073996;1
1074000;1
1074004;0
1074006;1
1074018;0
1074020;1
1074022;0
1074026;0
1074030;0
1074032;1
1074042;0
1074048;0
1074056;0
1074058;1
1074080;1
1074098;1
1074108;0
1074158;1
1074168;0
1074174;1
1074178;0
1074182;0
1074194;0
1074196;1
1074206;0
1074216;0
1074234;0
1074242;0
1074262;0
1074384;0
1074388;0
1074394;0
1074396;1
1074402;1
1074404;1
1074412;0
1074414;0
1074416;1
1074418;1
1074420;1
1074424;1
1074430;1
1074438;0
1074442;0
1074450;1
1074452;1
1074454;1
1074460;0
1074464;0
1074466;1
1074472;0
1074478;0
1074520;0
1074526;0
1074534;0
1074550;0
1074568;0
1074578;0
1074580;0
1074588;0
1074594;0
1074604;0
1074606;0
1074616;0
1074618;1
1074652;0
1074670;1
1074674;0
1074678;1
1074680;1
1074696;0
1074704;0
1074708;1
1074710;1
1074714;1
1074716;0
1074722;1
1074724;0
1074726;1
1074732;1
1074758;0
1074764;1
1074766;1
1074782;0
1074784;0
1074792;0
1074796;1
1074800;0
1074812;0
1074822;0
1074828;0
1074852;1
1074854;0
1074864;1
1074872;0
1074878;0
1074898;0
1074904;1
1074906;0
1074916;1
1074918;0
1074922;1
1074926;0
1074932;0
1074940;1
1074942;0
1074946;0
1074950;0
1074952;0
1074956;0
1074958;1
1074960;0
1074962;1
1074968;1
1074972;0
1074976;1
1074984;1
1075000;1
1075016;0
1075060;0
1075072;0
1075074;1
1075082;1
1075086;1
1075092;1
1075094;0
1075106;0
1075110;1
1075112;0
1075116;1
1075122;0
1075132;0
1075140;0
1075160;1
1075164;1
1075168;0
1075172;1
1075174;0
1075176;0
1075182;0
1075188;0
1075196;0
1075204;0
1075208;0
1075218;0
1075224;1
1075240;0
1075248;0
1075264;0
1075270;1
1075274;0
1075278;1
1075396;1
1075410;1
1075412;0
1075420;0
1075430;1
1075436;0
1075440;0
1075444;0
1076482;0
1076486;0
1076488;1
1076492;0
1076510;0
1076518;1
1076520;1
1076524;1
1076526;0
1076528;0
1076532;1
1076540;0
1076544;0
1076562;0
1076564;1
1076572;1
1076574;0
1076592;0
1076594;0
1076598;0
1076600;0
1076606;0
1076608;0
1076628;0
1076632;0
1076636;1
1076652;0
1076688;1
1076718;1
1076726;1
1076740;1
1076742;0
1076746;1
1076748;1
1076754;0
1076758;0
1076762;0
1076764;0
1076770;1
1076772;1
1076774;0
1076792;1
1076806;0
1076820;0
1076830;0
1076858;1
1076874;0
1077030;0
1077148;1
1077150;1
1077178;1
1077210;0
1077252;0
1077336;1
1077364;0
1077414;0
1077440;1
1077442;1
1077454;1
1077474;0
1077476;1
1077478;0
1077508;0
1077608;0
1077610;1
1077616;1
1077650;1
1077676;0
1077686;0
1077696;0
1077716;1
1077734;0
1077744;1
1077768;1
1077780;0
1077852;0
1077868;0
1077874;0
1077878;1
1077898;0
1077908;0
1077928;0
1077930;0
1077936;0
1077964;0
1077980;0
1077982;0
1077986;1
1078026;0
1078070;0
1078126;0
1078148;0
1078154;0
1078172;1
1078180;1
1078196;1
1078218;0
1078220;1
1078246;0
1078250;0
1078260;1
1078272;1
1078276;1
1078300;1
1078312;0
1078330;0
1078384;0
1078400;0
1078410;0
1078420;0
1078448;0
1078460;0
1078470;0
1078492;0
1078506;0
1078512;0
1078532;1
1078540;0
1078542;0
1078544;1
1078560;1
1078574;0
1078578;1
1078586;0
1078590;0
1078602;0
1078676;0
1078680;0
1078690;0
1078704;1
1078726;0
1078774;0
1078790;1
1078826;1
1078828;1
1078844;1
1078862;0
1078866;1
1078882;0
1078884;1
1078886;1
1078906;0
1078922;0
1078924;1
1078938;1
1078968;0
1078982;1
1079030;1
1079060;1
1079092;1
1079094;1
1079146;0
1079158;0
1079168;1
1079178;0
1079210;0
1079248;0
1079286;0
1079288;0
1079344;1
1079348;0
1079362;0
1079386;1
1079400;1
1079402;0
1079430;0
1079436;1
1079444;0
1079460;0
1079476;1
1079490;0
1079514;0
1079516;1
1079552;1
1079560;0
1079578;0
1079598;0
1079624;1
1079632;0
1079690;0
1079698;0
1079700;0
1079740;1
1079756;1
1079764;0
1079946;0
1079948;1
1079966;1
1079972;1
1079978;0
1079986;0
1079996;0
1080012;1
1080028;0
1080034;0
1080038;1
1080056;0
1080070;0
1080074;0
1080088;0
1080092;0
1080106;1
1080112;1
1080162;0
1080168;0
1080172;0
1080174;0
1080184;1
1080186;0
1080202;1
1080322;0
1080358;0
1080364;0
1080370;1
1080386;1
1080410;0
1080452;0
1080464;0
1080470;0
1080572;0
1080618;0
1080626;1
1080634;0
1080642;0
1080650;0
1080656;0
1080668;1
1080672;1
1080706;1
1080708;1
1080714;1
1080730;0
1080742;0
1080776;0
1080790;0
1080794;0
1080804;0
1080810;0
1080816;0
1080818;1
1080820;1
1080850;0
1080854;1
1080870;1
1080892;0
1080914;0
1080940;0
1080954;0
1080958;0
1080974;0
1081022;0
1081026;0
1081044;1
1081058;1
1081066;0
1081088;0
1081148;1
1081154;1
1081156;1
1081166;1
1081172;1
1081174;0
1081190;1
1081196;0
1081202;0
1081208;0
1081216;0
1081218;0
1081220;0
1081228;0
1081232;0
1081276;0
1081298;0
1081306;0
1081312;0
1081316;1
1081318;1
1081320;0
1081332;0
1081342;0
1081352;1
1081356;0
1081368;1
1081372;0
1081374;1
1081376;0
1081378;1
1081404;0
1081422;0
1081436;0
1081444;0
1081472;0
1081476;1
1081482;0
1081488;1
1081492;0
1081500;1
1081518;1
1081534;1
1081546;0
1081552;1
1081568;0
1081570;1
1081586;1
1081588;1
1081596;1
1081620;0
1081636;1
1081662;0
1081676;1
1081678;0
1081680;0
1081700;0
1081704;0
1081706;1
1081712;0
1081714;0
1081720;1
1081722;0
1081734;0
1081746;1
1081748;0
1081754;0
1081760;1
1081800;1
1081804;0
1081808;0
1081816;1
1081828;1
1081844;0
1081850;0
1081854;0
1081860;0
1081862;0
1081880;1
1081884;1
1081906;1
1081914;0
1081916;0
1081934;1
1081950;1
1081956;1
1081958;0
1081964;0
1081976;0
1081984;0
1081996;0
1081998;0
1082000;0
1082008;1
1082018;0
1082026;1
1082034;0
1082036;0
1082040;1
1082052;0
1082064;0
1082068;1
1082072;1
1082074;0
1082092;1
1082102;0
1082110;1
1082114;0
1082122;1
1082126;0
1082130;0
1082140;1
1082142;1
1082144;0
1082156;0
1082168;1
1082172;0
1082182;0
1082190;1
1082192;0
1082206;0
1082220;1
1082248;1
1082252;0
1082268;1
1082270;0
1082272;1
1082288;0
1082300;1
1082312;1
1082318;0
1082334;0
1082336;1
1082354;0
1082370;0
1082394;1
1082422;1
1082438;1
1082458;0
1082468;1
1082478;0
1082482;0
1082496;1
1082504;0
1082506;1
1082560;1
1082568;1
1082572;0
1082574;0
1082580;0
1082592;0
1082604;0
1082616;0
1082618;0
1082622;1
1082624;1
1082630;0
1082632;1
1082642;0
1082654;1
1082662;1
1082670;0
1082720;0
1082726;0
1082728;1
1084896;0
1084914;0
1084932;1
1084936;0
1084944;1
1085010;0
1085018;0
1085038;0
1085054;1
1085072;0
1085098;1
1085134;0
1085138;0
1085156;1
1085162;0
1085182;1
1085188;0
1085196;1
1085214;0
1085218;1
1085220;1
1085224;0
1085248;0
1085292;1
1085300;0
1085316;0
1085322;1
1085326;1
1085330;0
1085342;0
1085368;0
1085378;0
1085380;0
1085384;0
1085394;0
1085402;0
1085408;0
1085412;0
1085424;0
1085430;1
1085446;0
1085452;0
1085454;1
1085456;1
1085464;0
1085488;1
1085492;0
1085520;0
1085538;1
1085600;0
1085608;0
1085638;0
1085680;0
1085698;0
1085742;0
1085770;0
1085808;0
1085818;1
1085838;0
1085844;1
1085880;0
1085916;1
1085936;1
1085950;0
1085958;1
1086006;0
1086008;0
1086026;1
1086042;0
1086044;1
1086066;1
1086074;1
1086082;1
1086164;0
1086190;0
1086262;0
1086306;1
1086314;0
1086316;1
1086318;1
1086328;0
1086340;0
1086344;1
1086346;0
1086354;0
1086364;1
1086372;1
1086390;1
1086398;0
1086404;0
1086408;0
1086416;0
1086424;0
1086434;0
1086456;0
1086464;0
1086474;0
1086492;1
1086502;0
1086512;1
1086524;1
1086536;0
1086570;0
1086582;0
1086708;1
1086716;0
1086726;0
1086748;1
1086750;0
1086758;1
1086768;0
1086780;0
1086798;0
1086810;0
1086858;0
1086866;0
1086868;0
1086880;0
1086892;1
1086902;1
1086906;1
1086948;0
1086962;0
1086968;0
1086972;0
1086986;0
1087020;1
1087024;1
1087026;1
1087046;0
1087052;1
1087064;1
1087076;1
1087088;0
1087112;0
1087140;0
1087144;1
1087232;0
1087238;1
1087254;1
1087256;1
1087264;0
1087272;0
1087278;1
1087302;0
1087312;0
1087316;0
1087328;0
1087382;1
1087400;0
1087426;0
1087440;0
1087462;1
1087468;1
1087498;0
1087510;1
1087512;0
1087526;0
1087528;0
1087542;0
1087552;0
1087554;0
1087556;0
1087584;0
1087586;0
1087598;0
1087604;0
1087610;1
1087616;1
1087632;0
1087664;0
1087674;0
1087710;1
1087716;1
1087724;0
1087726;1
1087738;1
1087748;1
1087760;1
1087772;0
1087792;1
1087796;1
1087824;1
1087830;0
1087846;0
1087856;0
1087860;1
1087862;1
1087870;0
1087888;0
1087908;1
1087910;0
1087916;1
1087918;0
1087936;0
1087954;1
1087960;0
1087972;0
1087982;0
1087992;0
1088008;0
1088010;0
1088018;0
1088030;0
1088038;0
1088050;0
1088056;1
1088058;0
1088062;0
1088070;0
1088078;1
1088082;0
1088100;0
1088112;1
1088114;0
1088116;1
1088122;0
1088128;0
1088140;1
1088152;1
1088168;0
1088178;0
1088184;0
1088204;0
1088214;0
1088222;1
1088232;0
1088240;0
1088244;1
1088262;0
1088272;0
1088284;1
1088288;1
1088292;1
1088310;0
1088328;0
1088340;1
1088342;1
1088352;0
1088364;0
1088402;0
1088414;0
1088420;1
1088428;0
1088432;1
1088434;1
1088436;1
1088444;1
1088446;0
1088458;0
1088464;0
1088472;1
1088488;0
1088490;1
1088492;0
1088538;1
1088540;0
1088600;1
1088618;0
1088632;0
1088638;0
1088640;1
1088662;0
1088666;1
1088676;0
1088702;0
1088704;1
1088710;1
1088716;1
1088732;1
1088740;0
1088748;0
1088750;1
1088758;0
1088760;1
1088768;0
1088770;0
1088792;1
1088816;0
1088832;0
1088860;0
1088870;0
1088874;1
1088878;0
1088882;0
1088922;0
1088926;0
1088930;0
1088948;1
1088952;0
1088966;0
1088976;1
1088980;0
1088996;0
1089000;0
1089014;0
1089018;0
1089022;0
1089026;0
1089038;0
1089044;1
1089050;0
1089066;0
1089076;0
1089080;1
1089112;0
1089118;0
1089120;0
1089142;0
1089172;0
1089182;0
1089184;0
1089188;0
1089244;0
1089252;1
1089274;0
1089288;0
1089298;0
1089308;1
1089312;0
1089352;1
1089366;1
1089396;0
1089422;1
1089426;0
1089434;1
1089444;0
1089448;0
1089466;1
1089476;0
1089502;1
1089504;0
1089508;0
1089520;1
1089526;1
1089554;0
1089626;1
1089630;0
1089650;1
1089668;0
1089690;0
1089722;1
1089736;1
1089744;0
1089770;0
1089774;0
1089786;0
1089794;0
1089796;0
1089798;0
1089816;0
1089834;0
1089846;0
1089866;0
1089880;0
1089888;1
1089904;0
1089938;1
1089962;0
1089974;0
1089978;0
1092518;0
1092522;1
1092526;0
1092542;0
1092546;0
1092548;1
1092552;0
1092558;0
1092566;0
1092570;0
1092572;1
1092580;0
1092582;0
1092584;0
1092594;1
1092604;0
1092606;0
1092614;0
1092640;1
1092650;1
1092652;0
1092662;0
1092664;0
1092668;1
1092672;0
1092676;1
1092680;0
1092692;0
1092696;1
1092700;1
1092716;0
1092718;0
1092724;0
1092726;0
1092738;0
1092762;0
1092784;1
1092786;0
1092820;0
1092828;0
1092860;0
1092866;0
1092880;1
1092882;1
1092920;1
1092924;1
1092928;0
1092946;0
1092960;1
1093002;0
1093024;0
1093044;0
1093046;0
1093068;1
1093106;0
1093126;0
1093140;1
1093142;0
1093178;1
1093194;0
1093218;1
1093250;0
1093254;1
1093256;0
1093272;0
1093332;1
1093336;0
1093378;0
1093416;0
1093454;1
1093470;0
1093472;0
1093478;1
1093498;1
1093530;0
1093538;1
1093574;1
1093576;1
1093584;1
1093588;1
1093592;1
1093594;1
1093644;1
1093686;1
1093694;1
1093696;1
1093698;0
1093702;0
1093742;1
1093754;1
1093776;0
1093802;0
1093814;0
1093818;0
1093824;1
1093840;0
1093844;0
1093846;0
1093850;1
1093854;0
1093864;0
1093874;1
1093888;0
1093894;0
1093896;0
1093898;0
1093916;1
1093932;1
1093940;0
1093968;1
1093970;0
1093972;0
1093982;0
1093986;0
1094008;0
1094014;0
1094036;0
1094052;1
1094056;0
1094088;0
1094096;0
1094100;0
1094114;1
1094134;0
1094144;0
1094148;1
1094184;0
1094200;0
1094218;0
1094226;0
1094244;1
1094250;1
1094262;1
1094272;0
1094276;0
1094284;1
1094302;1
1094306;1
1094310;0
1094316;1
1094318;0
1094320;0
1094336;0
1094368;1
1094370;0
1094380;0
1094406;1
1094410;0
1094418;0
1094466;0
1094512;0
1094528;1
1094542;1
1094546;0
1094550;0
1094568;0
1094580;1
1094584;1
1094588;1
1094590;1
1094594;1
1094610;1
1094612;1
1094618;0
1095708;0
1095756;1
1095760;0
1095762;0
1095764;0
1095768;0
1095774;0
1095782;1
1095784;0
1095790;1
1095792;0
1095796;0
1095798;0
1095800;1
1095802;0
1095804;1
1095806;0
1095812;0
1095834;0
1095842;0
1095848;1
1095850;1
1095882;1
1095884;0
1095888;0
1095890;0
1095894;1
1095908;0
1095922;0
1095928;0
1095930;0
1095934;1
1095938;1
1095944;1
1095948;0
1095976;1
1095984;0
1096008;0
1096010;1
1096012;1
1096014;0
1096052;0
1096090;0
1096100;0
1096110;0
1096120;0
1096168;0
1096176;1
1096178;1
1096184;1
1096200;0
1096214;0
1096218;0
1096268;0
1096274;0
1096282;0
1096284;0
1096288;1
1096292;1
1096296;0
1096302;1
1096332;0
1096336;0
1096338;0
1096344;0
1096350;0
1096360;0
1096370;0
1096376;0
1096380;1
1096382;1
1096398;0
1096404;0
1096406;0
1096414;0
1096426;0
1096432;0
1096440;0
1096450;1
1096452;1
1096454;0
1096464;0
1096472;0
1096476;0
1096480;0
1096482;0
1096494;1
1096514;0
1096522;0
1096540;1
1096544;0
1096552;1
1096576;0
1096584;0
1096586;1
1096588;0
1096590;0
1096596;0
1096602;0
1096604;1
1096612;0
1096614;0
1096618;0
1096628;0
1096630;0
1096632;0
1096634;1
1096638;1
1096652;1
1096656;1
1096658;1
1096660;0
1096664;1
1096666;0
1096670;0
1096672;0
1096674;0
1096680;0
1096682;1
1096684;1
1096690;1
1096694;0
1096696;1
1096700;1
1096720;1
1096724;0
1096726;0
1096730;1
1096738;0
1096740;0
1096744;1
1096752;0
1096756;1
1096758;0
1096764;1
1096766;0
1096768;0
1096772;0
1096776;0
1096778;0
1096780;0
1096782;0
1096794;1
1096796;1
1096800;1
1096804;1
1096806;1
1096810;0
1096812;0
1096816;0
1096818;1
1096822;1
1096828;1
1096838;0
1096840;0
1096844;0
1096846;0
1096850;1
1096852;0
1096860;0
1096874;0
1096876;1
1096890;1
1096892;1
1096894;0
1096896;0
1096908;1
1096910;0
1097124;0
1097136;0
1097144;0
1097164;0
1097178;1
1097180;1
1097184;1
1097236;0
1097240;1
1097252;0
1097264;0
1097286;0
1097290;0
1097316;0
1097322;0
1097328;1
1097338;1
1097342;0
1097348;1
1097350;0
1097354;0
1097358;0
1097360;1
1097368;0
1097374;0
1097378;1
1097386;1
1097388;1
1097406;0
1097420;1
1097424;0
1097428;1
1097432;0
1097442;1
1097444;0
1097450;0
1097456;1
1097464;0
1097486;0
1097496;0
1097500;0
1097502;1
1097514;0
1097520;0
1097522;0
1097526;0
1097532;1
1097534;0
1097548;1
1097558;1
1097560;0
1097568;1
1097572;1
1097582;0
1097602;0
1097604;0
1097608;0
1097614;0
1097622;0
1097642;1
1097644;0
1097654;1
1097672;0
1097676;0
1097686;0
1097690;0
1097694;0
1097698;1
1097700;0
1097702;0
1097704;1
1097706;1
1097728;0
1097754;0
1097756;0
1097758;0
1097778;0
1097788;1
1097796;0
1097808;1
1097816;1
1097828;0
1097836;0
1097838;0
1097842;0
1097844;0
1097850;1
1097856;1
1097860;0
1097862;0
1097872;0
1097874;0
1097876;0
1097902;1
1097906;0
1097910;0
1097916;0
1097924;0
1097930;1
1097934;0
1097940;0
1097966;0
1097972;0
1097992;0
1097994;0
1097998;1
1098006;1
1098016;0
1098028;0
1098054;0
1098058;0
1098060;0
1098082;1
1098086;0
1098092;1
1098096;1
1098112;1
1098124;1
1098148;0
1098154;0
1098166;0
1098174;0
1098184;1
1098188;0
1098190;1
1098206;0
1098242;0
1098244;1
1098262;1
1098274;1
1098282;0
1098284;1
1098302;0
1098304;0
1098308;1
1098350;0
1098356;1
1098358;1
1098360;0
1098362;0
1098382;1
1098392;1
1098394;1
1098402;0
1098404;1
1098408;0
1098430;0
1098434;0
1098446;0
1098448;1
1098452;0
1098464;0
1098476;0
1098494;0
1098496;1
1098522;1
1098524;0
1098526;0
1098534;0
1098546;0
1098552;0
1098556;0
1098562;1
1098570;1
1098574;1
1098584;1
1098586;0
1098608;0
1098620;0
1098622;0
1098626;1
1098628;1
1098630;0
1098636;0
1098644;0
1098654;0
1098656;0
1098670;1
1098678;0
1098684;0
1098692;0
1098694;0
1098696;0
1098698;1
1098708;0
1098724;1
1098728;1
1098732;0
1098734;0
1098736;1
1098748;0
1098754;1
1098768;0
1098770;0
1098772;1
1098774;1
1098776;0
1098780;0
1098788;0
1098792;0
1098808;0
1098830;1
1098836;0
1098838;0
1098848;0
1098856;1
1098858;0
1098862;0
1098866;0
1098878;0
1098880;0
1098888;0
1098890;0
1098896;1
1098898;1
1098904;0
1098910;1
1098916;1
1098922;0
1098932;0
1098934;0
1098938;1
1098946;0
1098948;1
1098956;0
1098958;0
1098970;0
1098998;0
1099000;0
1099002;1
1099004;0
1099006;1
1099016;0
1099046;0
1099062;0
1099072;0
1099078;1
1099082;0
1099090;0
1099102;0
1099114;0
1099116;1
1099132;0
1099156;1
1099158;0
1099160;1
1099162;1
1099172;0
1099178;1
1099188;0
1099194;1
1099208;0
1099214;0
1099232;1
1099236;0
1099266;0
1099272;1
1099276;0
1099308;0
1099314;0
1099318;0
1099324;0
1099338;0
1099340;0
1099348;0
1099356;0
1099360;0
1099364;0
1099372;0
1099378;0
1099396;1
1099412;1
1099414;0
1099416;0
1099422;0
1099426;0
1099440;1
1099444;0
1099470;1
1099472;1
1099514;0
1099516;0
1099522;0
1099526;0
1099566;1
1099568;0
1099570;1
1099572;0
1099574;0
1099584;1
1099614;0
1099636;0
1099658;1
1099662;0
1099682;1
1099704;0
1099726;0
1099732;1
1099772;0
1099784;1
1099786;0
1099788;0
1099792;0
1099794;1
1099800;1
1099804;1
1099806;0
1099814;1
1099820;1
1099840;0
1099844;0
1099848;0
1099856;0
1099860;1
1099876;0
1099880;0
1099884;0
1099888;0
1099910;1
1099922;1
1099926;0
1099930;0
1099934;0
1099936;0
1099938;0
1099948;0
1099950;0
1099952;0
1099954;1
1099956;0
1099958;0
1099960;0
1099970;0
1099982;1
1099988;1
1099996;0
1100000;0
1100010;1
1100014;1
1100016;0
1100018;0
1100020;1
1100040;0
1100052;1
1100056;0
1100064;1
1100068;1
1100070;1
1100078;0
1100096;0
1100102;1
1100112;0
1100120;0
1100130;0
1100132;0
1100144;0
1100146;0
1100154;0
1100162;0
1100168;0
1100172;0
1100184;0
1100190;1
1100196;0
1100200;1
1100204;1
1100206;1
1100208;1
1100210;1
1100212;0
1100218;1
1100222;0
1100234;0
1100244;0
1100250;1
1100274;0
1100276;0
1100278;0
1100296;1
1100302;0
1100304;1
1100318;1
1100330;0
1100342;1
1100348;0
1100350;0
1100352;0
1100360;1
1100372;0
1100398;1
1100404;1
1100410;0
1100412;0
1100414;1
1100416;0
1100420;1
1100464;0
1100468;0
1100478;0
1100490;0
1100502;1
1100506;0
1100508;0
1100520;0
1100544;1
1100552;0
1100566;0
1100576;0
1100580;1
1100604;1
1100614;0
1100628;0
1100632;0
1100636;0
1100638;0
1100640;0
1100648;0
1100650;1
1100662;0
1100666;0
1100672;1
1100674;0
1100682;0
1100686;0
1100696;0
1100708;0
1100710;1
1100714;0
1100718;0
1100736;0
1100740;0
1100744;0
1100748;1
1100750;0
1100754;0
1100766;0
1100772;0
1100776;1
1100778;0
1100780;0
1100792;1
1100804;0
1100808;1
1100820;0
1100822;1
1100830;0
1100834;0
1100842;0
1100866;0
1100872;1
1100876;0
1100894;1
1100896;0
1100912;1
1100916;1
1100926;0
1100928;0
1100940;0
1100948;0
1100950;0
1100954;1
1100958;1
1100966;0
1100972;0
1100996;1
1101000;0
1101010;1
1101014;0
1101026;0
1101050;0
1101060;1
1101076;0
1101086;0
1101116;1
1101124;0
1101130;1
1101138;1
1101158;0
1101160;0
1101180;1
1101184;1
1101206;0
1101274;0
1101276;0
1101278;1
1101280;1
1101286;1
1101298;0
1101302;0
1101308;1
1101318;0
1101326;0
1101330;0
1101334;0
1101340;0
1101352;1
1101372;0
1101374;0
1101378;0
1101384;1
1101390;0
1101398;1
1101402;0
1101406;0
1101416;0
1101418;0
1101430;0
1101440;1
1101456;0
1101462;1
1101476;0
1101510;0
1101516;0
1101524;0
1101552;0
1101570;1
1101578;0
1101594;1
1101608;1
1101618;1
1101630;0
1101634;1
1101640;1
1101668;0
1101672;0
1101674;0
1101686;0
1101700;1
1101706;0
1101714;0
1101732;1
1101738;0
1101744;0
1101748;1
1101756;1
1101760;0
1101762;0
1101778;0
1101780;1
1101796;1
1101798;0
1101804;0
1101814;0
1101826;0
1101836;0
1101850;0
1101856;0
1101858;0
1101864;0
1101886;0
1101888;0
1101940;1
1101944;1
1101946;1
1101970;0
1101976;1
1101990;0
1102002;0
1102044;0
1102070;0
1102078;0
1102082;1
1102092;0
1102102;0
1102104;0
1102112;0
1102122;1
1102128;0
1102132;1
1102136;1
1102150;0
1102152;0
1102160;0
1102168;1
1102174;0
1102188;0
1102198;0
1102210;1
1102212;1
1102216;1
1102220;0
1102224;1
1102228;1
1102236;1
1102242;0
1102252;1
1102258;0
1102262;1
1102266;0
1102284;0
1102292;1
1102302;0
1102306;0
1102332;1
1102336;0
1102338;0
1102342;1
1102344;1
1102348;0
1102352;1
1102378;1
1102402;0
1102424;0
1102462;0
1102464;1
1102470;0
1102482;1
1102484;1
1102488;0
1102494;0
1102502;1
1102504;1
1102506;0
1102510;0
1102532;1
1102536;0
1102538;0
1102556;1
1102564;1
1102574;1
1102584;1
1102586;1
1102588;1
1102606;1
1102608;0
1102624;0
1102626;0
1102632;1
1102644;1
1102648;0
1102652;0
1102664;0
1102668;0
1102676;0
1102678;0
1102684;1
1102686;1
1102692;0
1102696;0
1102700;0
1102702;0
1102710;0
1102718;1
1102722;0
1102724;0
1102764;0
1102768;0
1102770;0
1102774;0
1102780;1
1102784;0
1102786;1
1102790;0
1102808;0
1102822;1
1102824;0
1102826;1
1102860;1
1102878;0
1102884;0
1102892;0
1102906;0
1102908;0
1102910;1
1102912;0
1102920;0
1102952;0
1102960;1
1102962;1
1102964;0
1102976;0
1102994;1
1102996;0
1103014;0
1103030;1
1103040;0
1103058;0
1103060;0
1103062;1
1103066;1
1103078;0
1103094;1
1103102;1
1103132;0
1103134;0
1103138;0
1103142;0
1103150;0
1103174;0
1103190;1
1103194;0
1103200;1
1103216;0
1103238;0
1103256;0
1103260;1
1103294;0
1103304;0
1103322;1
1103334;0
1103340;1
1103354;1
1103372;1
1103378;1
1103390;1
1103404;0
1103406;0
1103416;0
1103420;0
1103422;1
1103434;1
1103440;0
1103442;0
1103464;1
1103470;1
1103472;0
1103474;1
1103476;1
1103490;0
1103492;0
1103498;1
1103502;1
1103506;1
1103534;1
1103548;0
1103554;1
1103556;1
1103562;1
1103570;1
1103578;1
1103586;1
1103588;0
1103592;0
1103594;0
1103598;0
1103606;0
1103608;0
1103618;0
1103620;0
1103626;0
1103628;0
1103636;0
1103640;0
1103644;0
1103662;0
1103668;1
1103672;1
1103680;0
1103684;0
1103686;1
1103692;0
1103694;1
1103704;0
1103706;0
1103710;0
1103714;1
1103730;0
1103736;0
1103740;0
1103746;1
1103760;1
1103788;0
1103796;1
1103804;0
1103808;1
1103822;0
1103830;1
1103840;0
1103842;0
1103854;1
1103860;1
1103864;0
1103876;0
1103882;0
1103896;0
1103900;0
1103912;1
1103920;0
1103928;0
1103934;0
1103944;1
1103946;0
1103950;0
1103954;1
1103974;0
1103978;1
1103982;1
1103986;0
1103988;1
1103990;0
1103996;0
1104002;1
1104006;1
1104014;0
1104022;0
1104032;0
1104050;0
1104062;0
1104064;1
1104072;1
1104074;0
1104104;0
1104118;1
1104134;0
1104150;1
1104152;0
1104174;0
1104194;0
1104208;0
1104212;0
1104222;1
1104244;0
1104256;0
1104280;0
1104284;1
1104296;1
1104310;0
1104314;0
1104322;1
1104336;0
1104338;1
1104340;0
1104348;0
1104366;0
1104370;0
1104386;1
1104390;0
1104412;1
1104416;0
1104418;1
1104434;0
1104440;0
1104442;0
1104446;1
1104462;0
1104480;0
1104492;0
1104504;0
1104530;0
1104532;1
1104534;0
1104536;0
1104538;0
1104544;1
1104564;0
1104584;1
1104586;1
1104590;0
1104594;0
1104628;1
1104638;0
1104646;0
1104658;1
1104672;0
1104700;0
1104706;0
1104718;1
1104728;0
1104732;0
1104736;1
1104766;0
1104776;0
1104784;0
1104804;0
1104820;1
1104826;1
1104836;1
1104838;1
1104850;0
1104852;0
1104862;0
1104868;0
1104872;1
1104886;1
1104890;0
1104892;0
1104896;0
1104916;1
1104924;0
1104932;0
1104938;0
1104940;1
1104946;0
1104952;0
1104956;1
1104968;1
1104972;0
1104982;1
1104992;0
1104996;1
1105004;1
1105006;1
1105012;0
1105018;0
1105026;1
1105056;0
1105066;0
1105072;1
1105078;0
1105080;0
1105082;0
1105106;0
1105108;0
1105116;1
1105122;0
1105140;0
1105142;0
1105148;1
1105154;1
1105160;0
1105166;0
1105168;0
1105172;1
1105182;0
1105198;0
1105210;0
1105224;0
1105242;0
1105244;1
1105248;1
1105262;0
1105272;0
1105278;1
1105280;0
1105294;1
1105300;0
1105310;1
1105316;1
1105342;0
1105344;1
1105348;0
1105364;0
1105376;0
1105378;1
1105382;0
1105384;1
1105400;0
1105406;1
1105408;0
1105414;0
1105418;1
1105438;1
1105444;0
1105448;1
1105456;0
1105466;0
1105470;0
1105492;1
1105514;0
1105530;0
1105538;0
1105542;0
1105550;0
1105552;0
1105568;0
1105572;1
1105594;0
1105608;1
1105612;0
1105616;1
1105624;0
1105628;1
1105634;0
1105654;1
1105660;0
1105676;0
1105678;0
1105682;1
1105688;1
1105714;1
1105718;1
1105732;0
1105738;0
1105740;0
1105746;1
1105748;0
1105760;1
1105766;1
1105768;0
1105774;1
1105788;1
1105800;0
1105808;0
1105810;0
1105828;0
1105852;0
1105860;0
1105866;1
1105878;0
1105880;1
1105888;1
1105914;1
1105946;0
1105948;1
1105952;1
1105972;0
1105996;1
1106024;0
1106036;0
1106046;0
1106052;1
1106058;0
1106064;0
1106070;0
1106074;0
1106076;0
1106088;0
1106094;1
1106102;0
1106122;0
1106130;0
1106132;0
1106154;0
1106156;0
1106160;0
1106164;1
1106166;0
1106170;0
1106174;1
1106182;1
1106184;0
1106194;0
1106204;1
1106224;0
1106244;0
1106286;0
1106302;0
1106316;0
1106324;0
1106330;0
1106346;1
1106352;1
1106362;1
1106368;0
1106376;1
1106386;0
1106402;1
1106408;0
1106414;0
1106418;1
1106428;1
1106446;0
1106450;0
1106454;0
1106458;0
1106470;0
1106474;0
1106476;1
1106484;0
1106490;0
1106496;1
1106500;0
1106518;0
1106524;0
1106528;0
1106534;0
1106538;0
1106540;0
1106542;0
1106544;0
1106550;0
1106552;1
1106570;0
1106574;0
1106576;0
1106580;1
1106586;0
1106588;1
1106592;1
1106604;0
1106608;0
1106610;0
1106616;0
1106618;1
1106634;1
1106638;0
1106670;0
1106684;0
1106696;1
1106698;1
1106710;0
1106712;0
1106714;1
1106724;0
1106728;0
1106734;0
1106752;0
1106758;0
1106764;0
1106768;1
1106770;1
1106772;0
1106794;0
1106802;1
1106804;0
1106820;0
1106838;0
1106844;0
1106868;1
1106870;1
1106896;0
1106920;0
1106932;0
1106936;0
1106954;0
1106972;0
1106980;0
1106992;0
1106994;1
1106996;0
1106998;0
1107002;0
1107006;0
1107008;0
1107010;0
1107022;1
1107040;0
1107046;0
1107056;1
1107070;0
1107078;0
1107110;0
1107114;0
1107118;0
1107136;0
1107140;0
1107164;1
1107174;1
1107184;0
1107190;1
1107200;0
1107202;0
1107206;0
1107226;1
1107228;0
1107230;0
1107252;0
1107254;0
1107262;1
1107270;0
1107274;0
1107280;0
1107282;0
1107284;1
1107294;0
1107296;0
1107302;1
1107316;0
1107344;0
1107346;1
1107352;0
1107358;0
1107378;0
1107382;0
1107394;1
1107404;1
1107416;0
1107428;0
1107432;1
1107440;1
1107444;0
1107446;0
1107448;0
1107454;0
1107460;1
1107462;1
1107464;0
1107476;1
1107480;0
1107482;1
1107484;1
1107486;0
1107488;1
1107490;0
1107502;0
1107514;0
1107520;0
1107522;1
1107528;0
1107532;0
1107534;0
1107536;0
1107538;1
1107546;0
1107550;1
1107558;0
1107570;0
1107576;0
1107582;0
1107588;1
1107616;0
1107622;0
1107630;1
1107632;0
1107636;0
1107642;1
1107654;0
1107674;1
1107676;1
1107684;0
1107686;0
1107722;0
1107726;1
1107730;1
1107734;0
1107736;0
1107744;0
1107748;0
1107768;0
1107782;1
1107786;0
1107794;0
1107808;1
1107814;1
1107816;1
1107830;1
1107834;0
1107846;1
1107886;0
1107896;1
1107900;1
1107906;0
1107918;0
1107924;0
1107936;0
1107952;0
1107954;1
1107988;1
1107990;1
1107992;1
1107998;0
1108010;0
1108012;0
1108014;1
1108028;1
1108034;0
1108040;1
1108050;0
1108062;0
1108072;1
1108074;0
1108084;1
1108098;1
1108110;0
1108112;0
1108128;0
1108132;1
1108138;0
1108146;1
1108156;0
1108158;0
1108162;1
1108164;0
1108166;0
1108194;0
1108206;0
1108216;1
1108222;0
1108226;1
1108236;0
1108244;0
1108250;0
1108254;0
1108256;0
1108258;1
1108262;0
1108268;1
1108274;0
1108276;1
1108282;1
1108284;0
1108290;1
1108292;1
1108300;0
1108330;1
1108338;0
1108368;0
1108386;0
1108388;1
1108400;0
1108406;0
1108412;0
1108460;0
1108468;1
1108482;0
1108496;1
1108508;0
1108520;0
1108528;1
1108536;1
1108540;0
1108542;0
1108544;0
1108552;0
1108556;0
1108572;1
1108580;0
1108588;0
1108592;1
1108594;1
1108596;0
1108600;1
1108606;1
1108612;0
1108614;1
1108618;1
1108624;0
1108626;0
1108628;0
1108636;0
1108640;1
1108648;1
1108652;0
1108658;1
1108662;1
1108678;0
1108688;0
1108734;0
1108742;0
1108760;1
1108780;0
1108782;0
1108788;0
1108810;1
1108812;0
1108814;0
1108840;0
1108850;0
1108854;0
1108862;0
1108864;0
1108870;0
1108898;0
1108900;0
1108920;0
1108926;0
1108964;0
1108970;0
1108986;0
1108988;0
1109008;0
1109018;0
1109024;0
1109038;1
1109044;1
1109072;0
1109080;0
1109090;0
1109096;0
1109098;0
1109100;0
1109108;0
1109116;0
1109118;0
1109122;0
1109124;1
1109138;0
1109140;0
1109142;1
1109144;1
1109146;1
1109160;1
1109166;0
1109170;0
1109172;0
1109174;0
1109176;1
1109186;0
1109188;0
1109190;1
1109200;0
1109202;1
1109218;1
1109222;0
1109226;0
1109230;0
1109236;0
1109264;0
1109270;0
1109274;1
1109276;1
1109282;0
1109286;1
1109296;1
1109298;0
1109300;0
1109306;0
1109370;0
1109384;0
1109398;1
1109420;0
1109438;0
1109500;1
1109530;0
1109548;0
1109558;0
1109564;0
1109566;1
1109570;0
1109574;0
1109584;1
1109614;0
1109628;0
1109632;0
1109648;0
1109660;0
1109662;1
1109676;1
1109682;1
1109696;0
1109722;1
1109726;0
1109746;1
1109752;0
1109756;1
1109764;0
1109774;0
1109782;0
1109784;0
1109804;0
1109808;0
1109830;0
1109842;0
1109844;0
1109852;1
1109860;0
1109866;1
1109880;0
1109886;0
1109894;1
1109896;0
1109904;1
1109906;1
1109920;0
1109924;1
1109926;1
1109930;0
1109934;0
1109936;1
1109956;0
1109962;0
1109980;0
1109988;1
1109994;0
1110010;1
1110012;0
1110018;0
1110024;1
1110040;0
1110048;1
1110050;0
1110052;0
1110054;0
1110058;0
1110072;0
1110074;1
1110100;0
1110110;0
1110140;0
1110168;0
1110196;0
1110198;0
1110226;1
1110230;1
1110248;0
1110252;0
1110254;0
1110292;1
1110302;0
1110304;1
1110306;0
1110308;0
1110312;0
1110316;0
1110324;1
1110338;1
1110340;0
1110356;1
1110360;0
1110384;0
1110390;1
1110392;1
1110404;1
1110416;1
1110420;1
1110422;0
1110448;0
1110456;1
1110470;0
1110478;0
1110480;1
1110482;0
1110490;0
1110500;1
1110508;0
1110514;1
1110520;1
1110524;0
1110528;0
1110600;0
1110604;1
1110608;0
1110614;0
1110620;0
1110638;0
1110640;1
1110654;0
1110658;0
1110672;1
1110674;0
1110682;0
1110686;1
1110688;0
1110696;1
1110698;0
1110704;0
1110706;0
1110710;0
1110714;1
1110716;1
1110718;1
1110724;1
1110726;0
1110728;0
1110736;1
1110740;1
1110742;0
1110754;0
1110760;0
1110762;1
1110766;1
1110768;0
1110772;0
1110778;1
1110788;0
1110790;0
1110794;1
1110802;0
1110810;0
1110812;0
1110822;0
1110826;0
1110828;1
1110844;0
1110848;0
1110850;1
1110852;0
1110854;0
1110860;0
1110862;0
1110868;1
1110876;1
1110880;0
1110886;0
1110888;1
1110898;0
1110920;0
1110924;1
1110926;0
1110930;0
1110966;0
1110976;0
1110984;1
1110986;0
1110988;1
1111002;1
1111006;0
1111016;0
1111022;0
1111046;0
1111048;1
1111070;0
1111072;1
1111074;1
1111076;0
1111080;0
1111094;0
1111116;0
1111152;0
1111156;0
1111170;0
1111176;1
1111182;0
1111196;1
1111200;1
1111202;0
1111208;0
1111210;1
1111214;1
1111240;1
1111242;1
1111264;1
1111274;0
1111282;0
1111284;0
1111288;1
1111302;1
1111304;1
1111312;0
1111314;0
1111332;0
1111352;1
1111356;0
1111366;0
1111380;0
1111382;1
1111408;0
1111410;0
1111412;0
1111422;0
1111426;0
1111428;1
1111430;0
1111434;1
1111448;0
1111454;0
1111462;1
1111470;1
1111472;1
1111474;0
1111482;1
1111484;1
1111512;0
1111514;1
1111524;0
1111526;1
1111528;1
1111534;0
1111536;1
1111538;1
1111540;1
1111544;0
1111548;0
1111554;0
1111556;1
1111558;0
1111560;1
1111562;1
1111570;0
1111572;0
1111580;0
1111586;1
1111590;0
1111598;1
1111602;1
1111606;1
1111610;1
1111612;0
1111626;0
1111628;0
1111632;1
1111642;0
1111646;0
1111658;0
1111666;0
1111672;1
1111674;1
1111686;0
1111688;0
1111690;1
1111692;1
1111694;0
1111700;0
1111716;0
1111722;0
1111724;0
1111740;1
1111748;0
1111760;0
1111772;1
1111780;0
1111782;0
1111788;1
1111790;0
1111796;0
1111798;1
1111800;0
1111802;0
1111816;0
1111832;1
1111858;0
1111906;0
1111918;0
1111934;1
1111944;1
1111946;0
1111956;0
1111962;0
1111964;0
1111972;0
1111978;1
1111994;0
1112012;0
1112020;0
1112022;0
1112038;0
1112046;1
1112048;1
1112054;1
1112062;0
1112064;1
1112070;1
1112102;1
1112108;1
1112120;0
1112124;0
1112126;1
1112130;0
1112162;0
1112172;0
1112206;1
1112252;0
1112274;0
1112276;0
1112290;1
1112292;1
1112316;0
1112322;0
1112326;0
1112328;0
1112334;0
1112336;1
1112338;1
1112350;0
1112356;0
1112358;1
1112362;1
1112368;0
1112380;0
1112382;1
1112390;0
1112394;0
1112398;1
1112406;0
1112418;1
1112450;1
1112454;0
1112460;0
1112462;1
1112468;1
1112474;0
1112478;1
1112482;0
1112486;1
1112504;0
1112518;0
1112548;0
1112550;0
1112554;0
1112568;1
1112570;1
1112576;1
1112578;0
1112590;1
1112614;0
1112620;1
1112630;0
1112632;1
1112638;1
1112646;0
1112656;0
1112672;1
1112678;0
1112684;0
1112690;1
1112694;0
1112696;0
1112704;0
1112710;1
1112712;0
1112714;0
1112716;0
1112720;0
1112722;1
1112724;0
1112738;0
1112740;0
1112744;0
1112754;1
1112756;0
1112758;0
1112762;1
1112770;1
1112776;0
1112782;1
1112788;0
1112790;0
1112796;0
1112800;0
1112804;1
1112806;0
1112816;0
1112822;0
1112840;0
1112842;1
1112848;0
1112852;1
1112858;1
1112880;0
1112896;0
1112904;1
1112918;0
1112922;0
1112936;0
1112938;1
1112944;1
1112952;0
1112960;1
1112968;1
1112980;0
1112982;1
1112998;1
1113010;1
1113024;0
1113026;0
1113032;0
1113034;0
1113038;0
1113054;0
1113078;0
1113098;0
1113104;1
1113120;0
1113158;0
1113170;0
1113224;0
1113238;1
1113250;1
1113256;0
1113260;0
1113262;1
1113274;0
1113276;0
1113296;0
1113306;0
1113316;1
1113318;0
1113328;0
1113332;1
1113338;0
1113348;0
1113352;0
1113366;1
1113378;0
1113380;0
1113390;0
1113394;0
1113396;1
1113400;0
1113402;1
1113404;0
1113410;0
1113412;0
1113420;0
1113424;1
1113438;1
1113440;1
1113448;0
1113458;1
1113462;0
1113466;0
1113502;0
1113514;0
1113550;1
1113560;0
1113568;0
1113570;1
1113578;0
1113580;0
1113614;1
1113642;0
1113680;0
1113682;1
1113696;1
1113712;0
1113718;0
1113728;1
1113730;1
1113736;1
1113760;1
1113764;0
1113772;0
1113774;0
1113788;1
1113790;1
1113796;1
1113798;0
1113800;0
1113806;1
1113808;1
1113818;0
1113824;0
1113830;0
1113832;1
1113836;0
1113840;0
1113856;1
1113858;1
1113866;0
1113868;0
1113874;0
1113876;1
1113890;0
1113902;0
1113912;0
1113914;0
1113926;1
1113928;1
1113930;1
1113940;0
1113942;1
1113952;0
1113954;1
1113958;1
1113964;1
1113976;1
1113984;0
1113992;0
1114002;0
1114006;0
1114014;1
1114020;0
1114026;0
1114036;1
1114058;0
1114062;0
1114068;1
1114070;1
1114072;0
1114082;1
1114090;0
1114096;0
1114102;0
1114110;0
1114112;0
1114114;0
1114118;1
1114132;1
1114134;0
1114140;0
1114142;0
1114148;1
1114156;0
1114176;1
1114180;1
1114188;1
1114192;0
1114194;0
1114196;1
1114198;1
1114202;0
1114212;0
1114220;0
1114230;0
1114240;0
1114250;0
1114262;0
1114272;0
1114280;0
1114300;1
1114304;1
1114308;1
1114312;0
1114316;1
1114322;0
1114328;0
1114344;1
1114360;0
1114368;0
1114378;0
1114382;0
1114398;0
1114400;0
1114404;1
1114414;0
1114422;0
1114430;1
1114436;1
1114454;0
1114468;1
1114478;1
1114484;0
1114514;0
1114544;0
1114546;1
1114562;1
1114568;0
1114570;0
1114572;0
1114576;0
1114580;0
1114582;0
1114586;1
1114596;0
1114598;0
1114608;0
1114640;1
1114648;0
1114656;0
1114668;0
1114676;0
1114680;0
1114700;0
1114706;0
1114708;0
1114712;0
1114738;0
1114740;0
1114744;0
1114746;0
1114750;0
1114754;1
1114764;0
1114780;1
1114786;0
1114804;1
1114812;1
1114818;1
1114822;0
1114842;1
1114870;0
1114874;1
1114882;0
1114908;0
1114916;0
1114946;0
1114948;1
1114958;0
1114960;0
1114962;0
1115002;0
1115008;0
1115010;0
1115012;1
1115104;1
1115110;0
1115118;0
1115120;0
1115122;0
1115124;1
1115128;0
1115136;1
1115138;1
1115156;1
1115170;1
1115174;1
1115182;1
1115202;1
1115216;1
1115238;1
1115240;0
1115242;1
1115244;0
1115250;0
1115254;0
1115266;0
1115286;0
1115288;0
1115292;1
1115306;0
1115310;0
1115312;1
1115324;0
1115332;0
1115334;1
1115344;0
1115352;0
1115356;1
1115358;0
1115362;0
1115372;0
1115384;0
1115424;1
1115460;0
1115492;0
1115502;0
1115524;0
1115546;0
1115550;0
1115588;1
1115618;0
1115630;0
1115636;0
1115638;0
1115640;1
1115652;1
1115662;1
1115664;0
1115676;0
1115682;1
1115716;0
1115722;1
1115730;1
1115756;0
1115766;0
1115776;1
1115780;0
1115802;0
1115818;0
1115820;0
1115828;1
1115852;1
1115878;0
1115888;0
1115890;0
1115894;0
1115910;0
1115914;1
1115918;1
1115922;1
1115924;1
1115930;0
1115942;0
1115946;0
1115950;1
1115958;0
1115960;1
1115972;0
1115976;0
1115982;0
1115984;0
1115990;0
1116000;1
1116014;1
1116022;1
1116026;1
1116046;0
1116050;0
1116054;1
1116064;0
1116086;1
1116096;1
1116140;1
1116150;0
1116156;0
1116186;0
1116190;1
1116194;1
1116198;0
1116204;1
1116208;0
1116214;1
1116232;1
1116242;0
1116254;0
1116282;0
1116284;1
1116294;0
1116304;0
1116310;0
1116314;0
1116334;0
1116366;0
1116370;1
1116378;0
1116406;0
1116436;0
1116440;0
1116444;1
1116450;0
1116456;0
1116468;1
1116546;0
1116548;0
1116552;0
1116578;0
1116590;0
1116602;1
1116618;1
1116622;1
1116628;0
1116664;1
1116688;0
1116694;0
1116696;1
1116700;0
1116704;1
1116714;0
1116728;0
1116792;1
1116806;0
1116808;1
1116824;0
1116830;0
1116842;0
1116844;1
1116846;0
1116848;0
1116850;1
1116860;0
1116870;0
1116882;0
1116888;0
1117178;0
1117282;0
1117312;1
1117706;0
1117724;0
1117728;0
1117742;0
1117744;0
1117778;0
1117834;0
1117838;1
1117862;0
1117890;1
1117914;0
1117948;0
1117960;0
1117962;0
1117988;0
1118000;1
1118006;0
1118012;1
1118022;0
1118038;1
1118048;1
1118056;0
1118058;1
1118090;1
1118100;1
1118112;1
1118158;0
1118252;1
1118380;0
1118390;1
1118420;0
1118426;0
1118478;0
1118490;0
1118496;0
1118506;0
1118508;0
1118512;0
1118532;0
1118550;0
1118562;0
1118582;0
1118618;1
1118642;1
1118646;0
1118654;1
1118688;1
1118704;1
1118716;1
1118768;1
1118778;1
1118786;0
1118838;0
1118858;1
1118912;0
1118920;0
1118928;1
1118930;1
1118938;1
1118972;0
1118978;1
1118984;0
1119000;0
1119032;1
1119058;0
1119064;0
1119150;1
1119166;0
1119208;1
1119234;0
1119254;0
1119382;0
1119482;0
1119546;0
1119588;0
1119660;1
1119738;0
1119744;1
1119748;0
1119752;0
1119770;0
1119774;1
1119776;0
1119778;1
1119780;0
1119790;0
1119794;0
1119796;0
1119874;1
1119878;0
1119904;0
1119906;1
1119942;0
1119948;1
1119958;0
1119970;0
1119986;0
1120008;1
1120022;0
1120030;1
1120042;0
1120044;1
1120048;0
1120054;0
1120062;1
1120086;1
1120102;1
1120114;0
1120120;1
1120124;0
1120128;0
1120196;1
1120328;0
1120358;0
1120374;0
1120382;0
1120392;0
1120402;0
1120412;0
1120428;1
1120476;1
1120480;0
1120570;1
1120572;1
1120598;0
1120716;0
1120720;1
1120730;1
1120732;1
1120740;1
1120746;0
1120762;1
1120776;0
1120788;1
1120826;0
1120868;0
1120878;1
1120922;0
1120928;0
1120936;1
1120962;1
1120972;0
1121006;1
1121012;0
1121020;0
1121050;0
1121060;0
1121068;0
1121072;0
1121074;0
1121078;0
1121090;0
1121096;0
1121116;0
1121120;1
1121144;1
1121158;1
1121162;0
1121194;1
1121198;0
1121206;0
1121256;0
1121262;0
1121288;1
1121322;1
1121328;1
1121332;1
1121384;0
1121398;1
1121416;1
1121430;0
1121434;1
1121442;0
1121458;1
1121486;1
1121504;0
1121512;1
1121534;0
1121556;0
1121562;1
1121564;0
1121574;0
1121604;0
1121660;1
1121672;0
1121694;1
1121728;1
1121806;1
1121826;1
1121828;1
1121848;0
1121876;1
1121892;0
1121952;0
1121970;0
1121986;1
1122030;0
1122040;0
1122070;0
1122082;1
1122084;0
1122092;1
1122102;1
1122104;0
1122114;0
1122276;0
1122308;1
1122344;0
1122380;1
1122418;0
1122482;0
1122488;0
1122516;0
1122540;0
1122546;0
1122548;0
1122550;1
1122594;0
1122598;0
1122608;1
1122628;1
1122636;0
1122644;1
1122658;0
1122688;0
1122690;1
1122694;1
1122804;1
1122808;1
1122816;1
1122820;1
1122822;0
1122844;0
1122904;1
1122932;0
1122934;1
1122936;1
1122942;1
1122946;1
1122974;0
1122990;0
1122998;0
1123122;0
1123140;1
1123168;1
1123180;0
1123210;1
1123274;1
1123282;1
1123294;1
1123300;1
1123336;0
1123358;1
1123368;1
1123404;0
1123428;0
1123438;0
1123444;1
1123466;0
1123508;0
1123516;0
1123532;0
1123582;1
1123604;0
1123610;0
1123660;1
1123664;0
1123668;0
1123704;1
1123712;1
1123734;1
1123746;1
1123748;0
1123754;0
1123760;1
1123776;0
1123790;1
1123806;1
1123812;1
1123818;1
1123832;1
1123852;0
1123854;1
1123856;0
1123860;1
1123884;0
1123896;1
1123900;0
1123908;0
1123918;0
1123920;0
1123970;1
1123998;0
1124002;0
1124044;1
1124054;0
1124058;0
1124112;0
1124122;0
1124132;1
1124136;0
1124334;0
1124378;0
1124380;0
1124390;0
1124402;1
1124416;1
1124420;0
1124422;1
1124432;1
1124436;1
1124454;1
1124472;0
1124478;1
1124484;1
1124486;0
1124522;1
1124540;0
1124550;0
1124614;1
1124616;0
1124660;0
1124688;0
1124696;1
1124698;0
1124700;0
1124710;0
1124762;1
1124774;0
1124786;0
1124806;0
1124810;0
1124826;1
1124858;1
1124870;0
1124882;1
1124908;0
1124922;0
1124924;0
1124946;0
1124990;0
1125014;0
1125016;1
1125050;0
1125056;0
1125144;1
1125156;0
1125162;0
1125190;1
1125218;1
1125222;0
1125242;0
1125248;0
1125256;0
1125258;0
1125260;0
1125280;0
1125304;0
1125330;0
1125416;0
1125442;0
1125444;0
1125450;0
1125454;0
1125458;0
1125464;0
1125482;0
1125492;0
1125500;0
1125536;0
1125542;0
1125602;1
1125696;1
1125724;1
1125758;0
1125794;1
1125896;0
1125906;1
1125926;0
1125928;0
1125938;1
1125974;1
1125980;1
1125994;1
1126002;1
1126006;0
1126062;1
1126064;0
1126092;0
1126098;0
1126118;0
1126164;0
1126198;0
1126248;0
1126360;0
1126408;0
1126414;0
1126418;1
1126428;0
1126564;0
1126684;1
1126694;0
1126700;0
1126706;0
1126714;0
1126718;0
1126724;1
1126750;1
1126778;0
1126794;0
1126810;1
1126850;0
1126864;0
1126888;0
1126914;0
1126924;0
1126932;0
1126974;0
1126988;1
1127038;0
1127042;1
1127046;1
1127090;1
1127100;0
1127104;0
1127106;0
1127118;1
1127138;1
1127144;0
1127146;0
1127152;0
1127174;0
1127188;1
1127192;0
1127220;0
1127234;1
1127238;0
1127274;1
1127278;0
1127286;1
1127308;0
1127350;0
1127352;1
1127406;0
1127408;0
1127412;0
1127414;0
1127420;0
1127454;1
1127514;1
1127530;1
1127532;0
1127578;1
1127606;0
1127626;0
1127644;0
1127656;0
1127672;0
1127680;0
1127704;0
1127714;1
1127722;1
1127736;0
1127750;0
1127796;1
1127814;0
1127848;1
1127852;1
1127872;1
1127878;0
1127992;1
1128006;0
1128030;0
1128036;0
1128040;0
1128042;1
1128048;0
1128096;0
1128100;0
1128106;0
1128136;0
1128172;0
1128176;0
1128178;0
1128200;1
1128202;0
1128252;0
1128264;0
1128268;0
1128376;0
1128378;0
1128410;1
1128424;0
1128438;0
1128478;1
1128508;0
1128512;1
1128520;0
1128578;1
1128582;1
1128594;0
1128596;1
1128606;0
1128660;1
1128692;1
1128706;0
1128708;0
1128712;1
1128768;0
1128788;1
1128812;0
1128816;0
1128910;0
1129168;0
1129244;0
1129264;0
1129282;0
1129286;1
1129290;0
1129294;0
1129308;1
1129316;1
1129322;1
1129324;1
1129350;0
1129366;0
1129368;1
1129398;1
1129406;0
1129428;0
1129446;0
1129498;0
1129512;0
1129544;0
1129550;1
1129564;0
1129572;1
1129580;1
1129616;1
1129624;1
1129676;0
1129686;0
1129692;0
1129700;0
1129712;1
1129714;0
1129722;1
1129758;0
1129776;0
1129822;1
1129824;0
1129826;1
1129850;0
1129854;0
1129874;1
1129876;0
1129880;0
1129898;1
1129916;0
1129920;1
1129952;1
1129992;0
1129996;0
1130028;0
1130036;1
1130044;0
1130058;0
1130100;0
1130114;0
1130122;0
1130172;1
1130182;0
1130208;1
1130226;1
1130286;0
1130304;1
1130312;1
1130328;0
1130358;0
1130360;1
1130368;0
1130372;1
1130420;0
1130436;0
1130456;0
1130482;1
1130500;0
1130508;1
1130522;1
1130536;1
1130612;0
1130616;0
1130618;0
1130628;0
1130630;0
1130636;0
1130652;0
1130696;0
1130698;0
1130722;0
1130730;1
1130780;0
1130788;1
1130836;0
1130916;1
1130918;0
1130926;0
1130936;0
1131010;0
1131012;0
1131014;0
1131064;0
1131070;0
1131078;0
1131144;0
1131186;1
1131190;0
1131222;0
1131270;1
1131282;0
1131296;0
1131382;1
1131386;1
1131408;1
1131446;0
1131460;0
1131466;0
1131480;0
1131498;1
1131504;0
1131550;0
1131562;0
1131566;1
1131570;0
1131590;1
1131598;1
1131604;0
1131620;1
1131660;0
1131668;0
1131670;0
1131672;0
1131704;0
1131750;0
1131756;0
1131758;1
1131774;1
1131776;0
1131816;0
1131822;0
1131826;0
1131838;0
1131850;0
1131854;0
1131888;0
1131890;0
1131900;0
1131934;0
1131946;1
1131964;0
1131966;0
1131970;0
1131994;0
1131998;0
1132024;0
1132030;0
1132046;1
1132052;0
1132056;0
1132062;0
1132110;0
1132142;1
1132144;0
1132168;0
1132180;1
1132188;1
1132192;1
1132202;0
1132204;0
1132212;0
1132216;0
1132228;1
1132236;0
1132270;0
1132272;0
1132296;0
1132298;1
1132316;0
1132318;0
1132320;1
1132326;1
1132334;0
1132450;0
1132486;0
1132494;0
1132502;0
1132508;1
1132522;0
1132534;0
1132570;1
1132576;1
1132592;0
1132598;0
1132638;1
1132656;0
1132672;1
1132692;1
1132706;1
1132712;1
1132804;0
1132806;1
1132886;0
1132910;0
1132916;0
1132918;0
1132922;0
1132938;1
1132940;1
1132976;0
1133034;0
1133036;0
1133054;0
1133056;0
1133090;0
1133098;0
1133102;1
1133104;0
1133134;0
1133136;0
1133140;1
1133146;0
1133148;0
1133160;0
1133164;0
1133178;1
1133202;0
1133350;0
1133354;0
1133358;1
1133378;1
1133400;1
1133410;0
1133452;1
1133454;0
1133456;0
1133468;1
1133470;0
1133480;0
1133494;1
1133514;1
1133516;1
1133518;0
1133524;0
1133578;1
1133638;1
1133662;0
1133696;0
1133772;0
1133806;1
1133836;1
1133850;0
1133856;0
1133860;0
1133864;0
1133894;1
1133900;0
1133916;0
1133926;0
1133938;0
1133950;1
1133962;1
1133964;1
1133972;0
1133988;1
1134004;0
1134060;0
1134092;1
1134112;1
1134206;0
1134298;0
1134312;0
1134324;0
1134328;0
1134376;0
1134386;0
1134412;0
1134414;0
1134420;0
1134442;0
1134488;1
1134508;0
1134516;0
1134520;0
1134540;1
1134580;0
1134606;1
1134652;0
1134668;1
1134682;1
1134702;0
1134762;0
1134764;0
1134792;0
1134812;1
1134848;0
1134854;0
1134858;0
1134864;0
1134962;1
1135006;0
1135030;1
1135038;1
1135066;1
1135086;0
1135088;0
1135126;1
1135136;1
1135140;0
1135160;0
1135180;0
1135182;0
1135210;0
1135232;0
1135236;0
1135256;0
1135300;0
1135320;0
1135348;0
1135390;1
1135438;0
1135454;1
1135534;0
1135542;1
1135584;0
1135586;0
1135620;0
1135654;0
1135656;0
1135738;1
1135764;0
1135792;0
1135824;1
1135850;0
1135858;0
1135882;1
1135908;0
1135916;1
1135928;0
1135934;0
1135936;0
1135948;0
1135966;1
1135972;0
1135990;1
1135992;0
1136002;1
1136026;0
1136072;0
1136098;0
1136106;0
1136124;0
1136126;1
1136130;0
1136142;0
1136148;1
1136162;0
1136174;0
1136180;1
1136190;0
1136200;0
1136208;0
1136214;1
1136240;1
1136254;0
1136286;0
1136310;1
1136318;1
1136366;1
1136368;0
1136376;0
1136378;0
1136388;1
1136408;1
1136460;0
1136462;0
1136470;1
1136476;0
1136482;1
1136486;0
1136488;0
1136516;0
1136520;0
1136526;0
1136548;0
1136568;0
1136576;1
1136578;1
1136586;0
1136594;1
1136598;1
1136602;0
1136604;1
1136610;1
1136650;0
1136698;0
1136706;0
1136718;1
1136726;1
1136768;1
1136824;1
1136832;0
1136844;1
1136946;1
1137006;0
1137060;0
1137070;0
1137080;1
1137108;1
1137154;0
1137164;0
1137186;0
1137188;0
1137226;1
1137248;1
1137256;0
1137264;1
1137288;0
1137292;0
1137312;0
1137314;1
1137340;0
1137348;0
1137354;1
1137368;1
1137378;1
1137384;0
1137390;0
1137392;0
1137424;0
1137426;0
1137436;0
1137444;0
1137472;1
1137480;1
1137486;1
1137496;1
1137498;0
1137556;0
1137578;1
1137594;0
1137626;0
1137642;1
1137652;0
1137660;0
1137690;0
1137720;0
1137790;1
1137792;0
1137794;0
1137798;0
1137822;1
1137868;0
1137872;0
1137884;0
1137908;0
1137928;1
1137932;0
1137942;0
1137968;1
1137990;1
1138022;0
1138080;0
1138118;0
1138128;1
1138162;1
1138186;0
1138194;0
1138232;0
1138242;0
1138244;1
1138258;1
1138264;1
1138268;1
1138270;1
1138356;0
1138372;0
1138380;0
1138430;1
1138458;1
1138486;0
1138504;0
1138532;0
1138544;1
1138556;0
1138588;0
1138616;1
1138646;0
1138678;1
1138680;0
1138690;0
1138698;1
1138704;1
1138724;1
1138744;0
1138748;1
1138752;0
1138766;1
1138776;1
1138788;0
1138796;0
1138832;0
1138866;0
1138878;1
1138884;1
1138886;0
1138912;0
1138974;0
1139000;0
1139012;0
1139046;0
1139078;0
1139106;0
1139114;0
1139116;1
1139172;0
1139186;0
1139188;0
1139196;0
1139206;0
1139208;1
1139232;0
1139236;0
1139240;0
1139276;1
1139278;0
1139296;0
1139338;0
1139344;0
1139358;1
1139372;0
1139436;1
1139446;1
1139448;1
1139472;0
1139502;1
1139508;0
1139522;0
1139564;1
1139572;0
1139586;1
1139596;0
1139604;0
1139610;0
1139614;0
1139620;1
1139622;1
1139630;0
1139636;1
1139778;0
1139792;0
1139800;1
1139810;0
1139818;1
1139824;0
1139828;0
1139876;1
1139888;0
1139890;1
1139898;1
1139900;0
1139918;1
1139966;0
1140058;1
1140082;0
1140088;0
1140104;0
1140112;1
1140150;1
1140158;0
1140172;0
1140214;0
1140244;0
1140250;0
1140252;0
1140270;0
1140276;0
1140332;0
1140400;0
1140440;1
1140472;1
1140476;0
1140520;0
1140540;0
1140558;1
1140576;0
1140582;1
1140590;1
1140598;0
1140610;0
1140612;1
1140734;0
1140754;1
1140756;0
1140770;0
1140784;1
1140796;0
1140862;1
1140870;1
1140872;0
1140900;0
1140908;0
1140920;0
1140926;0
1140928;0
1140940;0
1140956;0
1140958;1
1140970;1
1140974;1
1140982;0
1140998;0
1141006;0
1141010;1
1141020;0
1141028;0
1141068;0
1141082;0
1141086;0
1141088;0
1141110;0
1141156;1
1141170;0
1141190;0
1141204;1
1141206;1
1141224;0
1141276;0
1141324;0
1141338;1
1141380;1
1141390;1
1141420;0
1141424;0
1141432;1
1141440;0
1141456;0
1141458;1
1141472;1
1141476;1
1141484;1
1141516;0
1141530;0
1141570;0
1141630;0
1141656;0
1141660;0
1141668;0
1141702;1
1141708;1
1141710;0
1141728;0
1141732;1
1141768;0
1141772;0
1141790;1
1141800;0
1141830;0
1141862;0
1141886;0
1141910;0
1141938;0
1141944;0
1141946;1
1142014;0
1142028;1
1142036;0
1142054;1
1142060;0
1142110;0
1142124;0
1142138;0
1142172;1
1142192;1
1142208;1
1142214;0
1142232;1
1142234;1
1142236;1
1142252;0
1142284;0
1142326;0
1142328;0
1142334;0
1142336;1
1142352;0
1142356;1
1142398;0
1142402;1
1142432;0
1142450;0
1142454;0
1142458;0
1142558;1
1142650;0
1142714;0
1142740;0
1142762;1
1142766;0
1142772;0
1142816;0
1142832;0
1142850;0
1142854;1
1142856;0
1142876;0
1142878;0
1142884;0
1142900;1
1142904;0
1142916;0
1142930;0
1142936;1
1142948;1
1142950;0
1143020;0
1143022;0
1143054;0
1143060;1
1143068;1
1143092;1
1143152;1
1143174;1
1143182;0
1143224;1
1143228;1
1143232;0
1143258;0
1143262;1
1143266;1
1143270;0
1143288;1
1143344;0
1143346;0
1143390;0
1143532;1
1143602;0
1143622;0
1143648;0
1143674;1
1143762;0
1143788;0
1143804;0
1143814;1
1143822;0
1143828;0
1143850;1
1143864;1
1143866;1
1143870;0
1143880;0
1143954;0
1143986;1
1143988;0
1143994;1
1143996;0
1143998;0
1144002;0
1144004;0
1144032;1
1144044;1
1144050;1
1144058;0
1144062;0
1144064;1
1144072;1
1144080;0
1144138;1
1144142;0
1144148;0
1144154;0
1144164;1
1144178;0
1144192;1
1144198;1
1144210;0
1144216;1
1144220;0
1144228;0
1144242;0
1144258;1
1144264;0
1144270;0
1144288;1
1144320;1
1144346;1
1144350;1
1144354;0
1144356;0
1144364;1
1144374;1
1144414;0
1144418;1
1144440;1
1144668;1
1144688;1
1144698;1
1144702;0
1144734;1
1144736;1
1144758;0
1144798;1
1144824;0
1144870;0
1144902;0
1144906;0
1144916;1
1144920;0
1144938;0
1145006;0
1145016;1
1145032;0
1145042;0
1145044;0
1145050;1
1145054;0
1145062;0
1145162;0
1145172;0
1145178;0
1145234;0
1145286;0
1145310;1
1145312;1
1145510;1
1145514;1
1145550;1
1145604;0
1145614;1
1145620;0
1145622;1
1145626;0
1145640;1
1145654;0
1145668;1
1145678;0
1145688;0
1145696;0
1145746;1
1145750;1
1145760;0
1145770;0
1145796;0
1145798;1
1145862;0
1145868;1
1145874;0
1145882;0
1145886;0
1145912;0
1145928;0
1145960;0
1145962;0
1145966;0
1145986;0
1146008;0
1146042;0
1146044;1
1146056;0
1146058;1
1146060;0
1146076;1
1146078;0
1146080;0
1146108;0
1146110;1
1146126;1
1146160;0
1146178;1
1146190;1
1146246;0
1146264;0
1146280;1
1146296;0
1146298;1
1146300;0
1146316;1
1146330;1
1146332;1
1146334;1
1146340;1
1146342;0
1146360;1
1146364;1
1146368;1
1146372;1
1146374;1
1146398;0
1146408;1
1146410;0
1146492;0
1146498;0
1146526;0
1146540;0
1146552;0
1146556;0
1146610;0
1146614;0
1146616;0
1146618;0
1146630;0
1146638;0
1146644;1
1146654;0
1146670;0
1146676;0
1146706;1
1146786;0
1146790;0
1146816;0
1146830;0
1146834;1
1146838;0
1146848;1
1146854;0
1146862;0
1146868;0
1146882;1
1146884;1
1146888;1
1146952;0
1146974;0
1146980;0
1147002;0
1147006;0
1147012;1
1147020;0
1147046;0
1147048;0
1147052;0
1147056;0
1147096;0
1147098;0
1147124;0
1147144;0
1147154;1
1147158;0
1147168;0
1147192;0
1147198;1
1147218;0
1147226;1
1147232;0
1147234;1
1147282;0
1147316;1
1147330;1
1147332;0
1147340;0
1147358;1
1147364;1
1147366;1
1147378;1
1147420;0
1147422;1
1147428;1
1147454;0
1147458;1
1147474;0
1147476;1
1147478;0
1147484;0
1147514;0
1147544;0
1147546;0
1147574;1
1147622;0
1147664;1
1147668;1
1147680;0
1147716;0
1147784;0
1147786;0
1147790;1
1147802;0
1147806;1
1147808;0
1147818;0
1147822;0
1147830;0
1147840;1
1147880;1
1147948;0
1147970;1
1147980;0
1147984;0
1148014;0
1148050;1
1148054;1
1148076;1
1148082;0
1148132;0
1148134;0
1148142;0
1148146;0
1148152;1
1148166;0
1148234;1
1148244;0
1148270;1
1148274;0
1148286;1
1148294;0
1148332;1
1148368;0
1148404;1
1148414;0
1148464;0
1148478;1
1148490;1
1148510;0
1148576;0
1148626;1
1148628;1
1148666;0
1148670;0
1148672;0
1148674;0
1148680;0
1148690;1
1148696;0
1148708;1
1148720;1
1148866;1
1148872;1
1148892;0
1148906;1
1148916;0
1148936;0
1148938;1
1148942;1
1148958;1
1148968;0
1148974;0
1148990;0
1149006;0
1149010;1
1149024;0
1149060;0
1149066;1
1149110;0
1149130;0
1149148;0
1149152;1
1149162;1
1149168;1
1149178;1
1149188;0
1149200;0
1149204;0
1149210;0
1149224;0
1149230;0
1149236;0
1149238;1
1149324;0
1149370;0
1149380;0
1149398;0
1149418;0
1149462;0
1149470;0
1149482;0
1149496;0
1149498;1
1149500;0
1149502;1
1149544;0
1149550;0
1149554;0
1149568;0
1149604;0
1149608;1
1149624;0
1149638;1
1149676;0
1149724;1
1149748;0
1149800;0
1149810;1
1149814;0
1149848;0
1149870;1
1149888;0
1149956;1
1149958;0
1149990;1
1149992;0
1150000;0
1150014;0
1150054;0
1150070;0
1150072;0
1150080;1
1150100;0
1150108;0
1150120;0
1150122;0
1150142;0
1150156;0
1150158;0
1150162;1
1150186;0
1150192;0
1150198;1
1150200;0
1150202;0
1150208;1
1150210;1
1150216;1
1150220;1
1150222;1
1150234;0
1150238;1
1150270;1
1150276;0
1150284;0
1150306;0
1150380;0
1150396;1
1150418;1
1150434;1
1150438;1
1150452;0
1150460;0
1150464;0
1150484;0
1150576;1
1150582;1
1150590;1
1150654;1
1150664;0
1150684;0
1150718;0
1150730;0
1150736;1
1150750;0
1150848;1
1150908;0
1150916;1
1150924;0
1150936;0
1150952;0
1150960;1
1150966;0
1150990;1
1150996;0
1151012;0
1151032;1
1151040;0
1151056;0
1151070;0
1151072;0
1151076;0
1151146;0
1151150;0
1151154;1
1151160;0
1151232;1
1151250;0
1151302;0
1151304;1
1151324;0
1151328;0
1151334;0
1151346;0
1151348;0
1151354;0
1151362;0
1151386;0
1151476;0
1151492;1
1151528;1
1151540;1
1151542;1
1151570;0
1151574;1
1151588;0
1151640;0
1151792;1
1151812;0
1151814;0
1151816;0
1151818;0
1151820;0
1151838;1
1151928;1
1151944;0
1152104;0
1152162;1
1152164;1
1152172;0
1152196;0
1152210;1
1152226;0
1152260;0
1152280;1
1152312;0
1152316;0
1152382;0
1152394;0
1152416;0
1152420;0
1152426;0
1152432;1
1152438;0
1152490;0
1152512;0
1152566;0
1152666;0
1152684;0
1152694;1
1152696;0
1152710;0
1152712;0
1152718;0
1152744;0
1152746;0
1152754;0
1152758;0
1152772;0
1152778;1
1152780;1
1152782;0
1152796;0
1152802;0
1152804;0
1152806;0
1152838;0
1152846;1
1152936;0
1152942;0
1152946;0
1152970;0
1153008;1
1153014;0
1153032;1
1153054;0
1153066;0
1153080;0
1153088;0
1153164;0
1153176;1
1153226;0
1153234;0
1153258;0
1153268;1
1153280;0
1153300;0
1153306;1
1153346;0
1153416;0
1153420;0
1153424;0
1153428;0
1153430;1
1153444;1
1153454;0
1153458;1
1153472;1
1153482;0
1153492;0
1153498;0
1153502;0
1153526;1
1153580;1
1153596;0
1153606;1
1153630;1
1153660;0
1153662;0
1153666;0
1153668;0
1153708;0
1153732;1
1153746;1
1153754;0
1153776;0
1153784;0
1153822;0
1153872;1
1153882;0
1153956;0
1153966;0
1153968;1
1153990;1
1153994;0
1154000;1
1154036;1
1154076;1
1154088;1
1154092;1
1154096;0
1154228;0
1154246;1
1154264;0
1154270;0
1154292;1
1154360;1
1154374;0
1154376;0
1154378;1
1154384;0
1154408;0
1154414;0
1154420;1
1154432;0
1154442;0
1154458;1
1154460;1
1154472;0
1154476;0
1154478;0
1154480;0
1154498;0
1154504;0
1154516;1
1154522;1
1154550;0
1154568;0
1154582;1
1154590;0
1154602;1
1154634;0
1154638;0
1154650;0
1154662;1
1154664;0
1154710;0
1154724;1
1154870;0
1154872;0
1154906;0
1154932;0
1155004;0
1155020;0
1155166;0
1155180;0
1155200;1
1155204;0
1155216;1
1155238;0
1155240;1
1155250;1
1155254;0
1155276;0
1155352;1
1155410;0
1155424;1
1155430;0
1155432;0
1155554;0
1155558;0
1155570;0
1155574;0
1155582;1
1155586;0
1155590;0
1155672;1
1155674;1
1155722;1
1155750;0
1155758;1
1155760;1
1155766;1
1155776;1
1155802;0
1155822;0
1155836;0
1155840;1
1155858;0
1155860;0
1155878;0
1155916;0
1155968;1
1155970;1
1155982;0
1155988;0
1155992;0
1156004;0
1156018;0
1156020;1
1156024;0
1156026;0
1156030;0
1156036;1
1156046;0
1156078;0
1156090;0
1156092;0
1156104;1
1156108;0
1156110;1
1156176;1
1156198;0
1156210;1
1156218;0
1156230;0
1156234;0
1156256;1
1156284;0
1156328;1
1156342;0
1156402;0
1156412;1
1156448;1
1156456;0
1156462;1
1156486;0
1156488;0
1156504;0
1156520;1
1156558;1
1156570;1
1156606;0
1156618;0
1156640;0
1156684;0
1156716;0
1156726;1
1156756;0
1156806;1
1156820;1
1156824;1
1156844;0
1156846;0
1156850;1
1156852;0
1156862;1
1156866;0
1156868;1
1156874;1
1157048;0
1157154;0
1157226;1
1157232;0
1157250;1
1157262;0
1157280;0
1157286;1
1157296;1
1157306;0
1157316;1
1157318;0
1157334;0
1162380;0
1162458;0
1162466;0
1162468;0
1162470;1
1162482;1
1162488;0
1162490;1
1162502;1
1162504;0
1162506;1
1162510;0
1162512;0
1162516;1
1162546;1
1162556;0
1162568;1
1162572;0
1162586;1
1162738;0
1162748;1
1162754;1
1162772;0
1162790;0
1162794;0
1162834;1
1162836;0
1162838;1
1162872;0
1162890;0
1162894;1
1162896;0
1162902;0
1162922;1
1162936;1
1162942;0
1162984;0
1162994;0
1163002;0
1163006;0
1163022;0
1163024;0
1163036;1
1163048;0
1163050;0
1163090;0
1163130;0
1163142;0
1163174;1
1163180;1
1163192;0
1163202;0
1163210;1
1163214;0
1163230;0
1163248;1
1163264;0
1163286;0
1163296;1
1163298;1
1163350;0
1163928;1
1163932;1
1163964;1
1164138;0
1164142;0
1164170;0
1164174;0
1164186;1
1164252;0
1164262;1
1164280;0
1164286;0
1164290;0
1164320;0
1164332;0
1164374;0
1164398;1
1164432;0
1164452;0
1164470;0
1164474;0
1164512;0
1164514;0
1164528;1
1164538;0
1164550;0
1164646;0
1164666;0
1164676;1
1164700;1
1164718;0
1164720;0
1164724;0
1164756;1
1164764;0
1164898;0
1164908;0
1164910;1
1164912;0
1164920;1
1164948;1
1164982;0
1165024;1
1165048;1
1165060;0
1165114;1
1165116;1
1165118;1
1165140;0
1165150;1
1165194;0
1165202;0
1165218;0
1165224;0
1165228;0
1165270;0
1165274;0
1165276;0
1165284;0
1165574;0
1165580;1
1165586;1
1165588;1
1165716;1
1165738;0
1165766;0
1165776;0
1165778;1
1165814;1
1165834;1
1165856;1
1165862;1
1166164;0
1166174;1
1166324;0
1166332;0
1166344;0
1166346;1
1166348;0
1166352;1
1166378;0
1166394;0
1166468;1
1166482;0
1166496;0
1166510;0
1166512;0
1166526;0
1166910;1
1167016;0
1167056;0
1167060;0
1167064;0
1167074;0
1167076;0
1167154;0
1167156;1
1167172;0
1167184;1
1167216;0
1167282;0
1167580;0
1167616;1
1167654;0
1167656;1
1167760;0
1167780;1
1167894;1
1167910;1
1167912;1
1167916;1
1167926;0
1167928;1
1167934;1
1168010;1
1168014;0
1168022;0
1168028;0
1168030;0
1168058;0
1168066;1
1168094;1
1168106;0
1168118;0
1168126;0
1168130;0
1168140;1
1168154;1
1168180;1
1168184;0
1168186;0
1168326;1
1168332;1
1168382;1
1168396;0
1168400;0
1168402;0
1168406;0
1168410;1
1168424;1
1168428;0
1168442;0
1168468;0
1168476;1
1168490;0
1168492;0
1168574;0
1168608;0
1168612;0
1168628;1
1168650;0
1168660;0
1168668;0
1168686;1
1168706;0
1168866;0
1168868;0
1168916;0
1168918;1
1168966;1
1169018;1
1169022;0
1169028;0
1169032;1
1169036;0
1169040;1
1169044;0
1169052;1
1169054;0
1169076;0
1169090;0
1169140;1
1169164;1
1169166;1
1169172;1
1169176;1
1169436;1
1169438;0
1169530;0
1169538;1
1169544;0
1169596;0
1169624;0
1169708;0
1169710;0
1169746;1
1169766;0
1169770;0
1169774;1
1169782;1
1169784;1
1169800;0
1169804;0
1169808;0
1169814;0
1169832;1
1169836;1
1169840;0
1169852;0
1169854;1
1169864;1
1169886;1
1169932;0
1169936;1
1169968;1
1170044;1
1170048;0
1170064;1
1170078;0
1170178;1
1170194;0
1170196;0
1170206;0
1170334;0
1170338;0
1170376;1
1170382;0
1170408;1
1170410;0
1170420;0
1170574;0
1170576;1
1170578;1
1170590;1
1170594;0
1170600;0
1170612;1
1170634;1
1170650;1
1170688;0
1170690;0
1170696;0
1170730;1
1170734;0
1170736;0
1170738;0
1170740;0
1170754;1
1170758;0
1170762;0
1170820;0
1170826;1
1170854;0
1170862;1
1170864;1
1170994;1
1170996;1
1171018;1
1171020;0
1171040;0
1171148;1
1171172;0
1171178;1
1171188;1
1171202;0
1171210;1
1171226;1
1171270;1
1171292;0
1171294;1
1171310;1
1171364;1
1171366;0
1171376;0
1171378;0
1171466;0
1171482;0
1171492;0
1171494;1
1171518;0
1171526;1
1171536;1
1171558;1
1171560;0
1171580;0
1171584;0
1171592;1
1171594;0
1171610;1
1171658;1
1171688;0
1171698;0
1171708;0
1171718;1
1171726;0
1171728;0
1171732;0
1171734;0
1171740;0
1171780;1
1171828;0
1171836;0
1171862;1
1171878;1
1171902;1
1171914;0
1172000;0
1172020;0
1172046;0
1172048;0
1172094;1
1172130;0
1172140;1
1172354;0
1172370;0
1172386;0
1172400;0
1172404;0
1172410;0
1172416;1
1172418;1
1172420;1
1172448;0
1172466;0
1172476;1
1172482;0
1172488;0
1172514;0
1172550;0
1172578;0
1172582;1
1172666;0
1172684;1
1172688;1
1172692;0
1172712;0
1172714;1
1172720;1
1172772;1
1172792;1
1172794;1
1172838;0
1172870;0
1172886;1
1172930;0
1172944;0
1172946;0
1172948;0
1172956;0
1172970;0
1172982;1
1172988;1
1173084;0
1173092;0
1173116;1
1173152;0
1173162;1
1173170;1
1173172;0
1173210;0
1173218;0
1173258;0
1173272;0
1173308;1
1173310;1
1173314;1
1173320;1
1173328;0
1173330;0
1173362;0
1173372;0
1173374;0
1173388;0
1173420;0
1173484;0
1173494;1
1173500;0
1173502;0
1173504;0
1173506;1
1173518;0
1173608;0
1173638;1
1173648;0
1173650;0
1173662;0
1173670;1
1173674;1
1173700;0
1173724;0
1173730;1
1173748;0
1173750;1
1173762;0
1173764;0
1173780;0
1173814;1
1173852;0
1173872;0
1173876;1
1173880;1
1173900;1
1173902;0
1173934;0
1173936;1
1173938;1
1173944;0
1173946;0
1173948;0
1173950;1
1173956;1
1173962;0
1173964;1
1173972;0
1173974;0
1173978;0
1173988;1
1174016;1
1174128;0
1174132;0
1174250;0
1174282;1
1174286;0
1174300;0
1174304;1
1174316;0
1174318;1
1174322;1
1174328;0
1174330;0
1174332;1
1174334;0
1174338;0
1174340;1
1174344;0
1174356;0
1174368;0
1174372;0
1174384;1
1174386;0
1174388;0
1174540;1
1174546;0
1174564;0
1174574;1
1174588;0
1174698;0
1174704;1
1174706;1
1174716;0
1174736;0
1174738;0
1174756;1
1174812;0
1174824;0
1174838;1
1174846;0
1174848;0
1174884;0
1174890;0
1174898;0
1174908;0
1174944;1
1174958;0
1174964;0
1174992;0
1174994;1
1174996;0
1175000;1
1175004;0
1175012;0
1175014;0
1175016;1
1175028;1
1175030;0
1175046;1
1175072;1
1175090;1
1175110;1
1175114;1
1175124;0
1175138;0
1175204;0
1175206;1
1175208;0
1175226;0
1175230;0
1175242;1
1175260;0
1175266;0
1175294;0
1175304;0
1175312;1
1175322;0
1175328;1
1175364;1
1175380;0
1175416;1
1175418;1
1175420;1
1175536;0
1175556;0
1175628;0
1175636;0
1175642;0
1175644;1
1175676;0
1175686;0
1175698;1
1175700;0
1175702;1
1175708;1
1175718;0
1175720;1
1175722;1
1175724;0
1175732;1
1175738;1
1175752;0
1175774;1
1175806;0
1175822;0
1175824;0
1175856;0
1175960;0
1175962;1
1175970;1
1175976;0
1175984;0
1175992;1
1175996;0
1176018;0
1176062;1
1176086;0
1176092;0
1176112;0
1176116;0
1176128;1
1176148;0
1176190;0
1176214;1
1176216;0
1176260;0
1176292;0
1176330;0
1176332;1
1176334;0
1176340;1
1176356;0
1176364;1
1176372;1
1176378;0
1176380;0
1176382;0
1176384;0
1176394;0
1176402;0
1176406;0
1176414;0
1176418;0
1176424;1
1176436;1
1176440;0
1176442;0
1176450;0
1176452;0
1176464;0
1176468;0
1176478;0
1176504;0
1176506;0
1176532;0
1176556;1
1176558;1
1176568;1
1176582;0
1176584;0
1176604;0
1176608;0
1176612;0
1176626;0
1176658;0
1176666;0
1176668;1
1176692;1
1176696;1
1176710;0
1176712;0
1176716;0
1176720;0
1176724;0
1176756;0
1176762;1
1176844;1
1176846;0
1176848;0
1176850;0
1176852;1
1176856;0
1176880;1
1176906;1
1176918;0
1176926;0
1176930;0
1176934;0
1176954;1
1176978;0
1176984;0
1176986;0
1176992;0
1177006;0
1177022;0
1177046;0
1177064;0
1177066;0
1177092;0
1177112;0
1177118;0
1177120;0
1177146;0
1177164;1
1177168;0
1177170;0
1177172;0
1177178;0
1177182;0
1177196;1
1177212;0
1177218;0
1177220;1
1177232;0
1177234;1
1177262;1
1177280;0
1177326;1
1177366;0
1177464;0
1177468;1
1177538;1
1177550;1
1177554;0
1177556;0
1177580;1
1177588;0
1177594;0
1177626;0
1177640;1
1177654;0
1177658;1
1177660;0
1177662;0
1177666;0
1177670;0
1177674;1
1177678;0
1177680;0
1177682;1
1177688;0
1177716;0
1177720;1
1177726;0
1177732;0
1177742;1
1177750;0
1177764;0
1177766;0
1177856;0
1177874;1
1177970;1
1177972;0
1177992;0
1178048;0
1178070;1
1178096;0
1178114;0
1178124;0
1178136;0
1178202;1
1178204;1
1178206;1
1178224;1
1178280;0
1178282;1
1178418;0
1178426;0
1178428;0
1178438;1
1178440;0
1178444;0
1178446;0
1178448;0
1178450;1
1178456;0
1178458;0
1178464;0
1178482;0
1178566;0
1178604;0
1178618;0
1178620;0
1178622;1
1178624;1
1178652;0
1178660;0
1178730;0
1178762;1
1178766;1
1178788;1
1178792;0
1178794;0
1178796;0
1178810;0
1178816;1
1178820;1
1178824;0
1178844;0
1178904;0
1178908;0
1179044;0
1179068;1
1179070;1
1179084;1
1179088;0
1179094;0
1179100;0
1179114;0
1179122;1
1179216;0
1179312;0
1179314;1
1179354;1
1179370;1
1179388;0
1179430;1
1179438;0
1179484;0
1179486;1
1179500;0
1179508;1
1179522;0
1179530;0
1179538;0
1179556;0
1179578;0
1179582;0
1179592;0
1179596;1
1179614;0
1179618;0
1179630;1
1179658;1
1179662;0
1179712;0
1179714;1
1179718;0
1179728;1
1179780;0
1179800;1
1179816;0
1179824;0
1179832;0
1179842;1
1179846;0
1179880;1
1179978;0
1179982;1
1179988;0
1179994;0
1180016;0
1180042;0
1180066;0
1180078;0
1180090;1
1180106;0
1180110;0
1180114;1
1180118;0
1180128;0
1180198;0
1180200;0
1180208;0
1180210;0
1180230;0
1180232;0
1180240;0
1180254;0
1180262;0
1180278;0
1180282;1
1180304;1
1180358;0
1180398;0
1180404;0
1180432;1
1180500;0
1180538;1
1180540;0
1180542;1
1180548;0
1180556;1
1180560;1
1180610;1
1180620;0
1180646;1
1180654;0
1180660;0
1180674;1
1180684;1
1180718;0
1180744;1
1180760;0
1180770;1
1180780;0
1180782;0
1180784;0
1180850;0
1180936;0
1180938;0
1180970;0
1180994;1
1181032;1
1181046;0
1181064;0
1181078;1
1181120;0
1181172;0
1181174;0
1181176;1
1181210;0
1181214;0
1181220;0
1181228;1
1181238;0
1181262;1
1181264;0
1181270;1
1181278;1
1181280;0
1181286;0
1181300;0
1181334;1
1181338;1
1181376;1
1181384;1
1181390;0
1181394;0
1181404;1
1181406;0
1181414;0
1181434;1
1181504;0
1181520;0
1181564;1
1181610;0
1181622;0
1181628;1
1181652;0
1181654;0
1181682;0
1181712;0
1181758;0
1181764;1
1181796;1
1181846;0
1181854;1
1181956;1
1181958;1
1181962;1
1181966;0
1181968;0
1181970;1
1181980;0
1182008;0
1182022;0
1182136;1
1182156;0
1182164;1
1182190;0
1182196;1
1182224;0
1182226;0
1182230;0
1182270;0
1182278;1
1182308;0
1182336;1
1182338;1
1182390;1
1182394;0
1182426;0
1182442;0
1182480;0
1182494;0
1182496;0
1182516;0
1182518;0
1182520;0
1182550;0
1182554;0
1182582;0
1182596;0
1182690;0
1182706;0
1182712;1
1182716;0
1182720;0
1182724;0
1182730;1
1182736;0
1182738;0
1182768;0
1182774;1
1182796;0
1182808;0
1182818;0
1182820;1
1182828;1
1182830;1
1182832;1
1182840;0
1182856;1
1182866;0
1183008;0
1183014;0
1183026;0
1183040;1
1183078;1
1183080;0
1183116;0
1183180;1
1183182;0
1183204;0
1183210;0
1183350;0
1183356;1
1183360;0
1183380;0
1183392;1
1183396;0
1183402;0
1183408;0
1183412;0
1183430;0
1183448;0
1183486;0
1183532;0
1183544;0
1183550;0
1183558;0
1183568;1
1183610;0
1183614;0
1183656;1
1183696;1
1183718;0
1183720;1
1183722;0
1183760;0
1183768;0
1183778;1
1183780;0
1183788;0
1183792;0
1183794;1
1183804;1
1183808;1
1183826;1
1183842;0
1183854;1
1183860;1
1183862;0
1183902;0
1183904;0
1183906;1
1183938;0
1183962;1
1183976;0
1184054;1
1184058;1
1184070;1
1184076;0
1184106;0
1184110;1
1184126;1
1184128;1
1184138;1
1184140;0
1184142;1
1184146;0
1184174;1
1184188;0
1184196;0
1184200;0
1184216;1
1184220;1
1184258;1
1184268;0
1184276;0
1184284;0
1184292;1
1184332;0
1184334;1
1184358;0
1184366;0
1184382;0
1184396;0
1184414;1
1184440;0
1184444;1
1184446;1
1184454;1
1184510;1
1184530;0
1184532;1
1184562;0
1184588;1
1184596;0
1184600;0
1184620;1
1184666;0
1184674;0
1184686;0
1184698;1
1184700;0
1184704;0
1184708;0
1184718;0
1184728;1
1184748;1
1184758;1
1184764;0
1184788;1
1184806;1
1184818;0
1184882;0
1184886;1
1184892;0
1184916;0
1184926;1
1184930;0
1184934;1
1184984;1
1185040;0
1185070;1
1185078;0
1185108;0
1185142;1
1185236;1
1185260;0
1185270;0
1185276;0
1185278;1
1185288;0
1185310;1
1185312;0
1185324;0
1185352;0
1185358;0
1185360;0
1185372;1
1185386;0
1185388;0
1185392;0
1185394;0
1185432;1
1185434;0
1185506;0
1185532;0
1185564;0
1185586;1
1185588;1
1185600;0
1185606;0
1185610;0
1185656;1
1185664;0
1185670;0
1185722;0
1185728;1
1185730;1
1185760;0
1185764;0
1185770;0
1185790;0
1185812;1
1185824;1
1185832;1
1185852;0
1185854;0
1185858;1
1185870;0
1185906;1
1185926;0
1185936;0
1185940;0
1185966;0
1185970;0
1185974;0
1185978;0
1185986;0
1185994;1
1186024;0
1186030;1
1186036;0
1186038;1
1186046;0
1186052;0
1186064;0
1186072;1
1186076;0
1186084;0
1186094;1
1186098;0
1186166;0
1186178;0
1186182;0
1186272;0
1186282;1
1186376;1
1186396;0
1186402;0
1186424;0
1186448;0
1186468;1
1186562;0
1186572;1
1186584;0
1186606;0
1186644;1
1186666;1
1186688;0
1186692;0
1186698;0
1186700;1
1186742;1
1186754;0
1186758;0
1186778;0
1186780;0
1186792;0
1186814;0
1186850;0
1186860;1
1186874;0
1186876;0
1186878;1
1186894;0
1186942;1
1186946;0
1187042;1
1187066;1
1187076;0
1187096;0
1187130;0
1187146;0
1187160;1
1187172;0
1187176;1
1187184;0
1187188;1
1187194;1
1187200;0
1187204;0
1187208;0
1187226;1
1187274;0
1187276;0
1187312;1
1187326;1
1187334;1
1187366;0
1187380;0
1187418;0
1187430;0
1187436;0
1187466;1
1187478;0
1187488;0
1187490;0
1187492;0
1187582;0
1187584;1
1187586;0
1187622;0
1187628;0
1187630;0
1187632;1
1187634;1
1187654;0
1187656;0
1187722;1
1187730;1
1187736;1
1187766;1
1187768;1
1187784;0
1187850;0
1187862;0
1187864;1
1187880;0
1187898;0
1187906;0
1187908;0
1187932;0
1187934;0
1187944;1
1187950;0
1187978;0
1188000;1
1188024;0
1188034;0
1188038;0
1188050;0
1188058;0
1188068;0
1188098;0
1188106;1
1188108;1
1188182;1
1188232;0
1188260;0
1188274;0
1188332;1
1188334;1
1188342;0
1188348;1
1188362;1
1188366;1
1188378;1
1188382;0
1188390;1
1188394;1
1188426;0
1188434;0
1188446;0
1188490;1
1188512;0
1188516;0
1188526;1
1188540;1
1188550;0
1188554;1
1188678;0
1188772;1
1188778;0
1188812;0
1188814;0
1188820;0
1188832;0
1188840;0
1188848;1
1188868;1
1188870;1
1188872;1
1188882;0
1188886;1
1188888;1
1188890;0
1188892;0
1188894;0
1188896;0
1188898;0
1188900;1
1188924;1
1188928;1
1188930;1
1188938;0
1188966;1
1188982;1
1188988;0
1188990;0
1189004;1
1189032;0
1189036;1
1189042;0
1189054;1
1189152;0
1189158;0
1189176;0
1189220;0
1189234;1
1189248;1
1189358;1
1189374;0
1189394;0
1189416;0
1189456;0
1189520;1
1189532;1
1189538;0
1189544;1
1189558;1
1189570;0
1189588;0
1189596;0
1189602;0
1189614;1
1189624;1
1189662;0
1189680;0
1189702;1
1189732;1
1189734;1
1189790;0
1189808;0
1189834;1
1189840;0
1189852;0
1189854;1
1189884;1
1189892;0
1189992;1
1190018;0
1190044;0
1190078;1
1190102;1
1190110;0
1190112;1
1190136;0
1190150;0
1190154;1
1190156;0
1190176;1
1190180;0
1190188;1
1190196;0
1190242;1
1190248;1
1190262;0
1190296;0
1190300;0
1190324;1
1190336;0
1190408;0
1190422;0
1190438;0
1190442;0
1190530;0
1190532;0
1190536;0
1190572;1
1190576;0
1190610;1
1190642;1
1190646;0
1190648;0
1190672;0
1190698;0
1190700;0
1190718;0
1190722;1
1190732;0
1190774;1
1190776;0
1190784;1
1190786;0
1190790;1
1190886;0
1190916;1
1190922;0
1190936;0
1190946;1
1190974;0
1190976;0
1191024;0
1191026;0
1191074;1
1191090;0
1191098;0
1191106;1
1191122;0
1191134;1
1191138;1
1191144;1
1191162;1
1191170;0
1191176;0
1191182;1
1191210;0
1191232;1
1191236;0
1191242;0
1191250;0
1191252;0
1191260;1
1191264;1
1191270;1
1191274;1
1191298;1
1191306;1
1191356;0
1191388;0
1191418;1
1191428;0
1191434;0
1191442;1
1191464;0
1191478;0
1191480;0
1191484;1
1191490;1
1191496;0
1191500;0
1191522;0
1191540;1
1191542;0
1191544;0
1191556;0
1191558;1
1191622;1
1191624;0
1191630;1
1191696;0
1191702;1
1191710;0
1191720;0
1191750;0
1191752;1
1191760;0
1191870;0
1191886;1
1191968;1
1191970;0
1191974;1
1191998;0
1192020;0
1192044;0
1192046;1
1192050;0
1192054;0
1192058;1
1192060;0
1192062;0
1192072;0
1192074;1
1192078;0
1192080;0
1192134;0
1192146;0
1192152;1
1192162;0
1192172;0
1192252;1
1192266;1
1192276;0
1192280;0
1192294;1
1192314;0
1192366;0
1192372;0
1192402;0
1192404;1
1192424;0
1192462;0
1192502;0
1192510;1
1192514;0
1192530;1
1192544;0
1192548;1
1192558;1
1192562;0
1192588;1
1192592;0
1192604;0
1192606;0
1192608;1
1192612;1
1192614;0
1192684;1
1192692;1
1192710;0
1192714;1
1192730;0
1192822;1
1192824;0
1192840;0
1192848;0
1192850;1
1192872;0
1192878;1
1192880;1
1192894;0
1192906;0
1192954;0
1192994;1
1193004;0
1193014;0
1193024;0
1193032;0
1193040;0
1193048;0
1193050;0
1193054;0
1193058;0
1193108;1
1193122;1
1193124;1
1193126;1
1193146;1
1193156;0
1193158;0
1193162;0
1193182;0
1193202;1
1193204;1
1193220;0
1193234;1
1193256;1
1193262;0
1193270;0
1193434;1
1193454;0
1193502;1
1193532;0
1193538;0
1193548;0
1193554;0
1193598;1
1193636;0
1193644;0
1193692;0
1193710;0
1193712;0
1193716;1
1193754;0
1193778;0
1193780;0
1193794;1
1193844;1
1193846;0
1193848;1
1193878;1
1193884;0
1193892;0
1193896;0
1193912;0
1193916;1
1193920;1
1193928;0
1193946;0
1193952;0
1193956;0
1193972;0
1193986;1
1193988;0
1194000;1
1194022;1
1194056;0
1194058;0
1194090;1
1194162;0
1194166;1
1194214;1
1194216;0
1194228;1
1194238;0
1194242;1
1194248;1
1194258;1
1194272;0
1194284;0
1194326;1
1194336;0
1194338;0
1194360;1
1194362;0
1194406;1
1194408;1
1194430;1
1194432;1
1194434;0
1194440;0
1194452;1
1194486;0
1194494;0
1194504;0
1194554;1
1194622;0
1194628;0
1194630;1
1194632;0
1194638;1
1194646;0
1194680;0
1194690;0
1194710;0
1194712;0
1194718;0
1194734;0
1194752;0
1194770;0
1194776;0
1194788;1
1194800;0
1194804;1
1194842;0
1194914;1
1194992;0
1195008;1
1195010;1
1195034;0
1195040;1
1195072;0
1195110;0
1195118;1
1195134;0
1195146;0
1195182;1
1195198;1
1195218;0
1195224;1
1195234;0
1195238;1
1195258;1
1195262;1
1195268;0
1195304;1
1195340;0
1195346;1
1195364;0
1195376;0
1195388;0
1195390;0
1195392;1
1195402;0
1195406;0
1195456;0
1195458;0
1195468;0
1195470;0
1195492;1
1195494;1
1195508;1
1195512;0
1195520;0
1195588;0
1195590;0
1195594;1
1195630;0
1195724;1
1195726;1
1195730;0
1195750;0
1195752;0
1195772;0
1195780;0
1195790;0
1195814;0
1195822;1
1195824;0
1195828;1
1195834;0
1195846;1
1195892;0
1195932;0
1195982;1
1196014;0
1196130;0
1196138;0
1196140;0
1196234;1
1196236;0
1196238;0
1196248;0
1196252;1
1196314;0
1196380;1
1196382;1
1196386;0
1196400;1
1196426;0
1196440;0
1196490;1
1196492;0
1196498;0
1196526;1
1196562;0
1196586;0
1196598;1
1196620;0
1196674;1
1196718;0
1196750;0
1196752;1
1196766;0
1196770;0
1196782;0
1196786;1
1196802;0
1196816;1
1196830;1
1196834;0
1196852;0
1196854;0
1196860;0
1196882;1
1196884;0
1196890;0
1196908;0
1196930;0
1196940;0
1196966;0
1197018;1
1197082;0
1197092;0
1197102;0
1197108;0
1197130;0
1197132;0
1197134;0
1197136;1
1197142;0
1197158;0
1197162;0
1197164;0
1197170;1
1197178;1
1197182;0
1197206;0
1197220;1
1197236;0
1197240;1
1197248;0
1197280;0
1197282;1
1197296;1
1197300;0
1197332;0
1197334;0
1197340;1
1197362;1
1197376;1
1197378;1
1197402;0
1197424;1
1197468;1
1197472;0
1197480;1
1197482;0
1197486;1
1197492;0
1197510;0
1197590;0
1197596;1
1197602;0
1197604;0
1197628;1
1197630;0
1197632;0
1197636;0
1197638;1
1197640;0
1197660;0
1197664;1
1197674;1
1197680;1
1197690;1
1197700;0
1197706;1
1197716;1
1197728;0
1197748;0
1197754;1
1197762;1
1197764;0
1197772;0
1197816;0
1197824;1
1197864;1
1197908;0
1197940;0
1197996;0
1198000;0
1198006;0
1198028;1
1198032;0
1198034;0
1198036;0
1198040;1
1198110;1
1198236;0
1198238;1
1198282;1
1198296;0
1198300;1
1198314;0
1198318;0
1198320;1
1198324;1
1198342;0
1198346;1
1198366;0
1198370;0
1198376;0
1198382;0
1198452;0
1198454;0
1198458;1
1198466;1
1198476;1
1198488;1
1198490;0
1198492;0
1198504;0
1198566;0
1198628;0
1198654;0
1198656;1
1198666;0
1198668;0
1198692;0
1198718;0
1198720;1
1198726;0
1198730;0
1198744;0
1198782;0
1198818;0
1198820;0
1198828;1
1198854;0
1198858;1
1198874;0
1198912;0
1199014;0
1199050;0
1199062;0
1199064;1
1199088;0
1199096;0
1199100;0
1199102;0
1199130;0
1199132;0
1199202;0
1199206;1
1199216;0
1199222;0
1199228;0
1199230;0
1199240;0
1199252;0
1199260;0
1199268;0
1199270;0
1199272;0
1199280;0
1199294;0
1199298;1
1199300;1
1199328;1
1199344;0
1199346;0
1199360;1
1199370;0
1199372;1
1199374;0
1199378;1
1199390;0
1199406;1
1199414;1
1199418;1
1199422;0
1199440;1
1199442;0
1199444;0
1199462;0
1199464;1
1199466;0
1199502;1
1199504;0
1199506;0
1199594;0
1199634;0
1199638;0
1199662;0
1199682;0
1199690;0
1199706;0
1199710;0
1199720;1
1199758;0
1199762;0
1199766;1
1199778;0
1199780;0
1199788;0
1199792;1
1199812;0
1199814;1
1199830;0
1199844;1
1199884;0
1199898;0
1199908;1
1199914;0
1199946;0
1199956;0
1199990;0
1200006;0
1200026;0
1200060;0
1200172;0
1200208;1
1200232;1
1200310;0
1200314;0
1200326;1
1200348;0
1200360;1
1200382;0
1200408;0
1200520;1
1200548;1
1200574;0
1200578;0
1200696;1
1200704;1
1200706;0
1200708;0
1200722;1
1200732;0
1200766;0
1200774;1
1200780;0
1200790;0
1200806;0
1200808;0
1200814;0
1200818;1
1200820;1
1200826;0
1200848;0
1200854;0
1200860;0
1200866;0
1200880;0
1200914;1
1200930;1
1200932;1
1200940;0
1200942;0
1200952;1
1200962;0
1200978;1
1200984;0
1201000;0
1201014;1
1201016;0
1201020;1
1201034;1
1201036;1
1201062;1
1201070;0
1201076;0
1201106;1
1201108;0
1201118;0
1201128;1
1201130;1
1201180;0
1201192;0
1201202;0
1201234;0
1201238;1
1201240;0
1201266;0
1201292;0
1201342;1
1201346;0
1201380;0
1201400;1
1201412;1
1201426;1
1201440;1
1201446;0
1201462;1
1201470;1
1201502;0
1201506;0
1201526;0
1201548;1
1201550;0
1201554;0
1201590;0
1201602;0
1201606;0
1201622;1
1201624;0
1201638;0
1201656;1
1201670;0
1201676;1
1201714;0
1201716;1
1201850;1
1201860;1
1201888;0
1201926;0
1201974;0
1202048;0
1202084;0
1202150;1
1202156;0
1202166;0
1202174;0
1202180;1
1202254;1
1202268;0
1202280;0
1202304;1
1202314;0
1202326;0
1202378;1
1202402;0
1202416;0
1202418;1
1202426;0
1202436;1
1202438;0
1202440;0
1202444;1
1202472;0
1202480;0
1202512;0
1202514;0
1202526;1
1202532;1
1202536;0
1202558;1
1202608;0
1202646;0
1202688;0
1202736;1
1202748;1
1202770;0
1202782;1
1202798;0
1202810;0
1202816;0
1202826;1
1202828;0
1202836;0
1202840;0
1202844;1
1202860;0
1202872;0
1202892;0
1202920;0
1202924;1
1202928;1
1202938;0
1202940;0
1202946;0
1202952;0
1202956;0
1202964;0
1202966;0
1202980;0
1203008;0
1203014;0
1203040;0
1203050;0
1203052;1
1203060;1
1203070;0
1203074;0
1203082;0
1203084;1
1203098;1
1203104;0
1203106;1
1203122;0
1203146;1
1203160;0
1203164;0
1203188;0
1203232;0
1203258;1
1203272;0
1203278;1
1203284;1
1203292;0
1203298;1
1203302;1
1203330;0
1203384;0
1203422;0
1203434;1
1203468;1
1203494;0
1203498;1
1203502;1
1203540;1
1203548;0
1203550;1
1203564;1
1203568;1
1203570;1
1203576;0
1203698;1
1203706;0
1203708;0
1203726;0
1203728;0
1203850;1
1203884;0
1203892;0
1203944;0
1203962;0
1203968;0
1203974;0
1203980;1
1203996;1
1204158;1
1204160;0
1204198;0
1204204;1
1204218;0
1204220;0
1204262;0
1204266;1
1204272;1
1204274;0
1204276;1
1204300;1
1204304;0
1204306;0
1204316;1
1204320;0
1204328;0
1204336;1
1204392;1
1204406;0
1204408;0
1204432;1
1204454;1
1204468;0
1204486;1
1204488;0
1204520;1
1204522;0
1204524;1
1204526;1
1204528;1
1204532;0
1204544;0
1204554;1
1204556;0
1204570;1
1204572;1
1204576;0
1204586;1
1204620;0
1204692;0
1204698;1
1204700;1
1204720;0
1204724;1
1204762;0
1204792;0
1204832;0
1204834;1
1204840;1
1204856;0
1204996;0
1205004;0
1205010;0
1205014;1
1205030;1
1205032;0
1205036;0
1205052;0
1205058;1
1205068;1
1205076;1
1205082;0
1205098;1
1205104;1
1205106;0
1205120;0
1205134;0
1205156;1
1205162;0
1205198;0
1205202;0
1205210;1
1205212;0
1205238;1
1205244;1
1205298;0
1205302;0
1205310;0
1205314;0
1205320;0
1205322;0
1205324;1
1205330;0
1205336;0
1205378;0
1205384;0
1205392;1
1205394;0
1205398;1
1205408;0
1205410;0
1205414;0
1205416;1
1205418;0
1205434;1
1205436;1
1205448;0
1205458;0
1205464;1
1205506;0
1205508;0
1205514;1
1205518;1
1205546;0
1205558;1
1205586;0
1205592;0
1205594;0
1205598;0
1205610;0
1205614;0
1205628;0
1205632;0
1205648;1
1205652;1
1205658;0
1205664;0
1205668;1
1205672;1
1205678;1
1205720;0
1205740;0
1205766;1
1205776;1
1205780;0
1205786;0
1205794;1
1205800;0
1205810;1
1205820;1
1205824;1
1205838;1
1205848;0
1205876;0
1205894;1
1205906;0
1205934;0
1205942;0
1205962;0
1205972;0
1205980;0
1206000;0
1206006;0
1206016;1
1206028;0
1206070;1
1206078;1
1206088;0
1206116;1
1206126;0
1206138;0
1206140;0
1206150;0
1206162;0
1206168;0
1206212;1
1206326;0
1206378;0
1206382;1
1206384;0
1206404;1
1206406;0
1206414;1
1206430;1
1206432;0
1206440;1
1206444;0
1206446;0
1206452;0
1206582;0
1206618;0
1206634;0
1206638;0
1206706;1
1206802;1
1206804;0
1206806;0
1206850;0
1206874;1
1206984;1
1206986;0
1206994;1
1206996;0
1207028;1
1207162;1
1207188;1
1207202;0
1207210;0
1207212;1
1207214;0
1207222;0
1207234;0
1207268;0
1207278;0
1207284;1
1207306;0
1207318;0
1207322;0
1207324;0
1207330;0
1207356;0
1207362;1
1207378;0
1207382;1
1207388;0
1207402;0
1207426;1
1207428;0
1207432;0
1207456;1
1207462;0
1207474;0
1207486;0
1207508;0
1207510;0
1207518;1
1207534;1
1207536;0
1207546;0
1207566;0
1207586;0
1207606;1
1207618;1
1207624;0
1207636;1
1207670;0
1207674;0
1207678;0
1207684;0
1207698;0
1207712;1
1207730;1
1207754;1
1207768;1
1207774;0
1207782;0
1207804;0
1207806;0
1207810;0
1207840;0
1207842;1
1207844;1
1207848;0
1207856;1
1207858;1
1207874;0
1207880;1
1207908;0
1207910;0
1207912;0
1207924;0
1207940;0
1207952;0
1207960;0
1207962;0
1207978;0
1207994;1
1208012;0
1208042;0
1208044;0
1208050;0
1208052;0
1208054;1
1208062;1
1208088;0
1208098;1
1208110;1
1208118;0
1208120;0
1208138;0
1208252;0
1208456;0
1208462;1
1208482;0
1208484;0
1208486;0
1208488;0
1208490;0
1208506;0
1208530;0
1208540;0
1208548;0
1208594;0
1208606;0
1208610;1
1208630;0
1208634;0
1208638;0
1208658;1
1208676;1
1208682;1
1208696;1
1208702;0
1208720;0
1208728;0
1208772;0
1208812;0
1208820;1
1208844;1
1208846;0
1208848;0
1208856;0
1208866;0
1208882;0
1208886;1
1208888;0
1208902;0
1208908;0
1208944;0
1208958;0
1209000;1
1209008;1
1209022;0
1209262;1
1209300;1
1209302;1
1209318;0
1209320;1
1209324;0
1209344;1
1209360;1
1209382;0
1209394;1
1209400;0
1209406;0
1209412;0
1209414;0
1209420;0
1209426;1
1209430;1
1209436;0
1209440;1
1209450;0
1209452;0
1209460;0
1209464;0
1209476;1
1209490;0
1209514;0
1209550;1
1209552;1
1209572;0
1209582;0
1209590;1
1209594;1
1209600;0
1209602;0
1209604;0
1209608;0
1209616;0
1209636;1
1209644;0
1209660;0
1209666;0
1209672;1
1209682;0
1209686;1
1209698;0
1209708;0
1209710;0
1209712;0
1209716;0
1209728;1
1209738;1
1209740;0
1209746;0
1209754;0
1209764;1
1209768;1
1209872;1
1209876;1
1209880;1
1209884;1
1209886;1
1209908;0
1209914;0
1209916;1
1209922;0
1209930;0
1209944;0
1209986;0
1210080;0
1210158;0
1210186;1
1210190;0
1210244;1
1210260;0
1210266;0
1210272;1
1210278;1
1210296;1
1210308;0
1210314;0
1210320;1
1210334;0
1210340;0
1210364;1
1210414;1
1210462;1
1210468;1
1210494;0
1210498;1
1210508;0
1210516;0
1210522;1
1210530;0
1210532;0
1210534;0
1210560;0
1210562;0
1210596;0
1210614;0
1210616;1
1210620;1
1210634;0
1210716;1
1210720;0
1210730;0
1210740;0
1210766;1
1210782;1
1210784;1
1210786;0
1210790;1
1210794;1
1210808;0
1210814;0
1210816;1
1210820;0
1210830;0
1210838;0
1210846;0
1210862;1
1210872;1
1210874;0
1210950;0
1210968;0
1210978;0
1210984;1
1210986;0
1210992;0
1210996;1
1211010;0
1211028;0
1211030;0
1211036;0
1211040;1
1211066;0
1211068;0
1211076;0
1211098;0
1211100;0
1211136;0
1211144;0
1211146;0
1211152;0
1211154;0
1211190;0
1211206;1
1211212;0
1211282;1
1211292;1
1211296;1
1211302;0
1211310;0
1211332;0
1211356;1
1211402;0
1211424;0
1211426;0
1211458;1
1211526;1
1211536;0
1211550;0
1211596;0
1211606;0
1211624;0
1211626;0
1211628;1
1211632;1
1211636;1
1211638;0
1211640;0
1211648;0
1211740;0
1211744;1
1211786;1
1211848;1
1211868;1
1211898;0
1211902;0
1211920;1
1211942;0
1211946;0
1211956;1
1211958;1
1211966;0
1211970;0
1211986;0
1212004;1
1212010;0
1212040;0
1212060;0
1212086;0
1212094;0
1212108;0
1212110;1
1212120;1
1212150;0
1212186;0
1212188;0
1212190;0
1212214;0
1212226;0
1212264;1
1212266;0
1212268;0
1212344;1
1212374;0
1212376;0
1212402;1
1212412;0
1212498;0
1212546;1
1212554;0
1212562;1
1212602;0
1212610;1
1212694;0
1212696;1
1212702;0
1212724;0
1212726;1
1212728;1
1212732;0
1212740;0
1212742;1
1212748;0
1212750;0
1212758;1
1212760;1
1212762;0
1212826;0
1212834;0
1212848;0
1212852;0
1212872;0
1212912;1
1212978;1
1212994;0
1213000;1
1213020;1
1213024;1
1213030;0
1213032;0
1213086;1
1213108;1
1213114;0
1213148;0
1213170;0
1213174;0
1213190;1
1213192;0
1213194;1
1213196;0
1213200;0
1213204;1
1213282;0
1213286;1
1213288;1
1213290;0
1213354;0
1213432;0
1213436;0
1213438;0
1213442;1
1213458;0
1213470;0
1213472;1
1213516;0
1213704;0
1213718;0
1213758;0
1213762;0
1213770;0
1213776;1
1213794;0
1213800;1
1213864;0
1213868;1
1213870;0
1213888;0
1213900;0
1213932;1
1213934;0
1213942;1
1213966;0
1213968;1
1213972;1
1213976;1
1213992;0
1214006;0
1214012;0
1214020;1
1214032;0
1214034;0
1214070;1
1214076;0
1214082;0
1214106;0
1214108;0
1214110;0
1214128;1
1214138;1
1214140;0
1214148;1
1214160;0
1214168;0
1214182;0
1214202;0
1214204;0
1214208;0
1214426;1
1214456;0
1214462;1
1214470;0
1214544;0
1214560;0
1214562;0
1214568;1
1214572;0
1214576;0
1214578;0
1214580;1
1214584;1
1214680;1
1214682;0
1214694;0
1214744;0
1214748;1
1214762;0
1214802;0
1214838;0
1214844;0
1214846;1
1214854;0
1214874;1
1214914;1
1214936;1
1214944;1
1214946;0
1214950;0
1214962;0
1214980;1
1214992;0
1214994;0
1215012;0
1215022;1
1215058;0
1215060;0
1215080;0
1215094;0
1215098;1
1215102;0
1215106;0
1215112;0
1215122;0
1215146;0
1215222;0
1215230;0
1215244;0
1215470;1
1215472;0
1215500;0
1215526;1
1215538;1
1215540;1
1215548;0
1215554;0
1215558;1
1215566;0
1215706;1
1215708;0
1215724;1
1215730;1
1215738;0
1215758;0
1215766;0
1215774;1
1215776;0
1215780;0
1215802;0
1215804;1
1215830;0
1215832;0
1215860;0
1215884;0
1215912;1
1215918;0
1215936;0
1215940;1
1215944;1
1215946;0
1215954;0
1216024;1
1216062;0
1216084;0
1216122;0
1216148;1
1216154;1
1216160;0
1216178;0
1216190;1
1216194;0
1216198;0
1216214;0
1216222;1
1216244;1
1216264;0
1216292;0
1216294;0
1216302;1
1216304;1
1216312;0
1216320;0
1216366;1
1216418;1
1216420;0
1216422;0
1216426;1
1216464;1
1216506;0
1216520;0
1216534;1
1216536;0
1216540;0
1216548;0
1216570;0
1216574;1
1216606;1
1216612;0
1216626;1
1216634;0
1216646;0
1216666;0
1216694;0
1216704;0
1216744;0
1216784;1
1216904;1
1216912;1
1216946;1
1217044;1
1217080;0
1217086;0
1217088;0
1217108;1
1217116;0
1217120;1
1217140;1
1217144;0
1217154;0
1217170;0
1217172;0
1217174;0
1217188;0
1217216;0
1217218;0
1217234;0
1217246;0
1217248;1
1217250;0
1217252;0
1217254;0
1217264;0
1217268;1
1217276;0
1217296;1
1217306;1
1217322;1
1217354;1
1217356;1
1217372;0
1217376;0
1217388;0
1217398;1
1217432;0
1217434;1
1217436;0
1217440;0
1217466;0
1217472;0
1217474;0
1217476;1
1217482;1
1217494;1
1217502;0
1217508;0
1217524;0
1217528;1
1217534;1
1217546;0
1217550;0
1217556;0
1217564;0
1217576;1
1217600;0
1217678;0
1217732;0
1217748;1
1217758;0
1217800;1
1217802;0
1217814;0
1217822;1
1217830;1
1217874;0
1217908;0
1217912;0
1217916;0
1217926;1
1217966;0
1217992;0
1217996;0
1218010;1
1218078;0
1218086;1
1218108;1
1218136;1
1218146;0
1218162;0
1218182;0
1218190;1
1218198;0
1218210;1
1218228;0
1218236;0
1218242;1
1218244;0
1218246;0
1218262;0
1218266;1
1218278;0
1218290;0
1218338;0
1218342;0
1218368;0
1218374;1
1218386;1
1218390;1
1218398;0
1218406;1
1218414;1
1218418;1
1218424;0
1218430;0
1218458;0
1218728;0
1218740;0
1218750;1
1218762;1
1218774;0
1218784;0
1218788;0
1218794;0
1218796;0
1218810;1
1218812;0
1218824;0
1218830;0
1218832;0
1218834;1
1218842;1
1218982;0
1219032;1
1219064;0
1219066;1
1219068;0
1219078;0
1219084;0
1219088;1
1219090;0
1219096;0
1219116;0
1219122;1
1219126;0
1219132;1
1219196;0
1219202;0
1219216;1
1219224;0
1219238;1
1219240;1
1219250;0
1219256;0
1219292;0
1219294;0
1219296;1
1219298;1
1219310;0
1219314;0
1219332;1
1219426;0
1219428;0
1219442;0
1219444;0
1219450;1
1219454;0
1219458;0
1219474;0
1219490;0
1219522;0
1219526;1
1219528;0
1219560;0
1219562;0
1219576;1
1219578;0
1219580;1
1219590;0
1219602;1
1219604;1
1219606;1
1219612;0
1219628;0
1219658;0
1219724;0
1219732;0
1219740;0
1219748;0
1219764;1
1219770;0
1219900;0
1219946;0
1219952;1
1219960;1
1219970;0
1219972;0
1219974;0
1219976;0
1219982;1
1219990;1
1219998;0
1220054;0
1220064;1
1220070;0
1220102;0
1220118;1
1220120;0
1220122;1
1220126;0
1220132;0
1220134;0
1220224;0
1220276;0
1220280;1
1220284;0
1220302;0
1220312;1
1220346;1
1220400;0
1220404;0
1220424;1
1220426;0
1220430;0
1220438;1
1220440;0
1220448;0
1220450;1
1220470;0
1220476;0
1220478;0
1220484;0
1220502;0
1220508;0
1220540;0
1220558;1
1220564;1
1220574;0
1220578;0
1220580;0
1220584;0
1220610;1
1220626;1
1220628;0
1220630;0
1220636;0
1220646;0
1220660;1
1220662;1
1220668;0
1220760;1
1220762;0
1220780;0
1220788;1
1220800;0
1220804;0
1220808;0
1220816;0
1220846;1
1220874;0
1220950;0
1220954;0
1220988;1
1220990;0
1221004;0
1221006;1
1221008;0
1221010;0
1221016;1
1221018;0
1221038;0
1221040;0
1221048;0
1221050;1
1221064;0
1221070;1
1221072;0
1221074;0
1221090;1
1221104;1
1221124;0
1221162;0
1221182;0
1221184;0
1221186;0
1221192;1
1221198;0
1221202;0
1221206;1
1221210;0
1221220;1
1221236;1
1221248;1
1221250;1
1221282;0
1221286;0
1221290;1
1221316;0
1221320;1
1221326;0
1221356;1
1221360;0
1221368;1
1221370;0
1221378;0
1221386;1
1221400;0
1221410;1
1221470;0
1221492;0
1221498;0
1221504;0
1221586;0
1221618;0
1221624;1
1221674;1
1221676;0
1221678;0
1221682;1
1221700;1
1221712;0
1221716;0
1221864;1
1221884;1
1221890;0
1221892;0
1221906;0
1221910;1
1221914;0
1221916;0
1221930;0
1221942;0
1221960;0
1221990;1
1222020;1
1222032;1
1222050;0
1222052;0
1222054;0
1222056;0
1222058;0
1222070;1
1222086;1
1222090;0
1222124;0
1222126;0
1222136;0
1222138;1
1222144;1
1222154;0
1222158;0
1222160;1
1222164;1
1222168;0
1222220;1
1222226;1
1222268;0
1222346;1
1222348;1
1222362;0
1222368;1
1222374;0
1222396;0
1222408;0
1222414;0
1222416;0
1222422;1
1222430;1
1222470;0
1222476;1
1222512;0
1222544;1
1222554;0
1222574;0
1222576;0
1222602;0
1222662;0
1222676;1
1222680;1
1222682;0
1222684;0
1222716;0
1222720;0
1222732;1
1222762;0
1222770;0
1222772;0
1222774;1
1222780;0
1222792;0
1222812;1
1222824;1
1222846;1
1222896;0
1222900;1
1222904;0
1222910;0
1222914;1
1222944;1
1222972;1
1222978;1
1223040;1
1223056;1
1223068;0
1223118;0
1223188;1
1223358;0
1223370;1
1223374;1
1223378;1
1223380;0
1223392;0
1223396;0
1223478;0
1223490;0
1223492;0
1223496;0
1223502;0
1223506;0
1223516;1
1223526;0
1223570;0
1223578;0
1223592;1
1223600;0
1223610;0
1223628;1
1223634;1
1223636;0
1223638;0
1223646;1
1223648;0
1223650;1
1223654;0
1223660;0
1223664;1
1223670;0
1223688;0
1223724;0
1223728;1
1223732;1
1223736;0
1223754;1
1223762;0
1223784;1
1223792;1
1223796;1
1223802;0
1223830;0
1223878;0
1223900;0
1223910;0
1223944;0
1223948;1
1223994;0
1224010;1
1224012;0
1224014;1
1224024;0
1224066;1
1224070;1
1224084;0
1224094;1
1224108;0
1224110;0
1224128;0
1224136;0
1224148;0
1224154;1
1224166;1
1224170;0
1224172;1
1224174;0
1224178;0
1224182;0
1224188;0
1224190;1
1224194;0
1224224;1
1224446;1
1224462;1
1224468;1
1224472;1
1224538;1
1224560;1
1224576;0
1224600;1
1224634;0
1224638;1
1224646;0
1224658;0
1224676;0
1224698;0
1224702;1
1224712;0
1224714;1
1224718;0
1224736;1
1224738;0
1224766;1
1224772;0
1224774;1
1224776;1
1224778;0
1224800;0
1224820;0
1224838;0
1224848;1
1224854;0
1224858;1
1224896;0
1224898;1
1224922;0
1224938;1
1224958;0
1224978;0
1224986;1
1225020;0
1225058;0
1225132;1
1225156;1
1225170;1
1225172;0
1225266;1
1225270;0
1225278;0
1225284;0
1225288;1
1225290;0
1225304;0
1225306;1
1225310;1
1225348;1
1225374;0
1225396;0
1225492;1
1225512;1
1225526;0
1225568;0
1225584;0
1225590;0
1225596;0
1225644;1
1225652;1
1225664;0
1225678;0
1225680;1
1225684;1
1225688;0
1225706;1
1225748;0
1225754;0
1225766;0
1225768;0
1225770;0
1225784;1
1225800;0
1225816;1
1225822;1
1225874;0
1225928;0
1225938;1
1226050;0
1226052;0
1226058;0
1226060;0
1226074;1
1226080;1
1226092;1
1226122;0
1226124;0
1226136;1
1226150;0
1226154;0
1226168;1
1226178;1
1226188;0
1226192;0
1226194;1
1226208;0
1226240;1
1226248;1
1226284;0
1226300;0
1226350;0
1226364;1
1226480;0
1226496;1
1226498;0
1226512;1
1226522;0
1226530;0
1226536;1
1226540;1
1226548;1
1226550;0
1226554;1
1226570;1
1226574;0
1226588;1
1226590;0
1226676;1
1226770;1
1226774;0
1226792;0
1226828;0
1226840;1
1226844;0
1226846;0
1226972;1
1226974;1
1226980;0
1226992;1
1227000;0
1227024;0
1227026;0
1227040;0
1227122;0
1227126;0
1227130;1
1227140;0
1227152;0
1227154;0
1227160;0
1227162;1
1227174;0
1227182;0
1227184;0
1227196;0
1227202;0
1227210;0
1227218;1
1227240;1
1227250;0
1227324;0
1227338;1
1227356;0
1227376;0
1227392;0
1227406;1
1227422;0
1227428;0
1227442;1
1227448;0
1227454;1
1227462;1
1227470;1
1227482;0
1227494;0
1227544;0
1227548;0
1227554;1
1227556;0
1227558;1
1227562;1
1227564;0
1227570;1
1227612;1
1227664;1
1227746;0
1227750;0
1227758;0
1227764;1
1227768;0
1227788;0
1227790;1
1227812;0
1227814;0
1227850;1
1227862;1
1227898;1
1227900;1
1227932;1
1227934;0
1227936;0
1227938;0
1227942;0
1227946;0
1227948;1
1227958;1
1227964;0
1227972;0
1227986;1
1228042;1
1228048;0
1228110;0
1228132;0
1228134;0
1228136;0
1228142;0
1228148;0
1228154;1
1228156;0
1228160;0
1228170;0
1228178;0
1228180;0
1228218;0
1228246;0
1228274;1
1228280;0
1228292;0
1228308;1
1228310;1
1228316;0
1228336;1
1228344;1
1228346;1
1228362;0
1228368;1
1228382;0
1228390;0
1228416;0
1228448;0
1228478;0
1228528;1
1228554;0
1228556;1
1228580;1
1228592;0
1228602;1
1228624;0
1228632;0
1228664;1
1228666;1
1228674;1
1228688;0
1228808;1
1228950;0
1228962;0
1228972;1
1228982;1
1228990;0
1228996;1
1229000;0
1229056;0
1229128;0
1229210;0
1229216;1
1229218;1
1229224;1
1229256;0
1229258;0
1229272;0
1229274;0
1229278;1
1229280;0
1229290;0
1229294;0
1229318;1
1229340;1
1229358;0
1229370;0
1229372;0
1229386;0
1229388;0
1229416;1
1229428;1
1229444;0
1229502;0
1229504;1
1229524;1
1229574;0
1229610;0
1229616;1
1229622;0
1229630;0
1229650;1
1229694;0
1229820;0
1229872;0
1229920;1
1229948;0
1229970;1
1229980;1
1229982;0
1229984;0
1229986;0
1229994;0
1230030;0
1230114;0
1230124;0
1230126;0
1230128;0
1230134;0
1230136;0
1230142;1
1230144;1
1230160;0
1230164;0
1230170;1
1230190;0
1230192;1
1230194;0
1230224;1
1230232;1
1230264;0
1230282;0
1230300;0
1230304;1
1230306;0
1230338;0
1230368;0
1230372;0
1230382;0
1230388;1
1230394;1
1230408;1
1230436;0
1230458;1
1230502;1
1230540;0
1230542;0
1230546;0
1230580;0
1230592;1
1230594;1
1230596;1
1230604;0
1230630;0
1230636;1
1230672;0
1230674;0
1230686;1
1230722;0
1230740;0
1230748;0
1230760;0
1230768;0
1230792;0
1230836;1
1230852;1
1230866;0
1230878;0
1230882;0
1230888;0
1230890;1
1231016;0
1231036;0
1231054;1
1231078;0
1231080;0
1231082;0
1231090;1
1231114;1
1231124;1
1231142;1
1231144;0
1231146;0
1231162;0
1231172;0
1231190;1
1231200;0
1231218;0
1231220;0
1231224;1
1231226;1
1231230;0
1231242;1
1231260;1
1231262;1
1231264;0
1231278;0
1231282;1
1231344;0
1231348;1
1231362;0
1231364;1
1231376;0
1231380;1
1231396;0
1231404;1
1231426;0
1231434;0
1231446;0
1231462;0
1231496;0
1231506;0
1231514;1
1231540;1
1231552;1
1231564;1
1231568;0
1231582;0
1231586;0
1231612;0
1231632;0
1231636;1
1231674;0
1231678;1
1231686;0
1231708;0
1231716;1
1231734;0
1231738;0
1231752;0
1231756;0
1231758;0
1231768;1
1231782;0
1231784;0
1231786;0
1231800;0
1231806;0
1231824;0
1231856;1
1231858;0
1231862;1
1231868;0
1231874;0
1231884;0
1231894;1
1231900;0
1231912;0
1231930;1
1231948;1
1231958;1
1231962;0
1231970;0
1231974;1
1232004;1
1232008;0
1232060;1
1232062;0
1232068;1
1232090;0
1232100;0
1232102;0
1232108;0
1232114;0
1232118;1
1232128;0
1232140;0
1232168;0
1232170;1
1232172;0
1232176;0
1232180;0
1232186;0
1232196;1
1232220;0
1232228;1
1232236;0
1232244;1
1232246;0
1232250;0
1232264;1
1232268;0
1232310;0
1232324;1
1232334;0
1232490;1
1232498;1
1232550;1
1232564;1
1232672;1
1232710;0
1232712;0
1232714;0
1232734;0
1232764;0
1232774;0
1232878;1
1232880;0
1232904;1
1232994;0
1233080;0
1233096;0
1233110;1
1233122;0
1233224;0
1233230;1
1233258;0
1233260;0
1233262;1
1233266;1
1233272;0
1233274;1
1233306;1
1233344;0
1233354;0
1233364;0
1233382;0
1233384;0
1233394;0
1233462;0
1233476;0
1233484;0
1233496;0
1233504;1
1233508;0
1233512;0
1233518;0
1233524;0
1233566;1
1233596;1
1233622;1
1233634;0
1233656;0
1233658;1
1233694;1
1233700;1
1233702;1
1233706;0
1233714;0
1233752;0
1233754;0
1233790;0
1233866;1
1233898;0
1233936;0
1233942;0
1233972;1
1233974;1
1233994;0
1233998;1
1234010;0
1234012;1
1234020;0
1234030;0
1234056;0
1234074;0
1234078;0
1234080;1
1234084;0
1234092;0
1234110;0
1234118;1
1234120;0
1234136;1
1234162;1
1234182;0
1234224;0
1234272;0
1234278;0
1234288;0
1234298;1
1234300;0
1234320;0
1234336;0
1234344;1
1234358;0
1234392;0
1234400;0
1234436;0
1234440;1
1234454;0
1234470;0
1234474;0
1234478;1
1234490;0
1234492;0
1234502;0
1234504;0
1234530;0
1234554;1
1234584;0
1234642;1
1234690;0
1234692;0
1234724;1
1234756;0
1234872;1
1234906;0
1234918;0
1234922;0
1234936;0
1234944;0
1234974;0
1234978;0
1234994;0
1235030;0
1235038;0
1235078;1
1235086;0
1235208;1
1235214;0
1235360;0
1235372;0
1235378;0
1235404;0
1235414;0
1235440;1
1235458;0
1235464;0
1235472;0
1235474;1
1235478;0
1235542;1
1235582;1
1235588;1
1235594;1
1235596;1
1235614;1
1235620;0
1235626;1
1235636;0
1235644;0
1235652;0
1235654;0
1235666;1
1235682;1
1235686;0
1235704;0
1235734;0
1235834;0
1235846;0
1235848;0
1235850;1
1235856;0
1235872;1
1235894;0
1235918;0
1235922;1
1235926;0
1235938;0
1235940;1
1235962;0
1235970;0
1236044;0
1236054;0
1236064;0
1236068;0
1236082;1
1236088;1
1236090;1
1236096;0
1236112;1
1236114;1
1236204;0
1236208;1
1236212;0
1236232;0
1236234;1
1236256;1
1236260;0
1236280;1
1236292;1
1236300;1
1236302;0
1236304;0
1236310;1
1236312;1
1236322;0
1236326;0
1236334;1
1236340;0
1236342;1
1236346;1
1236414;1
1236422;1
1236580;0
1236586;1
1236592;0
1236628;0
1236634;0
1236640;0
1236650;0
1236684;1
1236690;0
1236698;1
1236700;0
1236728;0
1236730;1
1236734;0
1236744;0
1236756;1
1236758;1
1236778;0
1236790;1
1236812;0
1236816;0
1236820;1
1236838;1
1236882;0
1236900;0
1236904;0
1236928;0
1236938;0
1236946;1
1236962;0
1236968;1
1236990;1
1236994;0
1237076;0
1237134;0
1237196;0
1237202;1
1237210;0
1237246;0
1237248;0
1237262;0
1237268;1
1237278;1
1237282;0
1237298;0
1237302;0
1237364;0
1237366;0
1237370;0
1237376;1
1237386;1
1237390;0
1237406;1
1237422;0
1237426;1
1237430;1
1237446;0
1237466;0
1237480;0
1237492;1
1237496;0
1237550;0
1237560;0
1237562;1
1237566;0
1237568;0
1237578;0
1237588;0
1237590;1
1237592;0
1237600;0
1237602;0
1237610;0
1237612;0
1237614;0
1237624;0
1237746;0
1237754;0
1237776;0
1237788;0
1237798;1
1237802;0
1237806;0
1237828;1
1237830;0
1237836;0
1237844;0
1237856;0
1237862;0
1237866;0
1237878;1
1237912;1
1237980;0
1237986;1
1237994;0
1238002;0
1238004;0
1238018;0
1238020;0
1238056;0
1238062;1
1238072;1
1238074;0
1238084;1
1238086;0
1238090;0
1238092;1
1238116;0
1238120;1
1238126;0
1238130;1
1238132;0
1238134;0
1238144;0
1238150;1
1238162;1
1238164;0
1238166;0
1238174;0
1238226;0
1238234;1
1238240;1
1238242;0
1238246;0
1238250;1
1238254;0
1238260;0
1238264;0
1238320;1
1238346;0
1238356;1
1238360;1
1238362;1
1238364;1
1238436;1
1238440;0
1238452;0
1238478;1
1238484;0
1238518;0
1238522;0
1238546;0
1238552;0
1238584;0
1238586;0
1238604;0
1238610;0
1238614;0
1238618;0
1238620;0
1238622;0
1238626;1
1238640;0
1238658;0
1238660;0
1238670;0
1238678;0
1238692;0
1238696;0
1238700;1
1238702;0
1238730;0
1238744;0
1238746;1
1238754;1
1238758;0
1238780;0
1238816;1
1238824;1
1238830;1
1238832;1
1238844;0
1238848;0
1238856;1
1238884;0
1238890;1
1238894;1
1238896;0
1238924;1
1238950;0
1238956;0
1238964;0
1238966;1
1238968;0
1239006;0
1239022;0
1239026;1
1239042;0
1239050;1
1239080;0
1239114;1
1239282;1
1239322;0
1239334;0
1239340;1
1239362;1
1239370;0
1239374;0
1239386;0
1239394;0
1239404;0
1239408;1
1239428;1
1239432;0
1239442;0
1239478;0
1239566;0
1239570;0
1239572;0
1239582;1
1239584;0
1239592;0
1239600;0
1239638;0
1239676;0
1239686;0
1239704;1
1239708;1
1239718;1
1239750;1
1239768;1
1239780;0
1239784;0
1239792;1
1239802;1
1239804;0
1239808;0
1239816;0
1239818;1
1239820;1
1239828;0
1239830;0
1239840;0
1239854;1
1239902;0
1239908;0
1239920;0
1239944;0
1239950;0
1239960;1
1239970;1
1240018;0
1240022;1
1240032;0
1240044;0
1240050;1
1240052;0
1240074;0
1240082;1
1240086;0
1240094;0
1240096;0
1240100;1
1240102;1
1240130;1
1240142;0
1240144;0
1240164;0
1240166;0
1240174;1
1240180;1
1240184;0
1240188;1
1240190;1
1240192;0
1240216;0
1240218;0
1240238;1
1240242;0
1240258;1
1240260;0
1240320;1
1240332;0
1240346;0
1240348;0
1240352;0
1240358;1
1240364;1
1240368;0
1240370;0
1240374;0
1240376;0
1240384;0
1240390;1
1240396;0
1240398;0
1240412;0
1240446;0
1240464;1
1240472;1
1240484;1
1240506;1
1240534;1
1240548;0
1240552;0
1240554;1
1240572;1
1240594;0
1240600;0
1240604;1
1240610;0
1240628;0
1240632;1
1240634;0
1240646;1
1240666;0
1240670;1
1240672;0
1240684;0
1240694;0
1240710;1
1240770;0
1240780;0
1240782;0
1240786;0
1240792;0
1240802;1
1240816;1
1240822;0
1240830;0
1240832;1
1240838;1
1240840;0
1240844;0
1240856;0
1240912;0
1240920;1
1240928;0
1240932;1
1240934;1
1240948;0
1240966;0
1241158;1
1241174;0
1241176;0
1241184;0
1241190;1
1241202;0
1241204;0
1241208;1
1241210;1
1241224;1
1241234;0
1241242;0
1241252;1
1241262;1
1241348;0
1241350;0
1241366;0
1241424;0
1241426;0
1241432;1
1241470;0
1241474;0
1241478;0
1241544;1
1241554;0
1241562;0
1241640;1
1241652;0
1241692;0
1241746;0
1241750;1
1241780;0
1241786;0
1241790;0
1241830;0
1241860;0
1241892;0
1241926;1
1241928;1
1241960;0
1241978;1
1241988;0
1242008;0
1242010;0
1242026;0
1242028;0
1242050;0
1242054;0
1242056;1
1242064;0
1242066;1
1242070;0
1242076;1
1242080;0
1242086;0
1242098;0
1242116;0
1242128;1
1242132;0
1242174;0
1242176;1
1242178;0
1242180;0
1242182;1
1242198;1
1242214;0
1242234;0
1242238;0
1242256;0
1242272;0
1242274;0
1242292;0
1242308;0
1242310;1
1242324;1
1242328;0
1242360;0
1242362;0
1242372;1
1242392;1
1242402;0
1242412;0
1242416;1
1242420;1
1242424;0
1242426;1
1242432;0
1242446;1
1242468;0
1242472;0
1242478;0
1242504;0
1242506;0
1242532;0
1242536;0
1242552;1
1242556;0
1242560;0
1242570;1
1242584;0
1242596;0
1242604;0
1242612;0
1242616;0
1242634;1
1242652;0
1242660;0
1242662;1
1242678;0
1242684;0
1242696;0
1242700;0
1242726;0
1242736;0
1242758;0
1242764;1
1242788;0
1242926;1
1242928;0
1242936;1
1242950;1
1242954;0
1243034;0
1243052;1
1243088;0
1243104;1
1243138;1
1243140;0
1243172;0
1243178;0
1243190;1
1243206;0
1243214;1
1243230;0
1243242;0
1243246;0
1243254;0
1243260;1
1243276;1
1243278;1
1243284;1
1243290;0
1243292;0
1243326;0
1243332;0
1243358;1
1243480;1
1243488;1
1243520;1
1243538;0
1243566;0
1243582;0
1243590;0
1243594;1
1243610;0
1243614;0
1243616;1
1243656;1
1243698;1
1243744;1
1243760;0
1243768;0
1243810;0
1243824;1
1243836;0
1243864;1
1243920;0
1243922;1
1243928;1
1243938;1
1243954;1
1243964;0
1243966;0
1243970;0
1243974;0
1243978;0
1243992;1
1244002;0
1244004;0
1244006;0
1244010;0
1244034;0
1244038;0
1244040;0
1244058;0
1244062;1
1244064;0
1244152;0
1244174;0
1244176;1
1244178;0
1244186;0
1244200;0
1244210;1
1244216;0
1244220;0
1244222;0
1244256;0
1244272;1
1244290;0
1244296;0
1244318;0
1244324;0
1244352;1
1244366;0
1244368;0
1244386;0
1244404;0
1244410;0
1244414;1
1244422;0
1244432;0
1244444;0
1244448;0
1244454;1
1244490;0
1244496;1
1244528;1
1244538;0
1244540;1
1244552;0
1244572;0
1244596;0
1244612;1
1244616;1
1244622;0
1244634;0
1244644;0
1244652;0
1244672;1
1244674;1
1244676;0
1244694;0
1244702;1
1244708;0
1244722;1
1244732;0
1244734;0
1244746;1
1244760;0
1244762;1
1244790;1
1244794;0
1244796;0
1244798;0
1244810;0
1245050;1
1245056;1
1245060;0
1245074;1
1245112;0
1245140;1
1245162;1
1245168;0
1245184;0
1245206;1
1245240;0
1245244;1
1245248;1
1245264;1
1245272;0
1245284;0
1245288;1
1245314;1
1245330;0
1245334;0
1245474;0
1245480;0
1245490;0
1245508;0
1245512;0
1245518;0
1245522;0
1245526;0
1245528;0
1245532;1
1245544;1
1245576;1
1245588;0
1245620;1
1245724;1
1245728;0
1245736;1
1245752;1
1245764;0
1245770;0
1245784;0
1245790;1
1245832;0
1245834;0
1245836;1
1245838;1
1245844;0
1245858;1
1245868;1
1245870;0
1245872;0
1245918;0
1245928;1
1245938;0
1245940;1
1245942;1
1245944;0
1245948;0
1245960;0
1245962;0
1245976;0
1245984;1
1245988;0
1245998;1
1246000;0
1246004;1
1246020;0
1246034;0
1246036;0
1246042;0
1246074;1
1246090;0
1246094;0
1246096;0
1246108;1
1246134;0
1246188;0
1246214;0
1246222;0
1246236;1
1246238;0
1246242;0
1246262;1
1246320;1
1246322;1
1246326;1
1246354;1
1246362;0
1246508;1
1246528;0
1246540;1
1246546;0
1246554;1
1246574;0
1246648;1
1246670;0
1246676;0
1246678;1
1246718;0
1246720;1
1246722;0
1246738;0
1246786;1
1246790;0
1246792;1
1246794;1
1246892;1
1246898;0
1246906;1
1246924;0
1246998;0
1247024;0
1247030;0
1247032;1
1247048;0
1247060;0
1247088;1
1247096;0
1247100;1
1247102;1
1247104;0
1247110;0
1247122;0
1247152;1
1247192;1
1247232;1
1247240;0
1247276;0
1247298;1
1247300;0
1247302;0
1247318;1
1247322;1
1247362;1
1247394;1
1247402;1
1247420;0
1247434;0
1247440;1
1247442;0
1247454;0
1247480;0
1247566;0
1247578;0
1247586;0
1247592;1
1247628;0
1247648;0
1247660;1
1247664;0
1247668;0
1247696;0
1247786;0
1247804;1
1247810;0
1247812;0
1247814;1
1247822;1
1247854;0
1247856;0
1247866;1
1247872;0
1247878;1
1247882;0
1247892;0
1247902;1
1247940;0
1247958;0
1248022;0
1248026;0
1248074;0
1248078;1
1248088;0
1248106;0
1248136;1
1248164;0
1248184;0
1248200;1
1248210;1
1248212;0
1248214;0
1248216;1
1248234;1
1248264;1
1248276;0
1248286;0
1248292;0
1248302;0
1248320;1
1248372;0
1248376;0
1248380;0
1248384;0
1248392;1
1248396;1
1248400;0
1248408;0
1248420;1
1248436;1
1248450;1
1248542;0
1248544;0
1248558;1
1248616;0
1248622;1
1248624;0
1248642;0
1248644;0
1248646;1
1248652;0
1248656;1
1248658;1
1248662;0
1248668;1
1248672;1
1248680;0
1248704;1
1248728;0
1248746;0
1248758;0
1248780;0
1248786;1
1248812;0
1248828;1
1248830;0
1248832;1
1248836;0
1248844;0
1248856;0
1248860;1
1248862;1
1248866;0
1248868;0
1248870;1
1248872;1
1248874;1
1248878;0
1248884;1
1248886;1
1248910;0
1248934;1
1248952;0
1248978;0
1249008;0
1249010;1
1249018;0
1249022;1
1249056;1
1249064;0
1249078;1
1249094;0
1249100;0
1249118;1
1249130;1
1249140;0
1249156;1
1249172;0
1249176;1
1249182;0
1249204;1
1249206;0
1249208;1
1249210;1
1249224;1
1249234;1
1249240;0
1249242;0
1249260;0
1249264;1
1249268;0
1249270;1
1249274;1
1249288;0
1249322;1
1249376;1
1249380;1
1249402;1
1249414;0
1249430;0
1249434;0
1249438;0
1249440;1
1249448;1
1249462;1
1249488;1
1249500;1
1249506;1
1249522;0
1249538;0
1249544;0
1249632;0
1249644;1
1249656;0
1249696;0
1249708;0
1249710;1
1249712;0
1249714;0
1249718;0
1249720;1
1249722;1
1249726;0
1249746;0
1249750;1
1249754;1
1249782;0
1249790;0
1249794;0
1249804;0
1249806;0
1249810;0
1249866;1
1249868;0
1249880;1
1249882;1
1249908;1
1249922;1
1249936;0
1249940;0
1249944;0
1249946;1
1249950;1
1249954;1
1249958;0
1249972;0
1249976;1
1250022;0
1250204;0
1250286;1
1250298;1
1250306;1
1250308;0
1250316;0
1250318;0
1250326;0
1250334;0
1250336;0
1250342;0
1250366;0
1250394;0
1250396;1
1250400;0
1250428;0
1250430;1
1250440;0
1250442;0
1250450;0
1250456;0
1250460;1
1250464;0
1250482;0
1250488;0
1250524;0
1250528;0
1250538;0
1250540;0
1250576;0
1250588;0
1250594;0
1250598;0
1250604;1
1250606;0
1250622;1
1250630;1
1250632;0
1250634;0
1250640;0
1250642;0
1250648;0
1250652;0
1250658;0
1250660;0
1250688;1
1250694;1
1250704;0
1250712;1
1250724;0
1250750;0
1250762;0
1250770;1
1250796;1
1250804;1
1250834;1
1250870;1
1250876;0
1250882;1
1250892;1
1250896;0
1250904;0
1250922;0
1250954;0
1250958;1
1250962;0
1250968;0
1250970;1
1250972;0
1250990;0
1250994;0
1251026;0
1251028;1
1251034;0
1251038;0
1251052;0
1251106;0
1251116;0
1251126;1
1251162;1
1251170;0
1251190;1
1251202;0
1251216;0
1251218;0
1251220;0
1251222;1
1251228;0
1251238;1
1251244;0
1251248;0
1251250;0
1251252;0
1251256;1
1251262;0
1251274;0
1251282;1
1251284;0
1251288;1
1251302;1
1251310;0
1251326;0
1251354;0
1251356;1
1251370;0
1251374;0
1251390;0
1251392;0
1251408;0
1251412;0
1251414;0
1251416;1
1251434;0
1251438;1
1251442;0
1251458;1
1251470;0
1251716;0
1251726;1
1251756;1
1251774;1
1251814;1
1251848;1
1251852;1
1251854;0
1251860;0
1251876;0
1251884;0
1251892;1
1251904;0
1251910;0
1251920;0
1251930;1
1251932;0
1251938;1
1251944;1
1251948;0
1251950;1
1251966;0
1251988;0
1252000;0
1252014;0
1252030;0
1252032;1
1252038;1
1252040;1
1252044;0
1252048;1
1252062;1
1252066;1
1252070;1
1252088;0
1252192;0
1252212;0
1252256;0
1252258;0
1252262;0
1252352;0
1252362;1
1252366;0
1252370;0
1252390;0
1252418;1
1252422;1
1252428;1
1252438;1
1252444;0
1252454;0
1252464;1
1252474;0
1252484;0
1252502;0
1252556;0
1252558;0
1252566;0
1252576;1
1252582;0
1252634;1
1252636;0
1252638;0
1252640;0
1252644;0
1252656;0
1252658;0
1252660;0
1252662;0
1252664;0
1252670;0
1252674;0
1252682;0
1252686;1
1252702;1
1252720;0
1252726;1
1252730;0
1252748;0
1252754;1
1252758;1
1252762;0
1252784;1
1252796;0
1252852;0
1252854;0
1252870;0
1252872;1
1252906;0
1252908;1
1252940;1
1252954;0
1252976;0
1252980;1
1252988;1
1253002;0
1253022;1
1253026;0
1253028;0
1253054;0
1253058;0
1253064;1
1253076;0
1253096;0
1253104;0
1253106;0
1253122;0
1253138;1
1253182;1
1253190;0
1253202;0
1253226;0
1253234;0
1253236;1
1253294;1
1253302;1
1253308;0
1253310;0
1253316;0
1253324;0
1253346;0
1253348;1
1253360;1
1253378;0
1253386;0
1253390;1
1253434;0
1253478;0
1253486;1
1253512;0
1253538;1
1253556;1
1253568;1
1253572;1
1253584;0
1253586;1
1253604;0
1253608;1
1253612;1
1253658;1
1253666;1
1253678;0
1253686;0
1253688;0
1253714;0
1253718;0
1253722;1
1253732;1
1253736;0
1253740;0
1253748;0
1253760;0
1253770;0
1253806;0
1253812;0
1253814;1
1253824;0
1253826;1
1253828;0
1253834;0
1253870;0
1253958;1
1253966;1
1253968;1
1253970;0
1253984;0
1253992;0
1253998;0
1254004;1
1254008;1
1254072;0
1254092;1
1254170;0
1254172;0
1254176;0
1254182;1
1254184;1
1254186;0
1254190;0
1254194;0
1254196;1
1254218;0
1254224;0
1254246;1
1254270;1
1254272;1
1254278;0
1254280;0
1254282;0
1254296;1
1254298;0
1254306;0
1254350;1
1254370;0
1254374;1
1254378;0
1254386;0
1254394;1
1254402;0
1254412;0
1254418;0
1254420;1
1254432;0
1254434;0
1254448;0
1254454;0
1254462;0
1254480;0
1254492;1
1254494;0
1254506;1
1254510;0
1254514;1
1254518;1
1254524;0
1254570;0
1254574;0
1254592;1
1254594;1
1254602;0
1254608;0
1254630;1
1254702;1
1254740;1
1254776;1
1254802;0
1254828;0
1254832;0
1254834;1
1254840;0
1254842;0
1254846;1
1254860;0
1254862;1
1254878;0
1254900;0
1254902;1
1254904;1
1254910;0
1254930;0
1254970;1
1254974;0
1255012;1
1255048;1
1255060;1
1255074;1
1255078;1
1255084;0
1255088;0
1255146;0
1255184;0
1255222;0
1255246;0
1255370;0
1255376;1
1255378;0
1255386;0
1255476;1
1255478;1
1255500;0
1255528;1
1255532;0
1255554;0
1255560;0
1255566;0
1255572;0
1255586;0
1255616;0
1255618;1
1255654;0
1255656;0
1255658;0
1255660;0
1255696;0
1255700;0
1255702;0
1255714;0
1255734;0
1255758;0
1255760;1
1255764;0
1255866;1
1255874;0
1255878;0
1255892;1
1255912;0
1255914;0
1255918;1
1255922;0
1255926;0
1255940;1
1255958;1
1255970;0
1255978;1
1255986;0
1255996;0
1256002;1
1256020;0
1256026;1
1256036;0
1256048;0
1256058;0
1256060;1
1256074;0
1256086;0
1256090;0
1256096;0
1256118;0
1256132;1
1256140;0
1256142;1
1256156;0
1256158;0
1256160;0
1256172;0
1256174;1
1256196;1
1256214;0
1256218;1
1256232;0
1256236;1
1256250;1
1256258;1
1256280;0
1256292;0
1256300;1
1256302;0
1256306;0
1256318;1
1256330;0
1256342;0
1256354;0
1256364;1
1256372;0
1256390;0
1256392;0
1256410;1
1256440;0
1256468;0
1256480;1
1256484;0
1256486;0
1256514;0
1256618;0
1256740;0
1256744;0
1256748;1
1256758;0
1256764;1
1256766;0
1256776;0
1256782;0
1256804;0
1256826;0
1256852;0
1256926;1
1256950;1
1256954;1
1256962;1
1257008;0
1257014;0
1257018;0
1257048;1
1257050;1
1257060;0
1257068;0
1257104;0
1257110;0
1257118;1
1257126;1
1257134;0
1257138;0
1257140;1
1257142;1
1257146;0
1257166;1
1257226;0
1257240;0
1257254;1
1257276;0
1257318;1
1257356;0
1257368;0
1257370;1
1257372;1
1257376;0
1257394;0
1257396;0
1257402;0
1257422;1
1257428;1
1257432;0
1257442;0
1257446;1
1257452;0
1257462;1
1257478;1
1257480;0
1257490;0
1257502;0
1257606;1
1257644;0
1257666;0
1257670;1
1257672;0
1257676;0
1257678;0
1257680;0
1257684;1
1257688;0
1257690;1
1257692;0
1257700;0
1257714;0
1257722;0
1257728;0
1257730;0
1257752;0
1257754;0
1257756;0
1257760;0
1257778;1
1257786;1
1257798;1
1257810;0
1257968;0
1257970;1
1257974;0
1258000;0
1258008;0
1258014;0
1258022;0
1258028;1
1258034;1
1258036;0
1258052;1
1258056;0
1258130;0
1258194;1
1258198;1
1258224;1
1258232;0
1258250;0
1258266;0
1258280;1
1258286;1
1258374;0
1258384;1
1258390;0
1258440;0
1258442;1
1258446;1
1258450;0
1258456;1
1258464;1
1258474;0
1258486;0
1258490;1
1258500;0
1258510;1
1258520;1
1258524;0
1258528;1
1258538;0
1258540;1
1258560;0
1258564;0
1258584;1
1258594;0
1258602;1
1258604;0
1258612;0
1258616;1
1258620;0
1258666;0
1258668;0
1258672;1
1258684;0
1258686;0
1258692;1
1258698;1
1258718;0
1258742;0
1258762;0
1258774;0
1258778;0
1258780;0
1258798;1
1258800;1
1258812;0
1258816;1
1258830;1
1258930;0
1258946;0
1258956;0
1258962;0
1258970;1
1258972;1
1259002;0
1259006;0
1259030;0
1259050;1
1259056;0
1259058;0
1259066;1
1259076;0
1259084;0
1259130;1
1259132;1
1259160;1
1259176;0
1259388;1
1259416;0
1259462;1
1259470;1
1259480;1
1259496;1
1259498;0
1259500;0
1259504;1
1259518;0
1259520;0
1259526;0
1259528;0
1259538;0
1259558;1
1259566;1
1259568;1
1259576;0
1259584;0
1259602;0
1259604;0
1259608;0
1259616;1
1259624;0
1259630;1
1259632;0
1259714;0
1259732;0
1259790;0
1259792;0
1259794;1
1259802;0
1259806;1
1259808;0
1259810;0
1259814;0
1259820;0
1259834;0
1259846;0
1259848;0
1259876;1
1259878;1
1259990;1
1259994;1
1260088;0
1260220;1
1260268;1
1260282;1
1260288;1
1260300;0
1260302;1
1260310;0
1260324;0
1260348;0
1260350;0
1260356;1
1260384;1
1260394;0
1260404;0
1260412;0
1260416;0
1260430;1
1260432;0
1260434;1
1260448;0
1260458;1
1260474;1
1260484;0
1260486;1
1260490;0
1260504;1
1260514;0
1260522;0
1260538;0
1260548;0
1260550;1
1260552;0
1260566;1
1260570;0
1260572;1
1260576;1
1260580;0
1260590;0
1260596;0
1260598;1
1260600;0
1260638;0
1260644;1
1260648;0
1260652;1
1260670;1
1260684;1
1260698;0
1260706;0
1260708;0
1260712;0
1260722;0
1260726;0
1260742;1
1260758;0
1260796;0
1260806;1
1260812;0
1260818;1
1260822;1
1260866;0
1260878;0
1260884;0
1260900;0
1260942;0
1260992;1
1261006;1
1261168;1
1261180;0
1261186;1
1261188;0
1261226;1
1261236;1
1261258;0
1261274;1
1261290;1
1261300;0
1261306;0
1261312;1
1261330;0
1261354;0
1261370;0
1261388;0
1261402;0
1261408;0
1261422;0
1261432;0
1261440;0
1261444;0
1261472;1
1261476;0
1261482;1
1261516;0
1261556;1
1261592;0
1261594;0
1261598;1
1261600;1
1261638;0
1261644;0
1261658;0
1261668;1
1261672;0
1261674;0
1261682;0
1261690;0
1261692;1
1261708;0
1261716;1
1261750;0
1261752;1
1261782;0
1261806;0
1261820;0
1261824;0
1261832;0
1261834;0
1261846;0
1261872;0
1261878;0
1261884;1
1261910;0
1261922;1
1261930;1
1261932;0
1261946;0
1261962;0
1261970;0
1261976;1
1261978;0
1261980;0
1262066;0
1262068;1
1262076;0
1262082;0
1262084;0
1262090;0
1262096;1
1262102;0
1262108;0
1262176;1
1262180;0
1262186;0
1262194;0
1262274;0
1262276;0
1262374;0
1262432;0
1262438;1
1262450;1
1262452;0
1262504;0
1262506;0
1262548;0
1262596;1
1262602;0
1262614;0
1262634;0
1262664;1
1262682;0
1262684;1
1262704;1
1262708;1
1262722;1
1262724;0
1262726;0
1262732;1
1262740;0
1262748;1
1262752;1
1262758;0
1262760;1
1262774;0
1262780;0
1262784;0
1262786;1
1262840;1
1262842;0
1262852;0
1262888;1
1262892;0
1262902;0
1262924;0
1262928;1
1262930;0
1262944;1
1262948;0
1262950;0
1262996;1
1263000;0
1263024;1
1263032;1
1263070;0
1263132;1
1263190;1
1263216;0
1263222;1
1263228;0
1263250;1
1263254;0
1263256;0
1263258;0
1263260;1
1263262;0
1263278;0
1263290;1
1263314;0
1263366;1
1263420;0
1263424;0
1263482;0
1263530;1
1263542;1
1263544;0
1263552;0
1263554;0
1263650;1
1263656;1
1263658;0
1263702;0
1263708;1
1263710;0
1263718;0
1263722;0
1263732;0
1263738;1
1263742;0
1263794;1
1263808;0
1263818;0
1263824;0
1263858;0
1263870;0
1263874;1
1263888;0
1263896;1
1263902;0
1263910;0
1263914;1
1263916;1
1263920;0
1263922;0
1263928;0
1263936;1
1263946;1
1263948;0
1263952;1
1263958;1
1263960;1
1263974;0
1263978;0
1264028;1
1264032;1
1264034;0
1264036;0
1264044;0
1264050;1
1264054;0
1264056;1
1264078;1
1264086;1
1264088;1
1264102;0
1264108;1
1264114;0
1264124;0
1264154;1
1264170;0
1264176;1
1264194;0
1264202;0
1264206;0
1264220;0
1264234;1
1264238;1
1264256;0
1264262;0
1264266;1
1264302;1
1264422;1
1264424;0
1264428;1
1264430;0
1264436;0
1264438;0
1264442;1
1264448;0
1264456;0
1264460;1
1264464;0
1264630;0
1264668;0
1264672;0
1264678;1
1264692;0
1264706;0
1264710;1
1264716;0
1264726;0
1264728;1
1264732;0
1264740;0
1264744;1
1264754;0
1264756;1
1264760;0
1264762;0
1264766;1
1264794;0
1264806;0
1264808;0
1264824;1
1264852;0
1264872;1
1264912;0
1264918;0
1264930;1
1264964;1
1264974;1
1264984;0
1264992;0
1264998;0
1265012;0
1265032;0
1265068;0
1265070;1
1265092;0
1265094;1
1265120;0
1265126;0
1265128;0
1265134;1
1265216;0
1265220;0
1265222;1
1265228;0
1265234;0
1265236;0
1265240;0
1265242;0
1265248;0
1265252;0
1265254;0
1265278;1
1265296;0
1265306;0
1265308;0
1265312;0
1265316;0
1265330;0
1265332;1
1265348;1
1265352;0
1265376;0
1265430;1
1265434;0
1265476;0
1265520;1
1265534;0
1265544;1
1265556;0
1265580;0
1265588;1
1265600;1
1265608;0
1265610;0
1265624;1
1265638;1
1265648;1
1265682;0
1265690;0
1265770;0
1265778;0
1265790;0
1265792;1
1265798;1
1265806;1
1265832;0
1265848;1
1265858;1
1265876;0
1265888;0
1265906;0
1265926;0
1265928;0
1265956;1
1265962;1
1265986;1
1265990;1
1266010;0
1266030;0
1266036;0
1266042;0
1266060;0
1266066;0
1266098;1
1266112;0
1266118;0
1266120;1
1266124;1
1266132;1
1266138;0
1266146;0
1266170;0
1266174;1
1266210;0
1266214;1
1266216;0
1266250;0
1266274;0
1266278;1
1266292;0
1266306;0
1266318;0
1266320;1
1266324;0
1266330;1
1266356;0
1266358;0
1266366;1
1266376;0
1266398;0
1266404;1
1266420;0
1266422;0
1266432;0
1266448;0
1266456;0
1266486;1
1266488;1
1266512;0
1266644;1
1266652;0
1266654;0
1266660;0
1266704;1
1266708;0
1266714;1
1266738;0
1266802;0
1266804;1
1266816;0
1266844;1
1266846;0
1266862;0
1266864;0
1266878;1
1266882;0
1266900;1
1266906;0
1266910;1
1266932;1
1266940;0
1266958;0
1267022;1
1267030;1
1267036;1
1267042;0
1267046;1
1267052;0
1267056;0
1267062;0
1267064;0
1267068;0
1267072;1
1267074;1
1267076;1
1267082;0
1267090;0
1267128;0
1267132;0
1267136;0
1267148;0
1267152;1
1267170;0
1267202;1
1267208;0
1267214;0
1267230;0
1267252;0
1267264;0
1267304;0
1267322;0
1267336;1
1267338;0
1267372;0
1267374;0
1267390;0
1267392;1
1267394;0
1267410;1
1267416;0
1267428;0
1267434;0
1267436;1
1267446;1
1267450;0
1267460;0
1267464;0
1267482;1
1267490;1
1267516;0
1267520;0
1267780;0
1267786;1
1267792;1
1267822;1
1267824;0
1267832;1
1267834;0
1267868;1
1267880;0
1268036;0
1268040;0
1268042;0
1268192;1
1268206;0
1268214;0
1268242;0
1268258;0
1268272;0
1268280;0
1268286;1
1268288;1
1268290;0
1268298;0
1268304;1
1268320;1
1268322;0
1268344;1
1268348;0
1268360;1
1268362;0
1268366;0
1268368;0
1268370;1
1268374;0
1268406;1
1268414;1
1268440;0
1268448;0
1268452;0
1268476;0
1268480;0
1268482;0
1268484;0
1268486;0
1268494;0
1268504;0
1268506;0
1268508;0
1268510;0
1268524;0
1268526;0
1268528;1
1268530;1
1268542;0
1268544;0
1268556;1
1268560;1
1268568;0
1268688;1
1268690;1
1268714;1
1268748;1
1268750;0
1268752;0
1268754;0
1268758;1
1268762;0
1268802;1
1268834;0
1268888;0
1268892;0
1268894;0
1268898;0
1268900;1
1268902;1
1268908;0
1268940;1
1268944;0
1268952;0
1268972;1
1268984;1
1269004;1
1269016;1
1269028;1
1269032;0
1269034;0
1269038;1
1269044;1
1269046;0
1269054;0
1269072;0
1269076;0
1269080;0
1269120;1
1269122;1
1269138;1
1269144;1
1269160;1
1269180;0
1269202;0
1269216;0
1269218;1
1269222;1
1269224;1
1269240;0
1269270;1
1269302;1
1269366;1
1269392;0
1269402;0
1269436;0
1269454;1
1269608;0
1269626;0
1269644;1
1269660;0
1269680;0
1269682;0
1269686;0
1269698;1
1269702;1
1269738;1
1269796;0
1269808;0
1269838;0
1269840;1
1269848;0
1269916;1
1270036;0
1270042;1
1270044;0
1270046;0
1270052;0
1270054;0
1270066;1
1270100;1
1270124;1
1270126;0
1270132;0
1270142;0
1270160;0
1270170;0
1270184;0
1270188;0
1270196;0
1270202;0
1270206;0
1270216;1
1270254;0
1270256;0
1270320;0
1270332;0
1270334;1
1270350;0
1270358;1
1270360;0
1270418;0
1270426;0
1270436;0
1270524;0
1270526;1
1270528;1
1270536;0
1270580;0
1270592;1
1270594;1
1270602;0
1270640;0
1270652;0
1270658;0
1270688;0
1270690;0
1270786;1
1270916;1
1270920;0
1270934;0
1270942;0
1270950;0
1270960;0
1270964;0
1270974;1
1270980;0
1271002;0
1271004;0
1271020;0
1271022;1
1271032;1
1271034;0
1271040;1
1271054;1
1271056;0
1271088;1
1271092;1
1271100;0
1271106;0
1271126;1
1271154;0
1271166;1
1271172;0
1271190;0
1271210;0
1271212;1
1271232;1
1271240;1
1271252;0
1271258;1
1271288;0
1271304;0
1271310;0
1271320;0
1271338;1
1271340;0
1271346;0
1271350;0
1271368;0
1271372;1
1271392;0
1271406;0
1271408;0
1271432;0
1271442;0
1271452;0
1271462;1
1271464;0
1271490;0
1271496;0
1271504;0
1271506;0
1271520;0
1271526;0
1271528;0
1271538;1
1271542;0
1271552;1
1271556;0
1271562;0
1271564;1
1271576;0
1271596;1
1271610;0
1271640;1
1271648;0
1271660;0
1271662;1
1271674;0
1271688;0
1271706;1
1271710;0
1271780;0
1271786;1
1271788;1
1271796;0
1271802;0
1271808;0
1271810;0
1271812;0
1271814;1
1271820;0
1271824;0
1271828;0
1271830;0
1271838;0
1271848;1
1271856;0
1271862;0
1271864;0
1271894;1
1271918;0
1271944;1
1271946;0
1271956;0
1271964;0
1271968;1
1271970;1
1271972;0
1271974;0
1271978;0
1271980;0
1272124;1
1272128;0
1272130;0
1272132;1
1272134;1
1272136;1
1272142;1
1272190;0
1272220;0
1272236;1
1272238;1
1272258;0
1272266;0
1272294;0
1272298;1
1272322;1
1272328;0
1272342;0
1272346;0
1272350;0
1272352;0
1272354;0
1272392;1
1272414;1
1272436;1
1272442;0
1272446;0
1272448;1
1272452;0
1272458;0
1272460;1
1272468;0
1272474;0
1272484;0
1272490;0
1272492;1
1272494;0
1272516;1
1272554;0
1272568;1
1272570;0
1272584;0
1272608;0
1272622;0
1272632;1
1272644;0
1272646;1
1272648;0
1272676;0
1272678;0
1272694;0
1272708;1
1272742;1
1272760;1
1272768;0
1272778;1
1272786;0
1272810;0
1272816;0
1272836;1
1272858;1
1272874;0
1272882;0
1272898;1
1272900;0
1272902;0
1272904;0
1272906;0
1272926;0
1272930;0
1272932;0
1272956;0
1272962;1
1273002;0
1273004;0
1273020;0
1273022;0
1273026;0
1273044;0
1273074;1
1273088;1
1273098;0
1273102;0
1273104;0
1273106;1
1273108;0
1273114;0
1273118;1
1273120;0
1273124;1
1273138;0
1273158;0
1273166;0
1273174;1
1273176;1
1273180;1
1273184;0
1273206;0
1273214;0
1273290;0
1273348;0
1273438;1
1273444;0
1273452;0
1273460;1
1273464;1
1273482;0
1273514;1
1273516;0
1273518;0
1273528;1
1273534;0
1273542;0
1273564;0
1273582;0
1273584;0
1273588;0
1273598;0
1273632;0
1273644;0
1273650;1
1273656;1
1273658;1
1273686;0
1273690;0
1273740;1
1273742;0
1273754;0
1273854;1
1273858;0
1273864;0
1273896;1
1273898;1
1273906;0
1273912;1
1273934;0
1273948;0
1273952;1
1273968;0
1274072;0
1274078;0
1274080;1
1274088;0
1274094;1
1274100;0
1274106;0
1274110;0
1274120;0
1274122;0
1274128;0
1274134;1
1274146;1
1274148;1
1274170;0
1274172;0
1274176;0
1274184;1
1274190;0
1274294;0
1274344;0
1274398;1
1274410;1
1274420;0
1274430;0
1274436;0
1274444;0
1274458;1
1274466;0
1274472;0
1274524;1
1274712;0
1274714;0
1274738;1
1274744;0
1274760;1
1274768;0
1274790;1
1274802;0
1274804;0
1274808;0
1274822;0
1274852;1
1274860;1
1274878;0
1274884;0
1274888;0
1274894;0
1274902;1
1274920;0
1274972;1
1274974;0
1274994;1
1275010;0
1275028;0
1275036;0
1275038;0
1275042;0
1275052;0
1275060;1
1275064;0
1275066;1
1275072;1
1275074;0
1275080;1
1275112;0
1275114;1
1275126;0
1275136;0
1275156;1
1275172;1
1275174;1
1275182;0
1275198;1
1275202;0
1275222;1
1275228;0
1275230;0
1275248;1
1275250;1
1275270;0
1275296;1
1275358;0
1275374;0
1275376;1
1275380;1
1275382;0
1275390;0
1275394;0
1275410;0
1275412;0
1275456;1
1275542;1
1275568;0
1275572;0
1275576;1
1275578;0
1275580;0
1275588;0
1275612;1
1275620;1
1275622;0
1275632;1
1275648;1
1275710;0
1275726;0
1275728;0
1275730;1
1275742;0
1275750;0
1275766;0
1275768;0
1275776;1
1275782;0
1275786;0
1275790;1
1275792;1
1275810;0
1275814;0
1275846;1
1275880;0
1275886;0
1275898;0
1275904;0
1275916;0
1275920;0
1275948;1
1275966;0
1275972;0
1275978;0
1276080;0
1276084;1
1276086;1
1276096;0
1276112;0
1276116;1
1276156;0
1276160;0
1276164;0
1276172;0
1276180;0
1276190;0
1276246;1
1276252;1
1276254;1
1276326;0
1276330;1
1276338;1
1276368;1
1276374;0
1276382;1
1276384;1
1276390;0
1276400;0
1276404;0
1276408;0
1276416;0
1276432;0
1276434;0
1276444;1
1276462;0
1276546;0
1276554;1
1276642;0
1276674;0
1276686;0
1276688;1
1276698;1
1276702;0
1276708;0
1276710;0
1276722;1
1276730;1
1276742;0
1276752;0
1276754;1
1276758;0
1276766;0
1276788;1
1276808;0
1276810;0
1276828;0
1276830;0
1276840;0
1276882;0
1276884;1
1276910;0
1276914;0
1276982;1
1276988;0
1277020;1
1277024;0
1277034;0
1277052;0
1277058;1
1277078;0
1277086;0
1277096;1
1277108;0
1277170;0
1277186;0
1277196;1
1277200;1
1277214;0
1277222;1
1277270;0
1277286;0
1277302;0
1277430;0
1277432;0
1277438;0
1277440;0
1277446;0
1277480;0
1277492;0
1277496;1
1277656;1
1277670;1
1277690;1
1277692;0
1277694;1
1277790;1
1277802;0
1277804;0
1277950;1
1277974;1
1278012;0
1278018;0
1278024;0
1278046;0
1278064;0
1278066;0
1278068;0
1278072;0
1278090;0
1278094;0
1278106;1
1278114;0
1278116;0
1278124;0
1278136;0
1278150;0
1278154;0
1278164;0
1278166;1
1278174;0
1278182;1
1278184;1
1278188;0
1278194;1
1278206;0
1278220;0
1278226;0
1278230;1
1278248;1
1278252;1
1278272;0
1278274;0
1278310;0
1278318;1
1278326;0
1278330;0
1278372;0
1278376;1
1278378;0
1278388;0
1278392;0
1278398;0
1278404;1
1278406;1
1278410;0
1278414;0
1278422;1
1278424;1
1278436;1
1278446;1
1278482;0
1278484;1
1278486;0
1278532;0
1278536;0
1278544;1
1278558;0
1278560;1
1278586;1
1278654;0
1278670;1
1278686;0
1278702;0
1278720;1
1278734;0
1278736;0
1278740;0
1278756;0
1278758;1
1278764;0
1278778;0
1278788;1
1278792;1
1278794;1
1278806;0
1278812;1
1278822;0
1278832;0
1278836;1
1278848;1
1278876;0
1278882;1
1278892;1
1278926;0
1278948;1
1278954;1
1278962;0
1279002;0
1279008;0
1279020;0
1279028;0
1279038;1
1279040;0
1279046;1
1279056;0
1279058;0
1279070;1
1279102;1
1279114;1
1279140;0
1279142;1
1279152;0
1279154;0
1279246;0
1279264;0
1279292;0
1279310;1
1279316;1
1279338;0
1279340;1
1279342;0
1279346;0
1279348;0
1279362;0
1279398;0
1279402;0
1279412;1
1279450;1
1279464;0
1279478;0
1279498;1
1279500;1
1279502;0
1279508;0
1279514;0
1279530;1
1279540;0
1279544;0
1279546;1
1279558;0
1279562;1
1279574;0
1279602;0
1279690;0
1279696;1
1279716;1
1279718;0
1279722;0
1279726;0
1279768;1
1279772;1
1279786;1
1279814;0
1279820;0
1279826;1
1279852;0
1279894;0
1279926;0
1279988;0
1279990;0
1279994;0
1279996;0
1280012;0
1280028;1
1280044;1
1280052;0
1280062;0
1280064;0
1280066;1
1280076;0
1280086;0
1280088;0
1280098;0
1280106;1
1280122;1
1280180;1
1280186;0
1280196;1
1280200;0
1280206;1
1280214;0
1280218;0
1280222;0
1280224;1
1280226;0
1280250;0
1280378;1
1280826;0
1280828;0
1280838;1
1280846;0
1280856;0
1280864;0
1280866;0
1280878;1
1280884;0
1280888;0
1280902;1
1280924;0
1280928;1
1280942;0
1280970;0
1280994;0
1281014;1
1281018;0
1281036;0
1281068;0
1281090;0
1281094;0
1281102;1
1281108;0
1281110;1
1281138;0
1281144;1
1281154;1
1281156;1
1281158;1
1281160;0
1281164;0
1281168;1
1281176;0
1281182;0
1281184;0
1281198;0
1281200;0
1281222;1
1281234;1
1281238;1
1281250;0
1281252;1
1281258;0
1281280;0
1281282;1
1281288;0
1281290;0
1281292;0
1281312;0
1281330;0
1281336;1
1281342;0
1281348;1
1281352;0
1281356;0
1281362;1
1281364;1
1281382;1
1281386;0
1281394;1
1281396;1
1281398;0
1281406;0
1281410;1
1281414;1
1281434;0
1281438;0
1281444;0
1281446;0
1281464;0
1281472;1
1281476;0
1281488;0
1281490;0
1281506;1
1281514;0
1281522;0
1281528;1
1281536;0
1281538;0
1281544;0
1281548;0
1281560;0
1281564;0
1281566;0
1281584;1
1281588;1
1281594;1
1281598;0
1281608;1
1281622;0
1281626;0
1281634;0
1281636;0
1281646;0
1281648;0
1281650;1
1281654;0
1281656;0
1281658;0
1281668;1
1281670;1
1281674;1
1281692;0
1281694;1
1281700;0
1281704;1
1281706;0
1281712;0
1281716;1
1281720;0
1281724;0
1281726;0
1281734;0
1281740;0
1281742;1
1281746;0
1281750;1
1281752;1
1281754;0
1281758;0
1281760;0
1281762;0
1281764;0
1281774;0
1281776;0
1281790;0
1281792;0
1281794;0
1281796;0
1281818;0
1281820;1
1281824;0
1281830;1
1281836;1
1281840;0
1281844;1
1281848;0
1281854;0
1281858;1
1281868;1
1281872;0
1281874;1
1281876;1
1281892;1
1281896;1
1281900;1
1281904;1
1281924;1
1281940;1
1281960;0
1281966;0
1281978;1
1281988;0
1281996;0
1282004;1
1282012;0
1282018;1
1282020;1
1282022;1
1282028;1
1282032;0
1282040;0
1282050;1
1282052;0
1282054;0
1282056;1
1282058;1
1282066;1
1282068;0
1282070;1
1282090;1
1282092;0
1282096;0
1282100;1
1282104;0
1282106;0
1282112;0
1282114;0
1282118;0
1282120;1
1282132;0
1282142;1
1282150;1
1282158;1
1282160;0
1282176;0
1282178;0
1282190;0
1282192;0
1282202;0
1282204;1
1282216;0
1282226;0
1282236;0
1282238;0
1282242;1
1282248;0
1282250;0
1282264;0
1282268;0
1282276;0
1282278;1
1282288;1
1282300;1
1282314;0
1282316;0
1282320;0
1282322;0
1282324;0
1282326;1
1282328;0
1282330;1
1282346;1
1282348;1
1282350;0
1282372;0
1282392;1
1282394;0
1282404;1
1282406;0
1282408;0
1282424;0
1282428;1
1282432;0
1282436;0
1282448;0
1282454;0
1282458;1
1282472;0
1282474;1
1282476;0
1282482;0
1282502;0
1282514;0
1282526;0
1282532;0
1282794;0
1282800;1
1282810;0
1282820;0
1282836;1
1282848;1
1282880;1
1282942;0
1282950;0
1282956;1
1282960;0
1282974;1
1282976;1
1282980;0
1282988;1
1282998;0
1283000;0
1283040;0
1283052;1
1283070;1
1283074;1
1283082;0
1283086;0
1283092;0
1283118;0
1283128;0
1283130;1
1283134;0
1283142;1
1283144;0
1283148;0
1283156;0
1283164;0
1283168;0
1283170;0
1283174;1
1283180;0
1283230;1
1283248;0
1283254;1
1283258;0
1283382;1
1283412;0
1283414;0
1283510;0
1283516;0
1283518;0
1283530;0
1283532;0
1283538;0
1283546;1
1283548;0
1283576;1
1283604;0
1283606;0
1283608;0
1283624;0
1283632;0
1283690;0
1283704;1
1283708;0
1283748;0
1283754;1
1283756;0
1283758;0
1283760;0
1283802;1
1283826;0
1283836;1
1283868;0
1283874;0
1283882;1
1283886;1
1283892;1
1283898;0
1283902;0
1283904;0
1283910;1
1283916;1
1283930;0
1283944;1
1283956;1
1283960;1
1283962;0
1283964;0
1283970;0
1283974;0
1283978;1
1283980;1
1283984;0
1283994;0
1284008;0
1284012;1
1284018;0
1284044;1
1284050;1
1284066;0
1284074;0
1284088;1
1284100;0
1284102;0
1284104;0
1284106;0
1284118;1
1284136;0
1284152;0
1284166;1
1284176;0
1284218;0
1284222;1
1284226;1
1284244;0
1284306;0
1284314;1
1284366;0
1284370;0
1284382;1
1284388;1
1284402;0
1284406;0
1284408;0
1284410;0
1284418;1
1284436;0
1284444;1
1284460;0
1284464;0
1284468;0
1284480;0
1284484;0
1284486;1
1284490;0
1284492;1
1284502;0
1284504;1
1284506;0
1284508;1
1284518;1
1284520;0
1284522;0
1284540;1
1284554;0
1284560;1
1284564;0
1284566;0
1284568;1
1284574;1
1284576;1
1284588;0
1284594;0
1284604;0
1284610;0
1284612;1
1284626;0
1284628;0
1284638;1
1284640;0
1284650;1
1284658;1
1284742;0
1284744;0
1284752;0
1284774;1
1284960;0
1284968;0
1284972;0
1284976;0
1284982;1
1284988;1
1284990;0
1284992;0
1285000;1
1285004;0
1285080;0
1285150;0
1285158;1
1285176;0
1285192;0
1285200;0
1285202;0
1285224;0
1285234;0
1285240;0
1285258;0
1285262;0
1285278;0
1285298;1
1285310;0
1285318;0
1285320;1
1285328;0
1285374;1
1285384;1
1285394;1
1285410;0
1285414;1
1285418;1
1285424;0
1285426;0
1285428;0
1285438;0
1285452;0
1285464;0
1285470;1
1285490;1
1285508;0
1285510;0
1285514;0
1285518;0
1285538;0
1285546;1
1285548;1
1285554;0
1285568;0
1285588;1
1285592;1
1285600;0
1285608;1
1285628;1
1285634;1
1285664;0
1285676;0
1285682;1
1285714;0
1285798;0
1285800;1
1285802;1
1285810;0
1285812;1
1285828;0
1285840;0
1285850;0
1285854;0
1285868;1
1285880;0
1285916;1
1285938;0
1285948;0
1285950;0
1285958;0
1285962;1
1285964;1
1285968;1
1286114;1
1286348;0
1286364;1
1286370;0
1286376;1
1286382;1
1286384;1
1286394;1
1286404;1
1286452;1
1286460;1
1286482;1
1286488;0
1286492;0
1286502;0
1286504;0
1286574;0
1286726;0
1286740;0
1286942;0
1286974;0
1286978;0
1286996;1
1287006;0
1287008;1
1287014;0
1287024;0
1287066;0
1287114;0
1287118;0
1287158;0
1287160;0
1287194;1
1287204;0
1287216;1
1287266;1
1287310;0
1287500;0
1287514;0
1287556;1
1287580;0
1287592;0
1287602;1
1287604;1
1287606;0
1287614;1
1287636;0
1287648;0
1287668;0
1287672;1
1287676;1
1287684;0
1287686;0
1287688;0
1287696;1
1287698;0
1287700;1
1287856;1
1287858;0
1287902;1
1287916;0
1287932;1
1287942;1
1287948;1
1287998;1
1288002;1
1288104;1
1288108;0
1288144;0
1288152;1
1288156;0
1288170;0
1288184;0
1288192;0
1288226;1
1288246;0
1288302;1
1288314;0
1288324;0
1288328;0
1288420;1
1288438;0
1288444;0
1288528;1
1288548;1
1288550;0
1288572;1
1288580;1
1288598;0
1288612;1
1288616;0
1288624;0
1288626;0
1288628;1
1288662;0
1288692;0
1288708;1
1288744;0
1288746;0
1288766;0
1288770;1
1288786;0
1288800;0
1288864;0
1288874;1
1288878;0
1288894;1
1288956;0
1288962;1
1288986;1
1289002;0
1289052;0
1289098;0
1289108;1
1289156;1
1289302;0
1289328;0
1289342;0
1289376;0
1289514;1
1289546;1
1289554;0
1289584;0
1289612;0
1289656;0
1289660;1
1289718;0
1289720;0
1289736;1
1289738;0
1289826;1
1289854;0
1289866;1
1289874;0
1289876;0
1289886;1
1289896;0
1289902;1
1289906;0
1289912;1
1289926;0
1289962;1
1289970;1
1289972;0
1289986;0
1289994;1
1290014;1
1290016;0
1290018;0
1290022;1
1290036;1
1290042;0
1290050;1
1290052;1
1290080;0
1290096;1
1290108;0
1290122;1
1290136;0
1290144;1
1290164;0
1290172;0
1290200;0
1290214;1
1290216;0
1290218;1
1290240;1
1290242;1
1290252;1
1290268;0
1290270;1
1290296;1
1290302;0
1290310;1
1290324;1
1290328;0
1290346;0
1290358;1
1290366;1
1290368;0
1290372;0
1290374;0
1290380;0
1290388;1
1290394;1
1290522;0
1290600;1
1290602;1
1290624;0
1290628;0
1290710;1
1290728;0
1290774;0
1290808;1
1290844;0
1290886;0
1290896;1
1290900;0
1290902;1
1290908;0
1290918;1
1290942;0
1290946;1
1290950;0
1290952;0
1290956;1
1290976;0
1291046;0
1291074;0
1291086;0
1291132;1
1291158;0
1291176;0
1291200;1
1291254;0
1291268;1
1291272;0
1291306;1
1291330;0
1291338;0
1291346;0
1291348;1
1291428;1
1291470;0
1291472;0
1291474;1
1291478;0
1291492;1
1291524;0
1291546;0
1291582;1
1291584;1
1291592;0
1291610;0
1291626;1
1291688;0
1291726;0
1291728;1
1291740;0
1291746;0
1291770;0
1291778;0
1291782;1
1291788;1
1291798;1
1291842;1
1291850;1
1292062;0
1292272;0
1292370;1
1292372;0
1292434;1
1292460;1
1292468;0
1292474;0
1292516;1
1292532;0
1292552;0
1292554;0
1292558;0
1292562;0
1292594;0
1292600;0
1292604;1
1292678;0
1292700;1
1292704;1
1292726;1
1292744;1
1292746;1
1292752;0
1292760;0
1292772;0
1292798;0
1292800;0
1292804;0
1292820;0
1292832;0
1292840;1
1292854;1
1292874;0
1292876;0
1292882;0
1292898;0
1292908;0
1292910;1
1292912;1
1292972;0
1293040;0
1293048;0
1293050;0
1293060;0
1293096;1
1293100;0
1293142;0
1293146;1
1293154;0
1293182;0
1293186;0
1293190;1
1293192;0
1293214;0
1293226;0
1293240;0
1293296;0
1293298;0
1293310;0
1293400;1
1293402;0
1293410;1
1293418;1
1293422;0
1293434;0
1293438;1
1293450;1
1293484;0
1293514;0
1293526;0
1293554;0
1293578;1
1293580;0
1293672;0
1293684;1
1293688;0
1293692;0
1293696;1
1293698;0
1293700;0
1293804;1
1293808;0
1293814;0
1293822;1
1293826;0
1293844;0
1293852;0
1293966;0
1293970;0
1294028;1
1294032;1
1294040;1
1294046;1
1294048;0
1294050;0
1294054;1
1294060;0
1294064;0
1294066;0
1294082;1
1294084;0
1294088;1
1294114;0
1294116;0
1294124;0
1294140;0
1294156;0
1294330;0
1294348;0
1294430;1
1294488;0
1294520;0
1294536;1
1294544;0
1294554;0
1294558;0
1294570;0
1294594;0
1294596;0
1294598;0
1294612;0
1294614;1
1294620;1
1294630;0
1294654;0
1294658;0
1294662;0
1294668;0
1294672;1
1294684;0
1294732;1
1294842;0
1294850;0
1294868;0
1294872;0
1294884;0
1294926;1
1294952;0
1295006;0
1295028;0
1295030;1
1295048;0
1295076;1
1295078;0
1295092;0
1295112;0
1295116;0
1295134;0
1295136;1
1295222;1
1295250;0
1295276;0
1295282;0
1295352;0
1295422;0
1295424;0
1295546;0
1295550;1
1295552;1
1295554;0
1295556;1
1295568;1
1295570;0
1295572;0
1295578;1
1295580;0
1295582;0
1295606;1
1295612;1
1295654;1
1295680;1
1295690;0
1295706;0
1295708;0
1295710;1
1295726;0
1295728;0
1295732;0
1295738;0
1295806;1
1295824;0
1295832;0
1295840;0
1295848;0
1295860;0
1295864;0
1295868;1
1295904;0
1295906;0
1295934;0
1295940;0
1295946;1
1295952;0
1295956;0
1295964;1
1295984;1
1295992;0
1295996;0
1296008;1
1296014;1
1296016;1
1296018;0
1296022;1
1296024;1
1296030;1
1296048;0
1296060;0
1296068;1
1296070;0
1296076;0
1296088;0
1296148;1
1296154;1
1296158;1
1296172;1
1296174;0
1296178;0
1296182;0
1296206;1
1296216;1
1296222;0
1296236;0
1296246;0
1296262;0
1296270;0
1296274;1
1296286;0
1296296;1
1296314;0
1296334;0
1296368;0
1296392;1
1296394;0
1296432;0
1296504;0
1296514;1
1296532;0
1296600;0
1296610;1
1296618;0
1296628;0
1296646;0
1296650;0
1296672;0
1296884;0
1296886;0
1296910;0
1296926;0
1296928;0
1296932;0
1296940;1
1296948;1
1296964;0
1296970;0
1296996;0
1297030;1
1297040;1
1297094;0
1297098;1
1297196;0
1297214;1
1297220;1
1297222;1
1297238;0
1297248;0
1297262;0
1297268;0
1297270;0
1297272;0
1297278;0
1297294;1
1297296;0
1297408;0
1297410;0
1297412;0
1297414;0
1297418;0
1297424;1
1297448;0
1297472;0
1297474;0
1297498;0
1297512;1
1297514;0
1297516;0
1297528;1
1297536;0
1297546;1
1297548;0
1297572;1
1297574;0
1297584;1
1297586;0
1297600;0
1297610;0
1297614;0
1297620;0
1297644;0
1297656;0
1297662;1
1297686;1
1297722;0
1297726;1
1297742;0
1297744;0
1297792;1
1297828;1
1297848;0
1297854;0
1297856;0
1297860;1
1297862;1
1297868;0
1297872;0
1297902;0
1297904;1
1297908;1
1297922;1
1297974;0
1297976;0
1297992;0
1297994;0
1298006;0
1298024;1
1298026;1
1298032;0
1298034;0
1298054;0
1298068;1
1298072;0
1298084;1
1298096;0
1298124;0
1298138;1
1298146;1
1298180;0
1298186;0
1298216;1
1298230;0
1298234;0
1298262;1
1298282;1
1298308;0
1298390;0
1298424;1
1298452;1
1298454;1
1298456;0
1298524;1
1298586;0
1298588;0
1298602;0
1298646;0
1298714;1
1298716;0
1298718;1
1298762;1
1298774;0
1298782;0
1298804;1
1298808;1
1298814;0
1298818;1
1298826;1
1298830;1
1298838;0
1298840;0
1298872;0
1298910;1
1298914;0
1298940;1
1298946;0
1298954;0
1299044;1
1299050;0
1299072;1
1299074;0
1299088;0
1299108;0
1299134;1
1299186;0
1299198;0
1299232;0
1299312;0
1299314;0
1299322;0
1299324;0
1299326;1
1299328;0
1299330;1
1299342;1
1299362;0
1299376;0
1299380;1
1299424;0
1299464;1
1299466;1
1299468;0
1299480;0
1299508;0
1299514;1
1299516;0
1299548;0
1299552;0
1299560;0
1299578;0
1299592;0
1299642;0
1299664;0
1299684;1
1299686;1
1299694;0
1299698;0
1299700;0
1299708;0
1299714;0
1299718;1
1299736;0
1299788;0
1299796;1
1299802;1
1299808;0
1299820;0
1299822;0
1299824;0
1299850;1
1299908;1
1299912;1
1299914;1
1299922;0
1299928;1
1299930;1
1299934;0
1299936;0
1299970;0
1299972;1
1300022;0
1300024;0
1300034;0
1300056;0
1300120;0
1300138;0
1300140;1
1300146;0
1300168;0
1300170;1
1300222;0
1300242;0
1300282;1
1300288;1
1300306;0
1300358;0
1300398;0
1300466;1
1300766;0
1300782;0
1300898;0
1300936;1
1300968;0
1300978;1
1300992;1
1300994;0
1301000;0
1301012;1
1301016;0
1301056;1
1301066;0
1301068;0
1301076;0
1301116;0
1301124;1
1301140;0
1301142;0
1301182;0
1301204;1
1301206;0
1301208;0
1301212;1
1301216;1
1301218;1
1301244;1
1301272;0
1301276;1
1301280;0
1301290;0
1301292;1
1301294;1
1301296;0
1301300;0
1301302;0
1301306;1
1301308;1
1301312;1
1301348;1
1301350;1
1301356;1
1301366;0
1301372;1
1301376;1
1301394;0
1301396;1
1301416;0
1301426;0
1301438;1
1301448;0
1301452;1
1301492;0
1301494;0
1301526;0
1301530;0
1301538;0
1301554;0
1301568;0
1301570;0
1301576;1
1301578;0
1301580;1
1301584;0
1301586;1
1301588;1
1301590;0
1301596;0
1301598;0
1301602;0
1301646;1
1301688;1
1301690;0
1301708;1
1301752;1
1301758;0
1301770;0
1301772;0
1301774;0
1301788;0
1301790;1
1301940;0
1301988;0
1301992;1
1302054;1
1302106;0
1302180;1
1302186;0
1302250;0
1302270;1
1302286;0
1302288;0
1302306;0
1302340;0
1302354;0
1302376;0
1302616;1
1302628;0
1302632;0
1302634;1
1302638;1
1302642;0
1302648;0
1302654;0
1302656;0
1302658;0
1302660;1
1302662;1
1302668;1
1302674;1
1302676;1
1302720;0
1302722;1
1302732;1
1302736;1
1302740;0
1302760;1
1302766;1
1302770;1
1302776;0
1302778;0
1302780;0
1302784;0
1302790;1
1302792;0
1302824;1
1302832;0
1302834;0
1302836;0
1302838;0
1302876;0
1302906;1
1302908;0
1302920;0
1302940;1
1302944;0
1302966;0
1303002;0
1303012;0
1303034;1
1303038;1
1303044;0
1303060;0
1303068;1
1303076;1
1303080;1
1303108;0
1303112;1
1303116;0
1303128;0
1303134;0
1303136;1
1303142;0
1303154;0
1303180;0
1303194;1
1303202;0
1303266;1
1303284;0
1303294;0
1303304;0
1303308;0
1303316;0
1303342;1
1303348;0
1303358;0
1303364;1
1303756;0
1303808;1
1303840;0
1303844;0
1303850;0
1303864;0
1303874;0
1303882;0
1303892;1
1303920;1
1304004;0
1304008;0
1304086;0
1304088;0
1304092;0
1304094;0
1304096;0
1304100;0
1304102;0
1304108;0
1304110;0
1304114;1
1304120;0
1304124;1
1304126;0
1304128;0
1304130;1
1304132;1
1304134;1
1304138;1
1304144;0
1304166;0
1304186;1
1304208;1
1304214;1
1304258;0
1304276;0
1304284;0
1304302;0
1304306;0
1304310;0
1304314;1
1304316;0
1304332;1
1304336;1
1304346;1
1304360;1
1304376;0
1304382;0
1304390;1
1304406;1
1304410;0
1304424;1
1304428;0
1304442;0
1304444;1
1304448;1
1304450;1
1304458;1
1304464;1
1304514;0
1304522;1
1304536;0
1304550;1
1304646;0
1304696;0
1304702;0
1304728;0
1304740;0
1304798;1
1304806;1
1304856;1
1304858;0
1304860;0
1304862;0
1304866;0
1304880;1
1304890;0
1304906;0
1304934;0
1304950;0
1304952;0
1304964;0
1305014;1
1305030;0
1305050;0
1305052;1
1305190;0
1305192;0
1305320;0
1305336;0
1305338;0
1305350;0
1305364;0
1305378;1
1305396;1
1305414;0
1305422;0
1305448;0
1305454;1
1305464;0
1305468;0
1305488;0
1305494;0
1305506;1
1305512;1
1305514;1
1305516;1
1305518;1
1305524;0
1305532;0
1305534;0
1305540;0
1305544;1
1305546;0
1305626;1
1305636;0
1305646;0
1305664;0
1305720;0
1305800;0
1305844;0
1305862;0
1305872;1
1305892;1
1305902;1
1305912;1
1305914;1
1305916;0
1305934;0
1305946;1
1305970;0
1305976;1
1305994;0
1306018;0
1306024;1
1306036;0
1306056;0
1306062;0
1306066;0
1306068;1
1306074;0
1306084;0
1306092;0
1306094;0
1306098;0
1306102;0
1306126;0
1306130;0
1306134;0
1306150;0
1306178;0
1306188;0
1306192;0
1306224;0
1306248;0
1306292;0
1306368;1
1306384;0
1306386;0
1306392;1
1306494;1
1306496;0
1306508;0
1306520;1
1306522;0
1306524;1
1306544;0
1306604;1
1306648;0
1306662;1
1306672;1
1306710;0
1306718;1
1306722;0
1306732;0
1306756;0
1306758;1
1306762;0
1306766;1
1306768;0
1306774;1
1306780;0
1306784;0
1306796;1
1306800;1
1306898;0
1306980;0
1306982;1
1306984;1
1306986;1
1306988;0
1306990;0
1306992;0
1307000;1
1307002;1
1307022;1
1307032;0
1307098;0
1307102;0
1307108;0
1307114;0
1307144;0
1307192;0
1307230;0
1307320;0
1307330;0
1307340;1
1307346;1
1307360;1
1307364;1
1307448;1
1307460;0
1307462;0
1307474;0
1307482;0
1307492;1
1307504;0
1307516;0
1307524;1
1307532;0
1307590;1
1307650;0
1307658;0
1307680;1
1307682;1
1307694;1
1307706;0
1307710;0
1307712;1
1307716;0
1307718;0
1307720;0
1307728;1
1307730;0
1307742;0
1307744;1
1307822;0
1307826;0
1307834;1
1307842;0
1307856;1
1307884;0
1307888;1
1307898;0
1307904;0
1307910;1
1307912;0
1307938;1
1307946;1
1307974;0
1307976;1
1307978;1
1307982;0
1308006;0
1308040;0
1308050;0
1308052;1
1308058;1
1308060;0
1308072;1
1308088;0
1308092;0
1308108;1
1308136;1
1308156;0
1308172;1
1308178;1
1308192;1
1308206;0
1308210;0
1308212;1
1308214;0
1308216;0
1308218;1
1308230;0
1308232;0
1308238;0
1308256;1
1308262;1
1308288;1
1308294;0
1308298;1
1308304;1
1308306;0
1308308;0
1308314;0
1308316;0
1308322;0
1308334;1
1308342;0
1308344;0
1308368;0
1308372;1
1308392;1
1308404;1
1308488;1
1308638;1
1308644;0
1308650;1
1308748;0
1308756;1
1308758;0
1308766;0
1308770;0
1308776;0
1308778;1
1308784;1
1308786;0
1308792;0
1308814;0
1308818;1
1308826;0
1308836;0
1308848;1
1308858;1
1308866;0
1308868;0
1308888;1
1308890;1
1308912;1
1308920;1
1308922;0
1308950;1
1308962;0
1308968;0
1309058;0
1309072;1
1309076;1
1309078;1
1309082;0
1309084;0
1309098;1
1309104;1
1309112;0
1309118;0
1309128;0
1309138;0
1309142;0
1309148;1
1309196;1
1309198;0
1309218;0
1309254;0
1309256;1
1309262;0
1309276;1
1309278;0
1309314;0
1309368;1
1309380;0
1309416;0
1309424;0
1309464;0
1309502;0
1309522;0
1309548;1
1309550;0
1309564;0
1309618;0
1309634;0
1309640;1
1309644;1
1309670;1
1309674;0
1309678;1
1309702;0
1309706;0
1309720;0
1309744;0
1309774;0
1309782;1
1309790;0
1309792;0
1309796;0
1309802;1
1309814;0
1309816;0
1309824;0
1309828;1
1309846;0
1309854;0
1309858;1
1309868;0
1309874;0
1309904;0
1309906;0
1309908;0
1309910;1
1309912;0
1309914;0
1309922;0
1309928;0
1309930;0
1309938;0
1309944;0
1309946;0
1309960;0
1309964;0
1309970;1
1309972;0
1309998;1
1310002;0
1310006;0
1310008;0
1310012;0
1310016;0
1310032;0
1310052;1
1310060;0
1310086;0
1310188;0
1310212;1
1310254;0
1310262;0
1310266;1
1310320;0
1310328;0
1310330;0
1310334;0
1310336;1
1310338;0
1310344;0
1310370;1
1310394;0
1310398;1
1310412;1
1310416;0
1310430;0
1310458;0
1310464;1
1310466;1
1310476;1
1310488;1
1310580;0
1310586;0
1310588;1
1310622;1
1310650;1
1310656;1
1310682;1
1310696;0
1310700;1
1310714;0
1310720;1
1310724;0
1310726;0
1310814;1
1310824;1
1310854;0
1310862;0
1310876;0
1310882;1
1310896;0
1310908;0
1310914;0
1310916;0
1310922;1
1310934;1
1310968;1
1310972;0
1310976;0
1310992;1
1311000;0
1311008;0
1311030;1
1311032;1
1311036;0
1311046;0
1311066;0
1311082;0
1311084;1
1311096;0
1311098;0
1311126;0
1311132;1
1311134;0
1311150;0
1311166;0
1311186;0
1311194;0
1311216;1
1311236;0
1311242;0
1311248;1
1311250;1
1311252;0
1311256;0
1311260;1
1311280;0
1311282;0
1311286;1
1311294;0
1311302;1
1311308;0
1311326;0
1311328;1
1311344;0
1311370;1
1311376;0
1311380;0
1311392;1
1311438;1
1311444;1
1311488;0
1311490;1
1311498;0
1311510;1
1311520;0
1311550;0
1311552;0
1311562;1
1311566;0
1311590;0
1311720;0
1311724;0
1311734;0
1311792;0
1311808;0
1311810;1
1311820;0
1311836;0
1311858;1
1311862;1
1311996;0
1312020;0
1312024;0
1312032;1
1312064;0
1312072;0
1312080;0
1312086;0
1312106;0
1312108;0
1312116;1
1312134;1
1312144;0
1312154;1
1312160;0
1312178;0
1312182;0
1312184;1
1312190;1
1312244;1
1312248;1
1312250;0
1312296;0
1312332;0
1312344;1
1312348;0
1312354;0
1312358;0
1312392;1
1312532;0
1312544;0
1312564;1
1312578;1
1312586;1
1312588;1
1312604;0
1312610;0
1312614;1
1312616;1
1312618;0
1312622;0
1312628;1
1312656;0
1312660;1
1312664;0
1312666;1
1312674;0
1312708;1
1312722;1
1312734;0
1312786;0
1312796;0
1312838;0
1312844;0
1312846;1
1312866;0
1312910;0
1312914;1
1312926;1
1312932;0
1312938;0
1312940;0
1312952;1
1312956;1
1312988;0
1312994;0
1313002;1
1313012;0
1313026;0
1313060;1
1313064;0
1313066;1
1313070;1
1313078;0
1313094;1
1313100;0
1313106;0
1313138;0
1313144;0
1313150;1
1313162;1
1313164;0
1313166;0
1313180;0
1313182;0
1313190;0
1313192;0
1313196;1
1313204;1
1313220;0
1313228;1
1313236;0
1313242;0
1313246;0
1313248;0
1313256;1
1313312;0
1313340;0
1313350;0
1313362;0
1313366;0
1313370;0
1313392;0
1313400;1
1313404;1
1313428;0
1313442;0
1313446;0
1313458;1
1313460;0
1313482;0
1313484;0
1313486;0
1313490;0
1313492;0
1313510;0
1313518;0
1313570;0
1313584;0
1313670;1
1313680;0
1313682;0
1313692;0
1313694;0
1313696;0
1313718;0
1313750;0
1313766;0
1313920;0
1313924;0
1313926;1
1313998;0
1314002;1
1314006;0
1314010;1
1314018;0
1314026;0
1314030;1
1314040;0
1314050;0
1314056;0
1314068;0
1314088;1
1314110;1
1314122;0
1314140;1
1314142;0
1314150;0
1314156;0
1314164;1
1314166;1
1314200;1
1314240;0
1314244;0
1314246;0
1314252;1
1314268;0
1314292;0
1314318;1
1314322;0
1314324;0
1314326;0
1314328;1
1314370;1
1314372;0
1314376;0
1314396;0
1314398;1
1314402;0
1314406;0
1314412;1
1314414;0
1314416;1
1314464;0
1314494;1
1314570;0
1314576;0
1314622;0
1314654;0
1314656;0
1314658;0
1314660;0
1314666;0
1314670;0
1314674;0
1314680;0
1314690;0
1314714;1
1314728;1
1314778;0
1314780;0
1314782;1
1314800;0
1314804;1
1314808;1
1314830;0
1314856;1
1314862;1
1314864;0
1314870;0
1314878;0
1314920;0
1314924;0
1314928;0
1314930;0
1314940;0
1314958;0
1314960;1
1314986;1
1314994;0
1315006;1
1315012;0
1315014;0
1315042;1
1315050;0
1315056;0
1315064;0
1315066;1
1315088;0
1315090;0
1315098;1
1315100;1
1315102;1
1315104;0
1315108;0
1315136;0
1315166;1
1315186;0
1315208;1
1315224;0
1315238;1
1315244;0
1315248;0
1315272;0
1315276;0
1315278;0
1315280;0
1315282;0
1315290;0
1315294;0
1315428;0
1315432;1
1315440;1
1315454;1
1315470;1
1315478;1
1315492;0
1315502;0
1315506;1
1315522;1
1315524;1
1315542;1
1315544;1
1315550;0
1315558;0
1315560;0
1315564;0
1315570;1
1315598;1
1315630;0
1315646;1
1315676;0
1315684;0
1315686;1
1315690;0
1315694;1
1315696;1
1315702;0
1315714;1
1315716;0
1315724;1
1315754;0
1315756;0
1315772;0
1315778;0
1315790;0
1315792;0
1315812;0
1315820;0
1315826;0
1315830;1
1315854;1
1315882;0
1315886;0
1315932;0
1315950;0
1315962;1
1315976;0
1316046;1
1316050;0
1316054;1
1316056;0
1316060;0
1316062;0
1316064;0
1316072;1
1316078;1
1316088;0
1316096;0
1316102;0
1316118;0
1316130;0
1316134;1
1316146;0
1316188;0
1316190;0
1316192;0
1316206;0
1316214;0
1316218;1
1316222;0
1316224;0
1316238;0
1316314;1
1316324;0
1316326;1
1316328;1
1316340;0
1316364;0
1316382;0
1316386;1
1316406;0
1316408;1
1316424;0
1316434;0
1316446;1
1316448;1
1316458;0
1316504;0
1316510;1
1316520;1
1316526;0
1316534;0
1316574;0
1316580;0
1316608;0
1316654;0
1316846;0
1316850;1
1316866;1
1316876;0
1316880;0
1316892;0
1316894;0
1316908;0
1316914;0
1316918;0
1316922;1
1316932;1
1316942;1
1316950;0
1316956;0
1316960;0
1316978;1
1316990;0
1317002;0
1317018;1
1317026;1
1317040;1
1317046;1
1317056;0
1317062;0
1317070;0
1317074;0
1317076;0
1317108;0
1317132;0
1317138;0
1317146;0
1317152;0
1317154;0
1317156;0
1317166;0
1317192;1
1317214;0
1317216;1
1317218;0
1317232;0
1317236;1
1317242;0
1317250;0
1317300;0
1317366;0
1317368;0
1317370;1
1317374;0
1317380;0
1317390;0
1317396;1
1317414;0
1317424;1
1317438;0
1317452;1
1317518;0
1317522;0
1317540;0
1317542;1
1317596;0
1317616;0
1317654;0
1317658;0
1317662;0
1317674;0
1317676;0
1317686;1
1317702;0
1317776;1
1317780;0
1317826;1
1317828;1
1317842;1
1317856;0
1317866;1
1317872;0
1317894;0
1317898;0
1317904;0
1317908;0
1317914;0
1317918;0
1317922;0
1317928;1
1317932;0
1317938;1
1317948;1
1317950;0
1317952;0
1317958;1
1317970;0
1317980;0
1318004;0
1318034;1
1318044;1
1318056;1
1318060;1
1318064;0
1318070;0
1318072;1
1318078;0
1318084;1
1318092;0
1318100;0
1318108;1
1318112;1
1318122;0
1318132;0
1318136;0
1318138;1
1318246;0
1318280;1
1318282;0
1318316;0
1318378;0
1318384;1
1318396;0
1318398;1
1318408;0
1318424;0
1318436;1
1318444;0
1318476;0
1318504;0
1318506;1
1318678;0
1318684;0
1318736;0
1318740;1
1318742;0
1318746;0
1318768;1
1318784;1
1318786;0
1318836;1
1318844;1
1318850;0
1318854;0
1318860;0
1318862;0
1318870;0
1318954;0
1318956;0
1319006;1
1319012;1
1319036;0
1319058;1
1319062;0
1319100;1
1319106;1
1319120;1
1319130;1
1319134;0
1319138;1
1319142;0
1319144;1
1319156;0
1319182;0
1319184;0
1319196;0
1319214;0
1319218;0
1319222;0
1319226;0
1319232;0
1319234;0
1319238;1
1319278;0
1319288;1
1319294;1
1319298;1
1319306;1
1319308;1
1319314;0
1319320;0
1319324;0
1319334;1
1319352;1
1319354;1
1319356;0
1319360;0
1319362;0
1319396;0
1319398;1
1319406;0
1319410;0
1319470;1
1319522;0
1319544;0
1319610;1
1319630;0
1319676;0
1319690;0
1319692;1
1319706;0
1319712;0
1319718;1
1319728;0
1319754;1
1319808;1
1319814;0
1319816;0
1319824;0
1319830;0
1319938;0
1319976;0
1319978;0
1319988;0
1320080;1
1320092;1
1320108;1
1320110;0
1320160;1
1320164;0
1320166;1
1320168;0
1320176;0
1320184;0
1320190;0
1320220;0
1320238;0
1320254;0
1320360;0
1320364;0
1320408;0
1320454;1
1320466;1
1320480;0
1320636;0
1320676;0
1320684;0
1320686;0
1320692;0
1320748;0
1320774;0
1320808;1
1320828;0
1320844;1
1320850;1
1320870;0
1320880;0
1320886;0
1320892;1
1320908;0
1320914;0
1320922;0
1320926;0
1320938;1
1320954;0
1320956;1
1320960;0
1320970;0
1320988;1
1320994;0
1321004;1
1321010;0
1321016;1
1321018;0
1321032;0
1321052;0
1321058;0
1321072;0
1321076;0
1321078;0
1321088;0
1321092;0
1321102;0
1321104;1
1321108;0
1321110;0
1321118;1
1321130;0
1321132;0
1321136;1
1321156;0
1321170;0
1321172;0
1321178;0
1321184;0
1321206;0
1321230;1
1321264;0
1321266;1
1321276;1
1321400;0
1321404;1
1321412;0
1321414;1
1321418;1
1321420;0
1321464;0
1321542;0
1321550;0
1321560;0
1321564;1
1321636;0
1321720;0
1321756;1
1321792;0
1321798;1
1321806;0
1321830;0
1321832;0
1321864;1
1321866;0
1321868;0
1321870;1
1321900;0
1321904;0
1321920;1
1321924;0
1321942;0
1321954;1
1321956;0
1321964;1
1322008;0
1322012;1
1322014;1
1322016;0
1322022;0
1322030;0
1322040;0
1322044;0
1322050;0
1322066;1
1322070;0
1322092;0
1322108;1
1322130;0
1322136;1
1322138;0
1322140;1
1322148;1
1322162;0
1322184;0
1322196;0
1322276;0
1322288;0
1322290;0
1322338;0
1322488;1
1322490;1
1322494;0
1322498;0
1322500;1
1322506;1
1322510;1
1322516;0
1322522;0
1322544;0
1322546;0
1322548;0
1322550;0
1322554;0
1322560;0
1322564;0
1322570;0
1322572;1
1322576;1
1322586;1
1322604;0
1322606;0
1322618;1
1322624;0
1322632;1
1322634;1
1322644;0
1322646;0
1322648;1
1322650;0
1322794;1
1322802;0
1322818;0
1322822;1
1322846;0
1322866;0
1322944;0
1322956;0
1322962;1
1322980;1
1323020;0
1323024;1
1323028;0
1323038;0
1323048;0
1323050;0
1323052;1
1323056;1
1323074;0
1323078;1
1323084;1
1323088;1
1323094;0
1323096;0
1323098;1
1323100;0
1323118;1
1323120;0
1323130;0
1323134;1
1323136;0
1323140;1
1323142;0
1323144;0
1323150;0
1323152;0
1323154;1
1323156;0
1323160;0
1323164;0
1323166;0
1323176;0
1323184;0
1323206;1
1323222;1
1323224;0
1323252;1
1323282;0
1323286;0
1323288;0
1323294;1
1323318;1
1323340;0
1323380;0
1323386;1
1323394;1
1323408;0
1323420;1
1323430;0
1323434;0
1323458;0
1323462;0
1323522;0
1323544;0
1323548;0
1323554;0
1323572;1
1323580;1
1323586;0
1323592;0
1323606;0
1323610;1
1323634;1
1323654;0
1323656;1
1323660;0
1323662;0
1323668;0
1323674;0
1323680;0
1323692;1
1323720;0
1323730;1
1323738;0
1323740;1
1323742;1
1323750;1
1323752;1
1323866;0
1323868;0
1323878;1
1323934;0
1323966;1
1323972;0
1323980;0
1323986;0
1324010;0
1324020;0
1324068;1
1324102;0
1324128;1
1324158;0
1324160;0
1324166;0
1324170;1
1324172;1
1324176;1
1324186;1
1324196;0
1324216;1
1324232;0
1324258;1
1324326;0
1324332;1
1324376;1
1324394;0
1324400;0
1324404;1
1324406;0
1324416;0
1324418;1
1324422;0
1324462;0
1324466;0
1324468;0
1324488;1
1324496;1
1324516;1
1324520;0
1324524;0
1324530;0
1324536;0
1324538;1
1324542;1
1324546;0
1324554;1
1324568;0
1324570;1
1324582;1
1324590;0
1324598;1
1324606;0
1324610;0
1324612;0
1324614;0
1324624;0
1324630;0
1324644;0
1324656;0
1324664;0
1324700;0
1324752;1
1324756;0
1324820;0
1324836;0
1324842;0
1324854;1
1324860;1
1324870;0
1324882;1
1324886;1
1324888;1
1324890;0
1324892;0
1324894;1
1324900;0
1324918;1
1324928;0
1324934;0
1324938;0
1324974;0
1324980;1
1324994;0
1325012;1
1325014;0
1325018;0
1325020;1
1325036;1
1325046;0
1325056;0
1325066;0
1325070;0
1325072;0
1325092;0
1325098;0
1325110;1
1325112;1
1325122;1
1325124;0
1325160;0
1325192;0
1325206;0
1325208;1
1325226;0
1325238;1
1325244;1
1325250;0
1325252;0
1325264;1
1325284;0
1325296;0
1325338;1
1325398;1
1325450;0
1325510;0
1325528;1
1325532;1
1325534;1
1325542;0
1325546;0
1325568;0
1325574;1
1325586;1
1325590;1
1325596;0
1325612;0
1325618;0
1325622;0
1325784;0
1325824;0
1325828;1
1325830;0
1325838;0
1325844;0
1325926;1
1325930;0
1325934;0
1325936;0
1325938;0
1325958;0
1325974;1
1325986;1
1326002;0
1326018;1
1326020;1
1326026;0
1326032;0
1326034;0
1326036;1
1326048;0
1326056;1
1326062;0
1326076;0
1326078;0
1326094;0
1326098;1
1326102;0
1326116;0
1326118;0
1326128;0
1326140;0
1326154;0
1326158;0
1326160;1
1326162;0
1326164;0
1326182;1
1326188;0
1326192;0
1326244;0
1326246;0
1326338;0
1326372;0
1326390;1
1326394;1
1326400;1
1326414;1
1326422;1
1326436;0
1326446;0
1326452;1
1326454;1
1326494;0
1326506;0
1326526;1
1326600;0
1326606;0
1326630;0
1326634;1
1326648;0
1326706;0
1326742;1
1326762;0
1326772;1
1326780;1
1326782;0
1326784;0
1326808;1
1326816;0
1326830;0
1326846;0
1326862;0
1326864;1
1326866;0
1326934;1
1326936;0
1326970;0
1326972;0
1326982;0
1326984;0
1327002;0
1327006;1
1327016;0
1327030;0
1327034;0
1327040;1
1327058;0
1327118;0
1327130;0
1327138;0
1327144;0
1327146;1
1327150;1
1327156;0
1327160;1
1327166;0
1327182;0
1327184;0
1327186;0
1327190;1
1327198;0
1327248;0
1327254;0
1327266;1
1327268;0
1327296;0
1327312;0
1327316;0
1327318;0
1327338;0
1327344;0
1327356;0
1327376;1
1327378;0
1327388;0
1327392;0
1327394;0
1327400;0
1327426;1
1327442;1
1327444;0
1327448;0
1327456;0
1327512;0
1327534;1
1327540;0
1327578;0
1327580;0
1327582;0
1327588;1
1327594;0
1327598;1
1327604;0
1327606;1
1327610;1
1327612;0
1327616;0
1327622;1
1327628;1
1327636;0
1327650;1
1327660;0
1327662;0
1327690;0
1327698;0
1327710;1
1327724;0
1327734;1
1327748;0
1327750;1
1327758;1
1327766;1
1327784;0
1327790;1
1327800;1
1327814;1
1327816;1
1327820;0
1327822;0
1327824;1
1327826;0
1327830;0
1327842;0
1327864;1
1327870;0
1327874;0
1327876;1
1327900;1
1327932;1
1327940;0
1327942;1
1327946;0
1328062;1
1328086;1
1328114;0
1328132;0
1328144;0
1328166;0
1328174;0
1328178;0
1328182;0
1328186;0
1328196;1
1328200;0
1328206;0
1328214;1
1328218;0
1328236;1
1328238;0
1328244;0
1328246;1
1328250;0
1328264;0
1328266;1
1328268;0
1328272;1
1328276;1
1328278;0
1328286;0
1328288;0
1328292;1
1328294;0
1328298;0
1328306;1
1328332;0
1328356;0
1328358;0
1328362;0
1328364;1
1328368;0
1328372;1
1328376;0
1328386;1
1328414;1
1328430;1
1328440;1
1328446;1
1328448;1
1328464;0
1328470;1
1328496;0
1328520;0
1328526;0
1328562;1
1328568;0
1328574;1
1328626;1
1328628;1
1328634;0
1328664;0
1328670;1
1328672;1
1328674;0
1328682;0
1328684;0
1328688;1
1328692;1
1328696;1
1328700;0
1328704;0
1328712;0
1328720;0
1328740;0
1328752;0
1328786;1
1328788;0
1328796;1
1328802;1
1328806;0
1328808;1
1328812;0
1328820;0
1328822;1
1328826;0
1328860;0
1328874;0
1328878;1
1328886;0
1328946;0
1328950;0
1328958;0
1328966;0
1328978;0
1328992;0
1329022;0
1329032;1
1329050;0
1329054;0
1329060;0
1329064;1
1329082;1
1329090;0
1329094;0
1329106;0
1329144;0
1329182;1
1329190;1
1329192;0
1329204;1
1329206;0
1329272;0
1329276;0
1329298;1
1329300;1
1329302;0
1329306;0
1329314;1
1329328;1
1329332;1
1329344;0
1329356;1
1329360;1
1329370;1
1329394;0
1329402;0
1329410;0
1329412;0
1329422;1
1329426;1
1329430;0
1329432;1
1329434;0
1329436;1
1329440;0
1329452;1
1329456;0
1329460;0
1329482;0
1329546;0
1329564;0
1329574;0
1329582;0
1329586;1
1329640;0
1329650;1
1329660;1
1329674;0
1329684;0
1329698;0
1329706;0
1329708;1
1329766;1
1329808;0
1329864;0
1329884;1
1329888;0
1329892;0
1329896;0
1329914;0
1329922;0
1329932;0
1329938;0
1329942;1
1329948;0
1329950;0
1329960;0
1329968;0
1329972;1
1329978;0
1329984;0
1329988;0
1329992;0
1329994;0
1330024;0
1330050;0
1330058;1
1330084;0
1330090;0
1330094;0
1330096;1
1330100;0
1330104;0
1330108;0
1330112;0
1330114;0
1330134;1
1330166;0
1330188;1
1330210;0
1330214;0
1330230;1
1330238;0
1330296;1
1330298;0
1330300;1
1330302;0
1330316;0
1330320;0
1330322;0
1330330;1
1330332;0
1330334;1
1330348;1
1330364;1
1330378;1
1330384;1
1330392;0
1330414;0
1330444;1
1330446;0
1330460;0
1330470;0
1330474;0
1330478;1
1330490;0
1330510;0
1330544;0
1330550;0
1330590;0
1330592;0
1330602;0
1330610;0
1330616;0
1330634;0
1330638;1
1330658;1
1330662;0
1330668;1
1330682;0
1330694;0
1330696;0
1330728;0
1330736;0
1330748;0
1330752;1
1330782;0
1330802;1
1330808;1
1330840;0
1330846;0
1330852;1
1330854;0
1330866;0
1330870;0
1330874;0
1330890;1
1330898;0
1330900;0
1330962;0
1330976;1
1330980;1
1330984;0
1331014;0
1331016;0
1331018;1
1331026;1
1331046;1
1331052;1
1331056;0
1331064;1
1331074;0
1331076;1
1331084;0
1331092;0
1331096;1
1331098;0
1331102;1
1331112;1
1331126;1
1331128;1
1331132;1
1331138;0
1331140;0
1331152;0
1331164;1
1331166;1
1331174;0
1331192;1
1331194;1
1331196;1
1331202;0
1331204;0
1331208;0
1331238;1
1331266;0
1331272;0
1331282;0
1331292;1
1331310;0
1331312;0
1331322;1
1331336;0
1331346;0
1331352;0
1331354;0
1331356;1
1331360;0
1331372;0
1331380;0
1331384;0
1331386;1
1331392;0
1331408;0
1331410;0
1331426;1
1331428;1
1331436;0
1331462;1
1331468;1
1331470;0
1331474;0
1331478;1
1331484;0
1331490;1
1331502;0
1331504;0
1331510;1
1331512;0
1331514;1
1331524;1
1331562;1
1331568;0
1331572;1
1331574;0
1331578;1
1331582;0
1331584;0
1331604;0
1331608;0
1331630;1
1331632;0
1331634;0
1331840;1
1331844;0
1331848;1
1331850;0
1332036;0
1332042;1
1332046;1
1332048;0
1332056;0
1332058;0
1332064;0
1332068;0
1332096;1
1332104;1
1332108;1
1332110;0
1332116;1
1332118;0
1332122;0
1332132;1
1332136;0
1332142;0
1332146;1
1332156;1
1332172;1
1332180;1
1332214;1
1332218;0
1332222;1
1332232;0
1332238;1
1332242;0
1332266;0
1332268;0
1332276;1
1332308;1
1332316;1
1332320;0
1332352;0
1332354;0
1332362;0
1332372;0
1332422;0
1332428;0
1332430;0
1332434;0
1332438;1
1332472;0
1332480;0
1332530;1
1332534;0
1332536;1
1332548;1
1332594;0
1332596;1
1332606;0
1332614;1
1332624;0
1332628;0
1332638;0
1332656;0
1332662;0
1332672;1
1332682;0
1332686;0
1332690;0
1332698;1
1332720;0
1332726;0
1332732;0
1332736;0
1332824;1
1332854;0
1332862;0
1332864;0
1332872;0
1332880;0
1332884;0
1332888;0
1332928;1
1332936;1
1332994;0
1332998;0
1333010;1
1333014;0
1333028;0
1333048;0
1333050;0
1333070;0
1333072;0
1333094;0
1333116;0
1333118;0
1333120;0
1333142;1
1333144;1
1333156;0
1333162;0
1333170;0
1333176;0
1333178;0
1333210;1
1333226;0
1333230;1
1333238;0
1333246;1
1333256;1
1333258;1
1333282;0
1333288;0
1333302;1
1333308;0
1333328;0
1333338;1
1333380;1
1333382;1
1333394;0
1333396;1
1333418;0
1333442;0
1333446;1
1333632;0
1333690;1
1333704;1
1333732;1
1333752;0
1333756;1
1333774;0
1333784;0
1333788;0
1333812;0
1333816;1
1333822;1
1333828;0
1333830;1
1333832;1
1333850;0
1333868;0
1333880;0
1333886;0
1333888;0
1333890;0
1333896;1
1333898;1
1333912;0
1333918;1
1333940;0
1333942;0
1333952;0
1333956;1
1333970;0
1334004;0
1334010;0
1334012;1
1334020;0
1334026;0
1334028;1
1334040;0
1334044;0
1334046;0
1334052;1
1334054;0
1334070;1
1334072;1
1334086;1
1334098;0
1334118;1
1334132;0
1334134;0
1334136;0
1334138;0
1334154;1
1334158;0
1334186;0
1334188;0
1334190;1
1334210;0
1334216;0
1334224;1
1334228;0
1334230;1
1334232;0
1334240;0
1334256;1
1334262;0
1334266;0
1334282;0
1334312;0
1334316;1
1334330;1
1334340;0
1334342;0
1334344;1
1334374;1
1334378;0
1334394;1
1334434;1
1334438;1
1334444;1
1334460;1
1334468;0
1334704;0
1334728;1
1334736;0
1334742;0
1334762;1
1334786;1
1334790;0
1334796;0
1334798;1
1334806;0
1334816;0
1334818;0
1334820;0
1334822;0
1334824;0
1334842;0
1334850;0
1334882;0
1334900;0
1334902;0
1334906;1
1334908;1
1334912;1
1334914;0
1334918;0
1334926;1
1334928;0
1334930;0
1334932;0
1334934;0
1334938;1
1334944;0
1334946;0
1334948;0
1334950;1
1334954;1
1334956;0
1334958;0
1334966;0
1335020;0
1335022;0
1335026;0
1335030;0
1335034;0
1335046;0
1335052;0
1335056;1
1335060;0
1335062;0
1335066;0
1335068;0
1335070;0
1335082;0
1335084;1
1335090;1
1335096;0
1335112;0
1335114;0
1335124;1
1335126;0
1335128;1
1335140;0
1335142;0
1335144;1
1335148;0
1335150;1
1335152;0
1335154;1
1335158;0
1335172;0
1335192;0
1335234;1
1335242;0
1335248;1
1335320;0
1335324;0
1335328;0
1335330;1
1335340;0
1335352;1
1335390;0
1335394;0
1335406;1
1335414;0
1335452;0
1335472;0
1335476;0
1335492;1
1335510;0
1335512;0
1335514;1
1335520;1
1335522;1
1335524;1
1335526;0
1335528;1
1335530;1
1335532;0
1335538;0
1335548;1
1335552;0
1335586;1
1335664;0
1335672;1
1335674;1
1335698;1
1335710;0
1335712;0
1335714;1
1335718;0
1335726;0
1335730;0
1335736;0
1335754;0
1335756;0
1335764;1
1335768;0
1335778;0
1335780;1
1335782;1
1335820;0
1335838;1
1335864;0
1335866;1
1335876;1
1335880;1
1335888;1
1335924;0
1335942;0
1335948;0
1335958;0
1335960;1
1335976;0
1335982;0
1335996;0
1336018;1
1336022;0
1336026;0
1336032;0
1336038;1
1336042;0
1336074;0
1336076;0
1336078;0
1336082;0
1336088;1
1336090;1
1336092;1
1336108;0
1336120;0
1336126;0
1336128;0
1336130;0
1336134;1
1336136;0
1336138;0
1336142;1
1336144;0
1336148;1
1336162;1
1336164;1
1336166;0
1336170;0
1336172;1
1336174;0
1336176;0
1336180;0
1336184;0
1336188;0
1336198;0
1336208;0
1336210;0
1336212;1
1336218;1
1336224;1
1336232;1
1336256;1
1336260;0
1336276;0
1336336;0
1336346;0
1336372;0
1336376;0
1336416;0
1336418;1
1336422;1
1336430;0
1336442;1
1336446;0
1336456;0
1336458;0
1336466;1
1336470;0
1336488;1
1336494;0
1336496;0
1336500;0
1336512;0
1336514;1
1336526;0
1336530;0
1336556;1
1336566;0
1336568;1
1336578;1
1336580;0
1336600;0
1336604;1
1336606;0
1336608;1
1336612;1
1336622;0
1336650;0
1336652;1
1336654;1
1336656;0
1336658;0
1336662;0
1336664;1
1336666;1
1336670;0
1336672;1
1336674;0
1336676;1
1336680;0
1336684;0
1336688;0
1336692;0
1336694;0
1336696;1
1336702;0
1336704;1
1336716;0
1336718;0
1336724;1
1336728;0
1336994;0
1337006;0
1337032;0
1337074;0
1337078;0
1337084;0
1337096;0
1337140;0
1337142;0
1337154;0
1337174;0
1337178;0
1337192;0
1337230;1
1337238;1
1337240;0
1337244;1
1337248;0
1337258;1
1337262;1
1337270;0
1337274;1
1337276;0
1337278;0
1337284;1
1337286;0
1337300;0
1337302;0
1337320;1
1337324;1
1337326;1
1337328;0
1337492;0
1337520;0
1337524;0
1337584;0
1337586;0
1337594;1
1337602;0
1337604;1
1337610;0
1337612;0
1337618;0
1337660;0
1337662;1
1337664;1
1337676;1
1337678;1
1337682;0
1337692;1
1337694;1
1337696;0
1337712;0
1337716;0
1337726;1
1337728;0
1337736;1
1337750;0
1337768;0
1337774;0
1337814;0
1337856;1
1337866;1
1337870;1
1337884;0
1337886;1
1337890;0
1337892;0
1337894;0
1337908;0
1337910;0
1337912;0
1337924;0
1337934;0
1337944;1
1337962;1
1337970;0
1338002;0
1338016;0
1338020;0
1338028;1
1338036;1
1338044;0
1338056;1
1338160;0
1338170;0
1338184;1
1338274;0
1338276;0
1338278;1
1338286;0
1338288;1
1338292;0
1338318;0
1338320;0
1338322;0
1338530;0
1338536;0
1338546;1
1338556;0
1338558;0
1338562;0
1338564;0
1338578;1
1338580;0
1338586;0
1338588;1
1338592;1
1338598;0
1338600;0
1338608;1
1338618;0
1338620;0
1338632;0
1338634;1
1338646;1
1338672;1
1338720;0
1338746;0
1338752;0
1338762;0
1338778;0
1338780;0
1338782;0
1338784;1
1338788;1
1338790;1
1338812;0
1338814;0
1338832;1
1338850;0
1338862;0
1338882;1
1338890;1
1338910;0
1338914;0
1338942;0
1338944;1
1338946;1
1338950;1
1338952;1
1338956;0
1339208;0
1339210;0
1339224;0
1339238;1
1339246;1
1339248;1
1339250;0
1339252;0
1339256;0
1339258;0
1339260;0
1339546;0
1339560;0
1339568;1
1339570;1
1339576;0
1339578;1
1339590;0
1339592;0
1339634;0
1339642;0
1339676;0
1339680;0
1339718;0
1339722;1
1339728;0
1339730;1
1339736;0
1339742;0
1339770;1
1339774;1
1339776;1
1339786;0
1339790;1
1339814;0
1339828;1
1339832;1
1339838;0
1339842;1
1339852;1
1339884;0
1339906;1
1339930;0
1339932;1
1339942;0
1339944;0
1339946;1
1339960;0
1339964;0
1339978;0
1339980;1
1339990;1
1339992;0
1339996;1
1340008;1
1340010;0
1340012;0
1340020;0
1340028;1
1340038;0
1340044;0
1340052;0
1340060;1
1340084;0
1340106;0
1340130;1
1340146;0
1340162;1
1340168;1
1340180;1
1340184;0
1340194;0
1340196;1
1340198;1
1340200;0
1340210;0
1340216;1
1340220;0
1340226;1
1340228;0
1340234;1
1340240;0
1340280;1
1340302;0
1340322;0
1340332;0
1340334;0
1340344;0
1340346;0
1340352;0
1340358;0
1340362;0
1340368;1
1340378;0
1340382;0
1340386;0
1340390;1
1340396;1
1340400;1
1340406;1
1340412;0
1340562;0
1340586;1
1340594;0
1340596;1
1340600;0
1340606;1
1340608;0
1340612;1
1340614;1
1340616;1
1340618;0
1340622;1
1340692;1
1340716;0
1340728;1
1340746;1
1340762;1
1340774;1
1340838;1
1340858;1
1340872;1
1340878;0
1340908;0
1340926;0
1340932;1
1340936;1
1340938;0
1340946;0
1340948;0
1340954;1
1340964;0
1340986;1
1341056;0
1341072;0
1341078;1
1341080;0
1341086;0
1341088;0
1341104;1
1341112;0
1341164;0
1341178;1
1341226;0
1341242;0
1341246;0
1341260;1
1341274;0
1341276;0
1341278;1
1341292;0
1341294;1
1341296;0
1341306;0
1341322;1
1341324;0
1341350;1
1341358;0
1341364;1
1341388;0
1341392;0
1341394;0
1341410;0
1341420;1
1341430;0
1341432;1
1341440;1
1341448;0
1341460;0
1341502;0
1341504;0
1341526;0
1341540;1
1341548;1
1341550;0
1341552;0
1341564;1
1341568;0
1341578;1
1341586;0
1341588;1
1341590;1
1341592;0
1341602;0
1341612;0
1341624;1
1341626;1
1341640;0
1341646;0
1341654;1
1341664;1
1341674;1
1341678;1
1341680;0
1341688;1
1341690;0
1341698;0
1341712;0
1341722;1
1341732;0
1341738;0
1341740;0
1341742;0
1341748;0
1341762;0
1341764;1
1341768;1
1341772;1
1341780;1
1341784;0
1341790;0
1341802;1
1341804;1
1341812;0
1341824;0
1341832;0
1341852;0
1341862;1
1341864;0
1341880;1
1341904;0
1341910;1
1341918;0
1341924;1
1341940;0
1341954;1
1341960;1
1341966;0
1341990;1
1341992;1
1341994;0
1341998;0
1342000;0
1342002;0
1342014;0
1342016;0
1342020;0
1342022;0
1342030;0
1342034;0
1342046;1
1342048;0
1342062;0
1342066;1
1342068;1
1342084;0
1342088;0
1342094;1
1342104;0
1342106;1
1342108;0
1342110;1
1342114;0
1342118;0
1342132;1
1342160;0
1342162;0
1342176;0
1342182;1
1342192;1
1342210;0
1342222;0
1342226;1
1342234;1
1342236;0
1342244;0
1342254;1
1342260;0
1342264;0
1342268;0
1342270;0
1342278;1
1342294;0
1342318;0
1342332;0
1342334;0
1342336;0
1342340;1
1342348;1
1342354;0
1342380;0
1342392;0
1342396;1
1342408;0
1342412;0
1342440;0
1342468;0
1342482;0
1342498;0
1342500;1
1342504;0
1342510;0
1342512;0
1342518;1
1342534;0
1342540;1
1342546;0
1342548;0
1342554;0
1342558;0
1342562;1
1342564;0
1342566;0
1342568;1
1342570;1
1342604;1
1342620;0
1342622;1
1342628;1
1342634;0
1342642;0
1342644;0
1342684;0
1342690;0
1342754;1
1342780;0
1342790;0
1342792;0
1342794;0
1342796;0
1342822;0
1342824;0
1342832;1
1342842;0
1342872;0
1342886;1
1342894;0
1342896;1
1342960;0
1342962;0
1342964;1
1342966;0
1342974;0
1342982;1
1342990;0
1342992;0
1343008;0
1343022;1
1343026;1
1343040;0
1343044;1
1343048;1
1343050;0
1343096;0
1343110;1
1343112;0
1343136;1
1343146;0
1343168;0
1343170;0
1343176;0
1343184;1
1343188;0
1343190;0
1343242;0
1343248;1
1343254;1
1343256;0
1343260;0
1343280;1
1343306;1
1343308;0
1343314;1
1343318;0
1343320;0
1343360;0
1343380;1
1343386;1
1343416;1
1343420;0
1343426;0
1343436;1
1343440;1
1343444;0
1343450;0
1343466;0
1343470;1
1343480;0
1343486;0
1343488;0
1343496;0
1343498;1
1343510;0
1343516;0
1343524;0
1343536;0
1343562;0
1343584;1
1343592;1
1343602;1
1343604;1
1343606;1
1343616;1
1343624;0
1343628;1
1343640;1
1343644;0
1343646;1
1343650;0
1343652;0
1343660;1
1343674;0
1343694;0
1343712;0
1343744;1
1343748;0
1343752;0
1343760;0
1343762;1
1343764;0
1343786;0
1343788;0
1343802;0
1343804;0
1343824;1
1343826;0
1343838;0
1343852;1
1343888;0
1343900;0
1343906;1
1343910;1
1343930;0
1343932;0
1343936;0
1343938;0
1343974;0
1343988;0
1344004;0
1344010;0
1344012;0
1344014;0
1344018;1
1344042;0
1344064;1
1344072;0
1344108;1
1344114;0
1344116;1
1344132;0
1344142;0
1344152;0
1344158;0
1344162;0
1344170;0
1344186;1
1344190;0
1344204;1
1344214;0
1344262;1
1344278;1
1344286;0
1344290;0
1344304;0
1344306;0
1344346;0
1344392;0
1344460;0
1344480;0
1344560;0
1344712;0
1344714;0
1344718;0
1344728;0
1344732;0
1344736;0
1344748;1
1344762;1
1344766;0
1344770;0
1344772;1
1344776;0
1344782;0
1344796;0
1344800;0
1344814;0
1344820;1
1344824;0
1344834;0
1344840;0
1344848;0
1344880;0
1344900;0
1344902;1
1344904;1
1344910;1
1344912;1
1344920;0
1344930;0
1344944;0
1344956;0
1344980;1
1345002;1
1345022;1
1345034;0
1345042;0
1345044;0
1345048;0
1345050;0
1345094;0
1345106;0
1345108;0
1345110;1
1345144;0
1345146;0
1345148;0
1345160;0
1345172;0
1345198;0
1345206;1
1345208;0
1345240;0
1345244;0
1345252;0
1345268;0
1345270;0
1345274;0
1345284;0
1345286;0
1345296;0
1345298;0
1345302;0
1345306;0
1345312;1
1345318;0
1345332;0
1345338;0
1345384;1
1345386;0
1345396;1
1345400;0
1345402;0
1345410;0
1345414;0
1345422;1
1345428;1
1345430;0
1345434;0
1345444;1
1345452;1
1345456;0
1345458;1
1345464;0
1345466;1
1345472;0
1345476;0
1345482;0
1345488;1
1345492;0
1345506;1
1345512;0
1345514;0
1345516;1
1345530;0
1345548;0
1345570;1
1345596;1
1345606;0
1345616;1
1345624;1
1345632;0
1345664;0
1345672;0
1345686;0
1345712;0
1345744;1
1345764;1
1345774;1
1345776;0
1345790;0
1345794;0
1345798;0
1345808;0
1345840;1
1345868;0
1345932;0
1345966;1
1345972;1
1345982;0
1345986;0
1346030;1
1346042;1
1346046;1
1346052;0
1346094;0
1346110;0
1346114;1
1346122;0
1346130;1
1346140;0
1346290;1
1346292;0
1346296;0
1346318;1
1346336;0
1346352;1
1346366;1
1346382;1
1346386;0
1346396;0
1346400;1
1346416;1
1346424;1
1346426;0
1346436;0
1346438;1
1346444;1
1346454;0
1346472;0
1346476;1
1346478;1
1346480;1
1346502;1
1346526;0
1346534;1
1346546;1
1346564;1
1346566;1
1346568;0
1346578;0
1346582;0
1346608;0
1346610;0
1346612;1
1346614;0
1346618;1
1346620;0
1346622;0
1346630;0
1346632;0
1346638;1
1346650;0
1346660;1
1346666;0
1346668;1
1346682;0
1346692;0
1346694;1
1346710;0
1346712;0
1346716;1
1346732;0
1346736;0
1346756;0
1346758;0
1346760;0
1346762;0
1346768;0
1346770;1
1346776;0
1346788;0
1346790;1
1346792;1
1346816;0
1346818;1
1346820;0
1346826;0
1346828;0
1346830;1
1346836;1
1346842;0
1346846;0
1346852;1
1346854;1
1346864;0
1346866;1
1346868;1
1346870;1
1346874;0
1346876;1
1346882;0
1346890;1
1346898;1
1346900;0
1346904;0
1346916;0
1346920;0
1346926;1
1346936;1
1346960;0
1346962;0
1346972;0
1346974;0
1346982;1
1347018;0
1347020;1
1347038;1
1347042;0
1347064;0
1347066;0
1347078;0
1347086;1
1347088;1
1347096;0
1347100;1
1347124;0
1347128;1
1347138;0
1347146;0
1347158;1
1347160;0
1347188;0
1347204;0
1347214;0
1347218;0
1347222;0
1347224;0
1347264;0
1347270;0
1347272;0
1347276;0
1347282;1
1347290;0
1347292;0
1347304;1
1347308;0
1347320;0
1347332;1
1347334;1
1347366;0
1347398;0
1347416;0
1347428;0
1347452;0
1347464;1
1347468;0
1347470;1
1347472;1
1347476;0
1347484;0
1347504;0
1347528;1
1347534;0
1347540;1
1347550;1
1347552;0
1347558;1
1347568;0
1347574;0
1347578;0
1347588;0
1347596;0
1347602;0
1347604;1
1347608;0
1347622;1
1347630;0
1347634;1
1347638;0
1347646;0
1347648;1
1347652;1
1347654;0
1347658;0
1347664;0
1347668;1
1347744;1
1347748;0
1347782;0
1347786;1
1347794;1
1347800;0
1347824;1
1347832;0
1347876;0
1347882;1
1347888;0
1347898;0
1347900;1
1347908;1
1347920;1
1347936;1
1347944;0
1347970;0
1347994;0
1348004;0
1348006;1
1348010;1
1348018;1
1348032;1
1348040;0
1348042;0
1348048;1
1348050;0
1348066;1
1348078;1
1348118;1
1348124;0
1348146;1
1348150;0
1348154;1
1348170;0
1348178;0
1348184;0
1348234;1
1348238;0
1348244;0
1348254;0
1348260;0
1348268;0
1348272;0
1348280;0
1348282;1
1348292;0
1348294;1
1348324;0
1348326;1
1348350;1
1348352;1
1348366;0
1348384;1
1348406;0
1348462;1
1348468;0
1348486;0
1348518;0
1348520;0
1348530;0
1348532;1
1348534;0
1348558;1
1348560;0
1348568;0
1348576;0
1348582;1
1348602;1
1348604;0
1348618;0
1348628;0
1348630;0
1348634;0
1348638;0
1348640;0
1348644;0
1348646;1
1348648;0
1348650;0
1348654;0
1348656;0
1348658;0
1348766;1
1348772;0
1348782;0
1348788;1
1348794;0
1348796;0
1348804;1
1348810;0
1348820;0
1348822;0
1348824;0
1348846;1
1348850;0
1348862;0
1348948;1
1348950;0
1348958;1
1348968;1
1349010;1
1349012;1
1349018;1
1349020;1
1349024;1
1349026;0
1349028;0
1349030;0
1349034;0
1349044;0
1349060;0
1349118;1
1349132;0
1349134;0
1349144;0
1349154;0
1349156;0
1349170;0
1349192;0
1349210;0
1349212;1
1349214;0
1349228;0
1349230;1
1349232;1
1349236;1
1349240;1
1349242;0
1349258;0
1349262;0
1349264;1
1349272;0
1349276;1
1349278;1
1349280;0
1349282;0
1349286;1
1349324;1
1349336;1
1349340;0
1349342;1
1349348;1
1349352;0
1349402;1
1349454;1
1349458;0
1349462;0
1349468;0
1349478;0
1349498;0
1349504;0
1349506;0
1349524;1
1349562;1
1349566;0
1349576;0
1349582;0
1349590;0
1349592;1
1349594;0
1349596;1
1349600;0
1349606;0
1349612;0
1349614;1
1349622;1
1349644;1
1349646;0
1349654;0
1349664;0
1349670;0
1349672;0
1349690;0
1349710;0
1349742;0
1349748;1
1349750;0
1349778;1
1349784;0
1349786;1
1349794;0
1349796;0
1349810;0
1349838;0
1349904;0
1349906;0
1349920;0
1349922;0
1349924;0
1349930;0
1349944;0
1349954;0
1349958;1
1349962;1
1349968;0
1349972;0
1349974;0
1349984;1
1349994;0
1350000;1
1350004;1
1350012;1
1350014;1
1350016;1
1350034;0
1350036;1
1350040;1
1350046;0
1350066;0
1350074;0
1350082;0
1350102;1
1350112;0
1350126;0
1350132;1
1350148;0
1350156;0
1350168;0
1350174;0
1350178;0
1350190;0
1350194;0
1350208;0
1350220;1
1350240;0
1350244;0
1350258;1
1350280;0
1350284;0
1350310;0
1350316;1
1350326;0
1350328;1
1350332;0
1350342;1
1350350;1
1350352;1
1350356;0
1350370;0
1350372;0
1350374;0
1350382;1
1350396;1
1350398;0
1350410;1
1350412;0
1350422;1
1350424;1
1350444;1
1350454;0
1350458;0
1350462;0
1350472;0
1350478;0
1350492;0
1350528;0
1350530;0
1350546;1
1350552;1
1350572;0
1350574;0
1350582;0
1350596;1
1350598;0
1350610;0
1350612;0
1350614;1
1350618;0
1350620;0
1350624;1
1350650;0
1350660;0
1350664;0
1350708;0
1350734;1
1350750;0
1350752;0
1350754;1
1350770;0
1350774;0
1350778;0
1350780;1
1350784;1
1350786;0
1350790;0
1350808;0
1350814;0
1350820;0
1350830;1
1350838;0
1350842;0
1350844;0
1350850;1
1350856;0
1350858;1
1350874;0
1350876;1
1350878;1
1350880;0
1350920;1
1350922;0
1350930;1
1350932;0
1350936;1
1350940;0
1350946;0
1350952;0
1350954;1
1350966;0
1350984;1
1350992;1
1350994;1
1350998;1
1351000;0
1351006;0
1351008;0
1351034;0
1351038;0
1351048;1
1351058;1
1351072;1
1351080;0
1351086;0
1351090;0
1351096;1
1351102;1
1351104;0
1351106;0
1351110;0
1351116;1
1351132;0
1351136;0
1351138;1
1351142;1
1351144;1
1351162;0
1351170;0
1351200;1
1351254;0
1351256;1
1351258;1
1351260;0
1351264;1
1351348;1
1351364;0
1351370;0
1351374;1
1351380;0
1351388;0
1351410;1
1351434;0
1351436;0
1351470;1
1351522;0
1351530;0
1351534;1
1351538;1
1351550;0
1351564;0
1351574;0
1351596;0
1351620;0
1351628;0
1351630;0
1351642;0
1351650;1
1351662;0
1351688;0
1351690;0
1351698;0
1351706;1
1351716;0
1351742;0
1351746;0
1351752;1
1351756;0
1351762;1
1351764;0
1351780;1
1351786;1
1351788;0
1351804;1
1351812;1
1351814;1
1351828;1
1351844;0
1351854;1
1351856;0
1351880;0
1351882;0
1351890;0
1351896;1
1351898;0
1351900;0
1351902;0
1351906;0
1351908;1
1351910;0
1351924;0
1351928;0
1351934;0
1351950;0
1352112;1
1352150;0
1352152;1
1352160;1
1352162;0
1352176;0
1352188;0
1352260;1
1352264;0
1352268;1
1352270;0
1352284;0
1352286;0
1352290;0
1352292;1
1352294;1
1352310;1
1352316;0
1352322;1
1352326;0
1352390;0
1352392;1
1352402;1
1352410;0
1352440;0
1352444;1
1352488;0
1352490;0
1352498;0
1352502;1
1352514;1
1352526;1
1352528;0
1352550;1
1352556;0
1352568;1
1352570;1
1352634;0
1352644;1
1352646;0
1352648;0
1352664;0
1352670;0
1352682;1
1352684;0
1352686;0
1352712;1
1352714;1
1352734;0
1352740;1
1352744;0
1352752;1
1352754;0
1352764;1
1352774;0
1352776;0
1352780;0
1352800;0
1352812;1
1352814;0
1352828;0
1352846;0
1352856;0
1352876;0
1352882;0
1352884;0
1352892;0
1352896;1
1352938;1
1352948;1
1352952;0
1352954;0
1352958;0
1352978;0
1352984;1
1353038;1
1353044;1
1353046;1
1353054;1
1353060;1
1353064;0
1353068;0
1353084;0
1353086;0
1353088;0
1353092;0
1353098;1
1353100;0
1353106;1
1353116;0
1353128;0
1353184;0
1353210;1
1353220;1
1353248;0
1353252;0
1353258;1
1353266;0
1353286;0
1353292;1
1353308;0
1353312;0
1353316;0
1353320;1
1353322;1
1353340;0
1353360;0
1353402;0
1353404;1
1353408;0
1353412;0
1353416;0
1353418;1
1353420;1
1353422;1
1353492;0
1353498;1
1353500;0
1353510;1
1353528;0
1353542;1
1353544;1
1353558;0
1353578;0
1353588;1
1353626;0
1353636;0
1353642;1
1353648;0
1353650;1
1353652;0
1353660;1
1353662;0
1353664;1
1353666;0
1353668;0
1353676;0
1353678;1
1353700;0
1353724;1
1353732;0
1353748;1
1354006;0
1354012;1
1354014;1
1354018;0
1354024;0
1354054;1
1354058;1
1354060;0
1354070;0
1354078;1
1354092;0
1354094;0
1354096;0
1354104;0
1354106;1
1354110;0
1354116;1
1354130;0
1354138;1
1354144;0
1354150;0
1354154;0
1354156;0
1354158;0
1354160;0
1354162;1
1354176;1
1354178;0
1354196;0
1354202;0
1354208;0
1354210;0
1354218;0
1354220;0
1354222;0
1354226;0
1354228;1
1354232;0
1354236;0
1354240;1
1354244;0
1354246;0
1354248;0
1354262;0
1354268;0
1354278;0
1354298;0
1354306;1
1354340;1
1354342;0
1354350;0
1354364;1
1354374;0
1354376;1
1354390;0
1354426;0
1354428;0
1354436;1
1354440;0
1354442;0
1354446;0
1354480;1
1354484;1
1354490;0
1354492;0
1354494;0
1354498;0
1354504;1
1354520;1
1354530;0
1354542;0
1354546;0
1354550;0
1354554;0
1354578;0
1354580;0
1354592;1
1354602;0
1354610;0
1354612;1
1354624;1
1354640;1
1354658;0
1354708;0
1354754;1
1354778;0
1354786;0
1354794;0
1354802;0
1354806;1
1354824;0
1354826;0
1354834;1
1354840;0
1354852;0
1354854;0
1354856;1
1354862;1
1354866;0
1354880;0
1354896;0
1354912;1
1354914;1
1354930;0
1354938;0
1354944;0
1354946;1
1354948;1
1354952;0
1354954;0
1354962;1
1354976;0
1355002;1
1355022;0
1355028;0
1355034;0
1355038;0
1355048;0
1355072;1
1355074;1
1355080;0
1355104;1
1355114;0
1355116;0
1355132;0
1355138;0
1355144;0
1355154;1
1355158;0
1355170;0
1355184;1
1355188;1
1355196;0
1355210;0
1355216;0
1355222;1
1355238;0
1355250;1
1355262;0
1355266;1
1355316;0
1355322;0
1355340;0
1355354;0
1355380;0
1355386;0
1355390;1
1355432;0
1355434;1
1355438;0
1355442;1
1355450;1
1355452;0
1355458;0
1355460;0
1355462;1
1355500;1
1355504;0
1355510;0
1355512;0
1355514;0
1355530;0
1355532;0
1355536;0
1355586;1
1355596;0
1355616;1
1355652;0
1355658;1
1355666;1
1355668;1
1355672;0
1355674;1
1355676;0
1355680;1
1355684;0
1355688;0
1355690;1
1355694;0
1355698;0
1355700;1
1355722;0
1355728;0
1355732;0
1355744;0
1355746;1
1355754;0
1355758;0
1355762;1
1355814;1
1355950;0
1355960;1
1355962;1
1355966;0
1355970;1
1355980;0
1356014;1
1356024;0
1356032;0
1356034;0
1356036;1
1356038;1
1356042;0
1356048;0
1356052;1
1356068;0
1356086;0
1356108;0
1356110;1
1356120;0
1356126;1
1356128;0
1356130;0
1356134;1
1356150;0
1356164;1
1356172;0
1356174;1
1356184;1
1356194;1
1356214;0
1356216;1
1356236;1
1356250;0
1356258;0
1356274;1
1356286;1
1356304;1
1356372;1
1356376;0
1356380;1
1356384;0
1356392;0
1356408;0
1356422;0
1356424;0
1356428;1
1356446;0
1356462;0
1356472;0
1356474;0
1356476;0
1356478;1
1356480;0
1356482;0
1356484;0
1356500;1
1356502;1
1356520;0
1356602;0
1356604;0
1356612;0
1356622;1
1356638;0
1356640;1
1356642;1
1356648;0
1356652;0
1356654;0
1356658;0
1356668;0
1356670;0
1356688;0
1356700;1
1356760;0
1356762;0
1356768;0
1356776;0
1356778;1
1356780;0
1356790;0
1356804;1
1356844;1
1356854;0
1356856;0
1356872;0
1356886;1
1356898;0
1356900;1
1356902;1
1356906;1
1356908;0
1356910;0
1356940;0
1356946;0
1356962;0
1356966;0
1356968;0
1356988;0
1356992;0
1356998;0
1357010;0
1357016;1
1357022;0
1357036;0
1357042;0
1357044;0
1357050;1
1357078;1
1357092;0
1357094;0
1357100;0
1357108;0
1357110;1
1357122;1
1357156;0
1357164;1
1357174;1
1357180;1
1357184;0
1357202;1
1357214;1
1357220;1
1357222;0
1357380;1
1357384;1
1357390;0
1357402;0
1357412;0
1357416;1
1357422;0
1357454;1
1357456;0
1357464;0
1357470;1
1357472;0
1357478;0
1357486;0
1357496;1
1357502;1
1357510;1
1357522;0
1357524;0
1357530;1
1357538;0
1357540;1
1357554;0
1357556;0
1357560;0
1357564;0
1357572;0
1357582;1
1357588;1
1357600;0
1357602;1
1357604;1
1357606;1
1357608;0
1357610;0
1357622;0
1357682;1
1357684;0
1357690;0
1357692;1
1357696;1
1357700;1
1357702;1
1357714;1
1357722;1
1357738;0
1357754;0
1357762;0
1357764;0
1357782;0
1357786;1
1357798;0
1357808;0
1357820;1
1357890;0
1357898;0
1357900;0
1357922;0
1357940;0
1357956;1
1357962;1
1357966;1
1357974;0
1358010;0
1358024;0
1358054;0
1358056;0
1358060;0
1358070;0
1358072;0
1358076;0
1358080;0
1358090;0
1358094;0
1358104;0
1358136;1
1358144;1
1358156;1
1358178;1
1358188;0
1358196;0
1358212;0
1358214;1
1358216;1
1358226;0
1358232;1
1358234;1
1358340;1
1358344;1
1358350;0
1358358;1
1358364;0
1358372;1
1358508;1
1358540;0
1358550;1
1358560;0
1358564;1
1358582;0
1358614;0
1358696;1
1358702;1
1358704;1
1358712;1
1358726;0
1358736;1
1358738;0
1358740;1
1358744;1
1358750;1
1358766;0
1358832;1
1358850;1
1358852;0
1358940;1
1358946;0
1358954;0
1358956;0
1358962;0
1358966;1
1358980;1
1358984;1
1359024;0
1359040;1
1359086;0
1359096;0
1359102;1
1359108;1
1359116;0
1359154;1
1359158;0
1359160;1
1359192;0
1359206;1
1359208;0
1359210;0
1359220;0
1359254;1
1359262;1
1359288;0
1359298;1
1359302;0
1359316;0
1359318;0
1359328;0
1359332;1
1359342;0
1359346;0
1359348;0
1359350;0
1359354;0
1359358;0
1359360;0
1359362;1
1359364;0
1359456;0
1359460;1
1359462;0
1359464;1
1359470;0
1359512;0
1359518;0
1359542;0
1359546;0
1359548;1
1359568;1
1359582;1
1359586;1
1359598;1
1359600;0
1359606;1
1359608;0
1359612;0
1359614;0
1359618;0
1359620;0
1359636;0
1359652;1
1359656;1
1359682;0
1359696;1
1359700;1
1359706;1
1359712;1
1359716;0
1359720;0
1359738;0
1359742;0
1359744;0
1359750;1
1359758;0
1359762;0
1359766;0
1359776;0
1359780;1
1359784;0
1359790;0
1359792;0
1359812;1
1359816;0
1359818;0
1359896;0
1359922;0
1359928;1
1359932;0
1359938;1
1359942;0
1360026;0
1360030;0
1360048;0
1360060;0
1360068;0
1360072;0
1360074;0
1360078;0
1360088;0
1360090;0
1360092;0
1360098;0
1360110;0
1360112;0
1360124;0
1360156;1
1360164;1
1360180;1
1360186;1
1360194;0
1360196;0
1360212;0
1360214;1
1360220;0
1360270;1
1360272;0
1360278;1
1360282;1
1360284;1
1360292;0
1360308;0
1360314;1
1360322;1
1360324;0
1360330;0
1360342;0
1360344;1
1360394;0
1360422;0
1360430;0
1360438;0
1360456;0
1360514;0
1360516;0
1360518;0
1360522;0
1360524;0
1360596;0
1360614;0
1360636;0
1360638;0
1360686;0
1360704;1
1360706;1
1360708;1
1360744;0
1360746;1
1360774;1
1360780;1
1360786;1
1360792;0
1360796;1
1360804;0
1360806;1
1360820;1
1360824;0
1360826;1
1360830;1
1360842;0
1360854;0
1360862;0
1360864;0
1360866;0
1360874;0
1360884;0
1360896;0
1360904;1
1360910;0
1360920;1
1360926;0
1360932;0
1360942;0
1360950;1
1360976;0
1361032;1
1361052;1
1361056;1
1361060;0
1361064;0
1361068;0
1361070;0
1361074;0
1361078;1
1361082;1
1361088;0
1361090;1
1361102;1
1361110;0
1361114;0
1361156;1
1361158;1
1361160;0
1361162;0
1361176;1
1361178;1
1361182;0
1361190;1
1361192;0
1361194;1
1361196;1
1361206;0
1361208;0
1361232;0
1361234;0
1361246;0
1361248;0
1361252;0
1361254;0
1361256;0
1361262;0
1361284;0
1361288;0
1361294;0
1361302;0
1361308;0
1361310;1
1361312;1
1361314;1
1361330;0
1361334;0
1361342;0
1361346;0
1361358;0
1361362;0
1361388;0
1361398;1
1361448;0
1361450;0
1361462;1
1361464;0
1361474;0
1361482;0
1361490;0
1361494;1
1361500;0
1361502;0
1361504;1
1361506;1
1361518;1
1361524;0
1361536;0
1361554;0
1361558;1
1361564;0
1361568;1
1361586;0
1361628;0
1361664;0
1361742;0
1361772;0
1361774;1
1361776;1
1361778;0
1361796;0
1361820;1
1361824;1
1361832;0
1361854;1
1361866;0
1361872;0
1361906;0
1361912;1
1361920;0
1361928;1
1362294;0
1362300;1
1362304;1
1362312;0
1362314;1
1362318;0
1362320;0
1362322;0
1362328;0
1362334;1
1362344;1
1362352;1
1362354;1
1362362;0
1362364;1
1362368;1
1362390;0
1362430;0
1362434;0
1362444;1
1362452;0
1362456;1
1362488;1
1362492;0
1362500;1
1362502;1
1362512;0
1362514;0
1362526;0
1362538;0
1362546;1
1362562;0
1362570;1
1362580;1
1362584;0
1362590;1
1362598;0
1362600;0
1362602;1
1362610;1
1362620;0
1362656;0
1362680;0
1362698;0
1362708;1
1362718;1
1362724;0
1362728;0
1362756;1
1362788;0
1362836;0
1362844;1
1362866;0
1362872;0
1362882;0
1362892;0
1362898;0
1362908;0
1362926;0
1362936;0
1362952;0
1362958;0
1362960;1
1362962;0
1362964;0
1362966;0
1362968;0
1362982;1
1362988;0
1362992;1
1362994;0
1362996;0
1363024;0
1363026;0
1363032;0
1363036;1
1363068;1
1363088;1
1363090;0
1363092;0
1363100;0
1363104;0
1363110;1
1363114;1
1363124;0
1363126;1
1363132;0
1363136;0
1363138;0
1363144;1
1363146;0
1363164;1
1363176;1
1363184;1
1363186;1
1363210;1
1363218;0
1363230;1
1363234;1
1363246;1
1363250;1
1363254;0
1363256;0
1363258;0
1363260;1
1363328;0
1363332;0
1363362;1
1363368;0
1363372;0
1363390;0
1363392;1
1363398;0
1363406;1
1363408;0
1363410;1
1363416;1
1363420;1
1363424;0
1363428;0
1363458;0
1363542;1
1363544;0
1363546;1
1363548;1
1363550;0
1363552;0
1363568;1
1363576;1
1363580;0
1363582;0
1363588;0
1363596;0
1363600;0
1363612;0
1363614;1
1363714;0
1363722;1
1363724;0
1363730;1
1363750;0
1363752;0
1363796;1
1363844;0
1363870;0
1363874;0
1363878;0
1363884;1
1363888;0
1363908;0
1363944;1
1363978;0
1363984;1
1364004;0
1364006;1
1364008;0
1364016;1
1364024;1
1364028;0
1364036;0
1364040;1
1364048;1
1364050;0
1364052;0
1364054;0
1364056;0
1364060;0
1364062;0
1364064;1
1364074;0
1364076;0
1364078;0
1364118;0
1364132;1
1364136;0
1364156;1
1364158;0
1364170;1
1364212;0
1364232;0
1364272;1
1364312;1
1364314;1
1364316;0
1364326;0
1364334;0
1364336;0
1364342;0
1364344;0
1364350;1
1364354;0
1364364;1
1364370;0
1364378;0
1364386;0
1364400;1
1364402;0
1364408;0
1364410;0
1364420;0
1364426;0
1364432;0
1364438;1
1364460;1
1364462;0
1364472;0
1364474;0
1364476;0
1364480;1
1364494;1
1364498;0
1364502;0
1364510;1
1364524;0
1364526;0
1364530;1
1364532;0
1364534;0
1364536;0
1364540;0
1364542;0
1364550;1
1364572;0
1364574;1
1364630;1
1364650;0
1364652;0
1364660;0
1364662;0
1364664;0
1364668;0
1364672;1
1364692;0
1364700;0
1364706;1
1364714;0
1364720;0
1364722;0
1364728;1
1364730;0
1364746;0
1364790;1
1364830;0
1364832;0
1364840;1
1364850;1
1364852;0
1364874;0
1364876;1
1364878;0
1364888;0
1364906;0
1364908;1
1364910;0
1364938;0
1364946;0
1364950;0
1364952;1
1364954;0
1364956;1
1364964;0
1364972;0
1364976;1
1364978;0
1364980;0
1364984;1
1364986;0
1364998;0
1365008;0
1365016;0
1365030;1
1365034;0
1365040;1
1365048;1
1365052;0
1365058;0
1365066;0
1365074;1
1365080;0
1365086;0
1365092;0
1365094;0
1365096;0
1365098;1
1365100;0
1365104;0
1365106;0
1365108;0
1365112;0
1365120;1
1365124;0
1365130;0
1365132;0
1365136;1
1365180;0
1365182;1
1365184;0
1365188;0
1365194;1
1365196;1
1365200;0
1365224;0
1365344;1
1365350;1
1365352;1
1365362;1
1365396;0
1365398;1
1365402;0
1365410;0
1365416;0
1365420;1
1365422;0
1365424;0
1365432;1
1365456;1
1365470;0
1365472;1
1365486;0
1365498;1
1365500;0
1365510;1
1365516;0
1365538;0
1365542;0
1365546;0
1365552;0
1365556;1
1365588;1
1365598;0
1365604;0
1365612;0
1365614;1
1365622;1
1365656;0
1365662;0
1365668;0
1365676;1
1365692;0
1365694;0
1365702;0
1365720;0
1365722;0
1365734;1
1365736;1
1365744;1
1365748;0
1365752;0
1365764;0
1365772;1
1365774;1
1365790;0
1365798;0
1365800;0
1365804;0
1365814;1
1365816;1
1365832;0
1365864;1
1365876;0
1365884;0
1365886;1
1365890;0
1365898;0
1365900;0
1365922;0
1365946;0
1365950;0
1365956;0
1365958;1
1365964;1
1365966;1
1365970;1
1365974;0
1365982;1
1365986;0
1365994;1
1365998;0
1366000;0
1366002;0
1366014;1
1366016;0
1366020;0
1366026;0
1366030;1
1366034;0
1366036;1
1366040;0
1366042;1
1366044;1
1366048;0
1366054;0
1366056;1
1366058;0
1366060;1
1366062;1
1366064;0
1366070;0
1366072;0
1366076;0
1366078;0
1366080;0
1366082;1
1366084;1
1366090;0
1366096;0
1366098;0
1366130;1
1366138;0
1366152;1
1366154;0
1366156;1
1366158;0
1366162;0
1366168;1
1366172;0
1366174;0
1366182;0
1366186;0
1366188;0
1366190;0
1366196;1
1366202;1
1366206;1
1366208;0
1366210;0
1366212;0
1366220;0
1366230;1
1366238;0
1366240;1
1366364;1
1366516;1
1366518;0
1366520;1
1366524;0
1366526;1
1366528;0
1366530;1
1366532;0
1366536;0
1366538;0
1366540;0
1366548;1
1366550;0
1366554;0
1366562;0
1366564;0
1366572;0
1366576;0
1366582;0
1366586;1
1366594;0
1366598;1
1366600;0
1366604;1
1366608;1
1366610;1
1366612;1
1366614;0
1366620;0
1366622;0
1366630;1
1366636;1
1366644;1
1366646;1
1366648;0
1366654;0
1366658;0
1366662;0
1366664;0
1366666;1
1366760;0
1366762;0
1366766;1
1366770;0
1366776;1
1366834;0
1366842;0
1366846;0
1366856;0
1366862;0
1366894;1
1366896;1
1366900;0
1366904;0
1366906;1
1366908;1
1366920;0
1366926;0
1366934;1
1366944;1
1366956;1
1366964;0
1366978;0
1366980;1
1366982;0
1366986;1
1366988;1
1367000;0
1367004;0
1367006;0
1367042;0
1367046;0
1367050;0
1367076;0
1367082;0
1367086;1
1367088;1
1367092;0
1367096;1
1367102;0
1367108;0
1367110;1
1367112;0
1367116;0
1367118;0
1367120;1
1367126;1
1367128;0
1367132;1
1367134;0
1367136;1
1367142;0
1367144;1
1367146;1
1367150;1
1367154;0
1367156;0
1367160;0
1367162;1
1367168;0
1367172;1
1367176;0
1367178;0
1367180;0
1367184;0
1367186;1
1367192;0
1367202;1
1367206;1
1367208;0
1367210;0
1367218;0
1367226;0
1367232;1
1367242;1
1367250;1
1367252;1
1367254;1
1367258;0
1367264;0
1367272;0
1367278;0
1367298;1
1367302;0
1367320;0
1367324;0
1367330;0
1367332;0
1367340;0
1367344;1
1367378;1
1367396;0
1367402;0
1367408;0
1367410;1
1367412;1
1367414;0
1367420;0
1367426;0
1367428;1
1367442;0
1367448;0
1367450;0
1367452;0
1367462;0
1367468;0
1367472;1
1367482;0
1367490;1
1367496;0
1367498;1
1367536;0
1367548;0
1367554;0
1367558;0
1367568;1
1367574;1
1367578;0
1367582;0
1367584;0
1367588;1
1367590;0
1367606;0
1367610;1
1367616;0
1367944;0
1367964;1
1367972;0
1367974;0
1367990;0
1368004;0
1368010;0
1368012;0
1368014;1
1368016;0
1368024;0
1368032;1
1368050;0
1368132;0
1368136;1
1368142;1
1368144;0
1368146;1
1368152;0
1368158;1
1368160;0
1368162;1
1368164;0
1368166;1
1368174;0
1368190;0
1368192;0
1368198;1
1368206;1
1368208;0
1368216;0
1368218;0
1368222;1
1368224;0
1368226;1
1368232;1
1368238;0
1368246;0
1368254;0
1368258;0
1368266;0
1368276;1
1368314;1
1368328;0
1368338;0
1368346;1
1368352;0
1368374;0
1368382;1
1368388;0
1368394;1
1368400;0
1368402;0
1368412;1
1368416;0
1368448;1
1368472;0
1368478;0
1368482;0
1368486;0
1368500;0
1368532;1
1368534;1
1368538;0
1368542;1
1368544;1
1368552;1
1368554;0
1368564;0
1368570;0
1368572;0
1368574;1
1368578;0
1368592;0
1368596;1
1368598;1
1368600;0
1368602;0
1368604;1
1368610;0
1368618;0
1368620;1
1368622;1
1368624;0
1368630;1
1368644;0
1368646;1
1368650;0
1368652;1
1368656;0
1368658;0
1368682;1
1368690;0
1368692;0
1368704;0
1368712;1
1368718;0
1368726;0
1368728;0
1368746;1
1368756;0
1368760;0
1368784;1
1368806;1
1368814;0
1368822;1
1368868;1
1368886;1
1368898;1
1368902;0
1368904;0
1368910;0
1368912;0
1368942;0
1368960;0
1368974;0
1368980;0
1368986;1
1368990;0
1368996;0
1369002;1
1369004;0
1369012;1
1369024;0
1369026;1
1369032;1
1369038;0
1369040;0
1369044;0
1369054;0
1369056;0
1369058;0
1369060;1
1369062;1
1369068;0
1369070;0
1369072;0
1369074;0
1369076;1
1369078;0
1369080;1
1369082;0
1369086;0
1369088;0
1369090;0
1369092;1
1369096;1
1369098;1
1369102;0
1369106;0
1369108;1
1369116;0
1369118;0
1369124;0
1369126;0
1369128;1
1369130;0
1369134;0
1369148;1
1369152;0
1369154;1
1369156;0
1369160;0
1369164;1
1369174;0
1369188;0
1369216;0
1369220;0
1369230;0
1369234;0
1369236;0
1369242;0
1369260;1
1369276;1
1369278;1
1369284;0
1369290;0
1369294;1
1369298;0
1369304;0
1369322;1
1369332;0
1369354;1
1369356;0
1369368;1
1369372;0
1369382;0
1369386;0
1369410;0
1369414;1
1369416;1
1369418;0
1369440;0
1369456;1
1369464;0
1369468;0
1369470;0
1369478;0
1369602;0
1369604;1
1369612;1
1369616;0
1369618;1
1369620;1
1369624;0
1369626;1
1369630;1
1369640;1
1369646;0
1369648;0
1369650;0
1369652;1
1369660;1
1369662;0
1369710;0
1369716;0
1369750;0
1369762;0
1369778;0
1369786;0
1369830;0
1369838;0
1369848;1
1369858;0
1369862;0
1369864;0
1369878;1
1369890;0
1369894;0
1369898;0
1369904;1
1369908;0
1369926;1
1369928;0
1369932;0
1369936;0
1369960;0
1369972;0
1369978;0
1369986;1
1369996;1
1370028;0
1370030;0
1370032;0
1370102;0
1370122;0
1370124;0
1370126;0
1370136;1
1370138;0
1370140;0
1370142;0
1370144;1
1370146;0
1370148;0
1370152;0
1370154;0
1370160;0
1370170;1
1370174;1
1370180;0
1370192;1
1370194;0
1370198;1
1370202;0
1370226;0
1370228;0
1370238;0
1370240;0
1370248;1
1370260;0
1370262;1
1370264;1
1370292;1
1370302;1
1370304;0
1370310;0
1370450;1
1370458;0
1370462;1
1370464;0
1370472;0
1370478;0
1370480;0
1370482;1
1370484;1
1370486;0
1370488;0
1370490;1
1370492;0
1370494;1
1370500;0
1370504;1
1370514;1
1370516;0
1370568;1
1370590;0
1370594;1
1370598;0
1370610;0
1370614;0
1370644;1
1370662;0
1370690;1
1370730;0
1370732;0
1370748;0
1370762;1
1370778;0
1370842;0
1370852;0
1370860;0
1370866;0
1370868;0
1370872;0
1370874;0
1370876;1
1370880;0
1370884;1
1370886;1
1370890;1
1370892;1
1370894;1
1370902;0
1370910;0
1370912;1
1370922;0
1370932;0
1370942;0
1370946;0
1370948;1
1370962;1
1371002;0
1371004;0
1371006;0
1371008;0
1371010;0
1371018;0
1371020;0
1371024;0
1371026;0
1371032;1
1371052;0
1371064;0
1371074;0
1371076;1
1371084;0
1371092;0
1371096;1
1371106;0
1371110;1
1371112;1
1371114;1
1371120;1
1371128;0
1371132;0
1371144;1
1371150;0
1371166;0
1371168;0
1371180;1
1371182;1
1371184;0
1371188;1
1371198;0
1371204;0
1371206;1
1371212;0
1371234;0
1371252;0
1371258;0
1371286;0
1371308;1
1371312;0
1371316;0
1371318;1
1371334;0
1371336;1
1371356;0
1371396;0
1371432;0
1371434;0
1371446;0
1371448;0
1371450;1
1371454;1
1371460;1
1371470;1
1371474;0
1371506;1
1371514;0
1371516;0
1371530;0
1371532;0
1371536;0
1371538;0
1371542;1
1371544;0
1371558;0
1371560;0
1371570;1
1371582;1
1371584;0
1371588;1
1371592;0
1371614;0
1371620;0
1371654;1
1371692;1
1371696;0
1371698;1
1371710;0
1371722;0
1371724;0
1371734;1
1371736;1
1371754;1
1371756;0
1371794;1
1371814;0
1371816;0
1371822;1
1371828;1
1371830;1
1371840;0
1371850;1
1371890;1
1371894;0
1371896;1
1371898;0
1371910;0
1371914;1
1371918;1
1371920;1
1371926;1
1371928;0
1371932;1
1371936;0
1371940;0
1371944;1
1371960;1
1371976;0
1371986;1
1371994;0
1371998;0
1372004;0
1372006;0
1372010;0
1372016;0
1372022;0
1372024;0
1372032;0
1372036;1
1372084;1
1372096;0
1372100;0
1372102;1
1372104;1
1372124;0
1372140;1
1372144;1
1372146;0
1372156;0
1372166;1
1372172;1
1372176;1
1372178;0
1372186;1
1372188;1
1372192;0
1372202;0
1372204;0
1372218;0
1372234;0
1372240;1
1372242;0
1372246;0
1372252;0
1372256;0
1372258;1
1372266;0
1372270;0
1372276;0
1372294;1
1372302;0
1372304;1
1372306;1
1372320;0
1372322;0
1372324;1
1372342;1
1372344;0
1372358;0
1372362;1
1372366;0
1372392;1
1372410;0
1372416;0
1372418;0
1372432;0
1372436;0
1372440;1
1372442;1
1372448;0
1372456;1
1372464;1
1372476;0
1372482;0
1372484;0
1372488;0
1372490;1
1372496;0
1372498;0
1372506;0
1372508;0
1372512;0
1372516;0
1372518;1
1372520;1
1372530;1
1372532;0
1372538;1
1372542;0
1372544;0
1372548;0
1372576;0
1372580;1
1372582;1
1372584;1
1372594;0
1372596;0
1372600;0
1372602;0
1372608;1
1372612;0
1372674;0
1372690;0
1372696;1
1372698;0
1372700;0
1372710;0
1372714;0
1372720;0
1372722;1
1372724;0
1372732;1
1372738;0
1372744;1
1372746;0
1372750;1
1372756;0
1372760;1
1372762;1
1372784;1
1372788;1
1372806;0
1372812;0
1372816;0
1372906;0
1372908;1
1372912;0
1372914;1
1372918;0
1372920;0
1372922;0
1372928;1
1372932;0
1372942;1
1373016;0
1373018;0
1373032;0
1373044;1
1373050;1
1373054;0
1373072;0
1373074;1
1373076;0
1373092;1
1373094;1
1373098;1
1373102;0
1373106;0
1373114;1
1373116;1
1373122;0
1373128;0
1373134;0
1373156;0
1373160;1
1373188;0
1373190;1
1373202;0
1373204;0
1373206;0
1373208;1
1373212;0
1373218;1
1373220;1
1373226;0
1373234;0
1373244;0
1373246;1
1373250;1
1373252;1
1373254;1
1373256;0
1373258;1
1373260;0
1373312;0
1373316;1
1373420;0
1373424;1
1373436;0
1373438;1
1373452;1
1373460;1
1373466;1
1373470;0
1373474;1
1373480;0
1373490;0
1373496;0
1373500;0
1373528;1
1373542;0
1373554;1
1373556;1
1373558;0
1373560;1
1373568;0
1373574;0
1373578;0
1373584;0
1373586;0
1373588;0
1373602;0
1373604;0
1373616;0
1373632;0
1373660;1
1373664;0
1373666;0
1373668;0
1373670;1
1373674;1
1373678;1
1373680;0
1373682;1
1373686;0
1373688;0
1373694;1
1373696;0
1373700;1
1373712;0
1373714;0
1373728;0
1373732;0
1373736;1
1373742;0
1373748;0
1373756;0
1373758;0
1373760;0
1373762;0
1373764;0
1373766;1
1373790;0
1373800;0
1373804;1
1373812;1
1373814;0
1373816;1
1373830;1
1373832;0
1373834;1
1373836;0
1373840;0
1373850;0
1373876;0
1373878;0
1373892;0
1373902;1
1373906;1
1373908;0
1373918;0
1373928;1
1373930;1
1373934;0
1373940;0
1373950;1
1373954;0
1373960;1
1373966;1
1373970;0
1373988;1
1374084;0
1374090;0
1374092;0
1374100;0
1374104;0
1374112;1
1374114;0
1374116;0
1374118;0
1374120;0
1374142;0
1374166;0
1374200;1
1374206;0
1374218;0
1374242;0
1374244;1
1374246;1
1374254;0
1374262;1
1374288;0
1374290;0
1374292;1
1374294;1
1374296;0
1374304;1
1374308;0
1374310;0
1374322;0
1374324;1
1374342;0
1374354;0
1374360;1
1374366;0
1374376;0
1374384;0
1374392;1
1374398;1
1374408;0
1374412;0
1374420;1
1374436;0
1374454;0
1374464;0
1374468;1
1374472;0
1374474;1
1374476;0
1374482;0
1374490;0
1374492;0
1374496;1
1374504;0
1374510;0
1374522;0
1374540;1
1374548;0
1374558;0
1374560;0
1374564;0
1374570;0
1374630;1
1374652;1
1374680;0
1374682;1
1374684;0
1374686;1
1374696;1
1374700;0
1374708;0
1374714;1
1374726;0
1374734;0
1374740;1
1374750;0
1374752;1
1374762;0
1374766;0
1374800;0
1374804;0
1374806;0
1374808;1
1374810;1
1374818;0
1374858;0
1374860;0
1374874;1
1374884;0
1374896;0
1374898;0
1374902;0
1374906;1
1374912;1
1374952;1
1374954;0
1374960;1
1375018;0
1375034;1
1375050;1
1375062;1
1375074;0
1375076;1
1375088;1
1375094;0
1375096;0
1375098;0
1375106;0
1375116;1
1375118;1
1375122;0
1375128;0
1375130;0
1375138;1
1375144;0
1375148;1
1375166;0
1375174;1
1375204;1
1375214;1
1375216;0
1375218;0
1375238;0
1375250;1
1375262;1
1375266;0
1375288;0
1375290;0
1375292;0
1375294;0
1375296;0
1375298;0
1375300;0
1375302;1
1375316;1
1375318;0
1375324;0
1375332;1
1375336;0
1375352;0
1375386;0
1375398;1
1375422;0
1375424;0
1375428;0
1375430;0
1375454;0
1375456;0
1375460;0
1375464;1
1375466;0
1375468;0
1375478;1
1375504;0
1375526;0
1375528;0
1375536;0
1375538;0
1375540;0
1375542;0
1375544;1
1375548;1
1375554;0
1375560;0
1375562;0
1375564;0
1375570;0
1375590;0
1375592;0
1375600;0
1375614;0
1375618;1
1375620;1
1375632;1
1375634;0
1375662;0
1375664;0
1375666;0
1375676;0
1375688;0
1375696;1
1375698;0
1375704;0
1375706;1
1375726;1
1375740;1
1375742;1
1375758;1
1375760;0
1375766;0
1375770;0
1375786;0
1375788;0
1375794;1
1375798;0
1375808;1
1375812;0
1375816;1
1375818;0
1375824;0
1375826;0
1375828;0
1375844;1
1375846;1
1375850;1
1375856;0
1375860;0
1375862;0
1375866;1
1375868;0
1375870;1
1375872;0
1375874;0
1375876;1
1375890;0
1375894;0
1375900;0
1375908;1
1375912;0
1375920;0
1375932;0
1375936;0
1375938;0
1375942;1
1375948;1
1375956;1
1375976;0
1375978;0
1375980;1
1375984;0
1375990;0
1375996;0
1375998;1
1376004;0
1376022;0
1376026;1
1376036;0
1376038;0
1376040;0
1376050;0
1376058;0
1376060;0
1376066;0
1376068;1
1376072;0
1376076;0
1376078;0
1376082;1
1376084;1
1376108;0
1376110;0
1376118;0
1376120;0
1376122;0
1376124;0
1376126;1
1376128;1
1376132;1
1376142;0
1376144;0
1376146;0
1376150;0
1376152;0
1376154;1
1376164;0
1376174;1
1376182;0
1376208;1
1376222;0
1376234;0
1376238;0
1376242;0
1376256;0
1376260;1
1376262;0
1376272;1
1376278;0
1376288;0
1376296;0
1376298;0
1376306;1
1376308;1
1376318;0
1376326;0
1376332;0
1376336;0
1376340;0
1376346;0
1376360;0
1376368;0
1376370;1
1376372;1
1376390;0
1376394;0
1376396;0
1376406;0
1376408;1
1376410;0
1376412;0
1376414;0
1376416;1
1376424;0
1376426;0
1376430;1
1376440;0
1376450;1
1376456;1
1376470;0
1376482;0
1376490;0
1376496;1
1376498;0
1376500;1
1376504;0
1376506;0
1376508;0
1376512;0
1376514;0
1376518;0
1376520;0
1376526;0
1376528;1
1376530;0
1376538;1
1376632;0
1376642;0
1376648;0
1376650;1
1376666;1
1376674;1
1376676;0
1376688;0
1376690;1
1376694;0
1376700;0
1376794;0
1377094;1
1377096;1
1377098;0
1377100;0
1377102;1
1377126;1
1377132;0
1377146;0
1377162;1
1377166;0
1377178;1
1377196;1
1377198;0
1377200;0
1377206;0
1377212;0
1377246;0
1377272;0
1377274;0
1377278;0
1377280;0
1377286;1
1377290;0
1377302;0
1377304;0
1377306;1
1377314;1
1377316;1
1377320;1
1377322;0
1377324;0
1377336;0
1377338;0
1377348;0
1377350;0
1377352;1
1377368;0
1377372;1
1377380;1
1377382;0
1377384;0
1377390;1
1377410;0
1377412;1
1377418;1
1377420;0
1377432;0
1377440;0
1377444;0
1377450;0
1377472;0
1377474;1
1377476;0
1377486;1
1377502;1
1377518;0
1377526;1
1377540;1
1377544;1
1377546;0
1377548;1
1377554;0
1377562;0
1377570;0
1377574;0
1377588;1
1377598;1
1377602;0
1377604;0
1377612;1
1377626;0
1377628;1
1377630;0
1377640;0
1377656;1
1377658;0
1377662;0
1377676;1
1377702;0
1377706;0
1377708;0
1377714;0
1377716;0
1377726;1
1377740;0
1377748;0
1377750;1
1377752;0
1377756;1
1377776;0
1377790;1
1377800;1
1377806;1
1377808;1
1377810;1
1377812;0
1377820;1
1377822;0
1377834;0
1377840;0
1377854;0
1377864;0
1377866;0
1377872;1
1377876;1
1377878;0
1377884;0
1377902;0
1377922;0
1377924;0
1377926;1
1377942;0
1377944;1
1377946;0
1377948;0
1377950;1
1377954;0
1377966;0
1377970;1
1377984;1
1378010;0
1378014;0
1378020;1
1378054;1
1378058;0
1378062;0
1378066;0
1378068;0
1378072;0
1378080;1
1378082;0
1378094;0
1378096;0
1378106;0
1378116;0
1378126;0
1378128;0
1378132;0
1378136;0
1378144;0
1378148;0
1378150;0
1378158;1
1378160;0
1378170;0
1378206;1
1378212;1
1378214;1
1378228;0
1378232;0
1378242;0
1378300;1
1378302;1
1378322;0
1378324;1
1378334;0
1378338;1
1378348;0
1378352;1
1378356;0
1378364;0
1378366;0
1378376;0
1378378;1
1378380;1
1378384;0
1378394;0
1378402;1
1378412;0
1378418;1
1378424;0
1378438;1
1378458;1
1378474;0
1378486;1
1378498;0
1378504;0
1378508;0
1378512;0
1378520;0
1378524;0
1378532;0
1378534;1
1378538;0
1378550;0
1378558;0
1378570;1
1378580;1
1378584;1
1378586;0
1378588;1
1378594;0
1378596;0
1378616;0
1378620;1
1378626;0
1378638;1
1378644;0
1378648;1
1378656;0
1378660;1
1378666;0
1378684;0
1378688;1
1378706;1
1378710;0
1378718;1
1378722;1
1378738;0
1378740;0
1378746;0
1378840;0
1378848;0
1378862;0
1378866;0
1378870;1
1378880;0
1378900;1
1378904;0
1378936;1
1378942;0
1378948;0
1378958;0
1378994;0
1379008;0
1379022;0
1379038;1
1379046;0
1379050;1
1379052;0
1379056;1
1379060;1
1379064;1
1379066;0
1379072;0
1379076;1
1379078;0
1379092;0
1379106;0
1379108;1
1379110;1
1379118;1
1379126;0
1379132;1
1379136;0
1379146;0
1379158;0
1379162;0
1379164;0
1379168;0
1379190;0
1379196;0
1379198;0
1379202;0
1379206;1
1379218;0
1379224;0
1379230;0
1379238;1
1379242;1
1379286;1
1379290;0
1379302;0
1379306;1
1379338;0
1379342;1
1379344;0
1379356;0
1379432;0
1379434;0
1379444;0
1379464;0
1379468;0
1379486;0
1379492;0
1379496;0
1379534;0
1379536;1
1379552;1
1379554;0
1379556;0
1379558;0
1379584;0
1379590;0
1379594;1
1379596;0
1379602;0
1379616;1
1379642;0
1379650;0
1379660;0
1379666;1
1379670;1
1379674;1
1379676;0
1379678;0
1379686;0
1379698;1
1379702;1
1379722;0
1379724;0
1379734;1
1379744;0
1379772;0
1379774;1
1379792;0
1379802;1
1379804;0
1379806;0
1379808;0
1379812;1
1379814;0
1379818;0
1379820;1
1379824;0
1379836;0
1379846;0
1379854;0
1379886;0
1379900;1
1379902;0
1379924;0
1379936;1
1379938;0
1379946;0
1379958;0
1379960;0
1379964;0
1379982;0
1379984;0
1379986;1
1379988;1
1379994;1
1380004;1
1380022;1
1380024;1
1380034;0
1380038;1
1380042;0
1380054;0
1380062;0
1380078;0
1380082;0
1380086;1
1380092;1
1380100;1
1380102;1
1380106;0
1380114;1
1380116;1
1380122;1
1380128;1
1380130;0
1380146;0
1380152;0
1380160;0
1380190;0
1380204;1
1380216;1
1380220;0
1380230;0
1380234;1
1380238;0
1380264;0
1380272;0
1380280;0
1380282;1
1380292;1
1380294;0
1380296;1
1380316;0
1380318;0
1380320;0
1380324;0
1380326;1
1380334;1
1380346;0
1380350;1
1380352;0
1380358;0
1380362;1
1380368;0
1380370;0
1380374;1
1380378;1
1380388;0
1380390;0
1380392;0
1380398;1
1380400;1
1380402;1
1380404;0
1380408;0
1380416;0
1380428;1
1380430;1
1380442;0
1380446;0
1380450;0
1380452;1
1380454;0
1380456;1
1380460;1
1380468;0
1380474;0
1380476;0
1380478;0
1380482;0
1380492;0
1380496;0
1380502;0
1380504;0
1380512;0
1380516;0
1380518;1
1380522;0
1380524;0
1380532;1
1380536;1
1380538;0
1380542;0
1380544;1
1380548;0
1380554;0
1380562;1
1380568;0
1380572;0
1380584;0
1380588;1
1380592;0
1380598;1
1380602;0
1380606;1
1380610;0
1380612;0
1380624;0
1380628;0
1380632;1
1380642;0
1380644;0
1380664;0
1380670;0
1380674;0
1380676;0
1380698;1
1380710;0
1380714;0
1380716;0
1380718;1
1380722;1
1380724;0
1380726;1
1380730;0
1380734;0
1380738;0
1380752;0
1380754;0
1380756;1
1380758;0
1380760;1
1380786;1
1380936;0
1380958;0
1380964;0
1380980;1
1380982;0
1380998;0
1381018;1
1381060;1
1381062;0
1381072;1
1381074;0
1381086;0
1381092;0
1381112;0
1381120;1
1381122;0
1381130;1
1381144;0
1381148;1
1381168;0
1381178;0
1381192;1
1381210;1
1381216;1
1381220;0
1381234;1
1381236;0
1381282;0
1381290;1
1381292;1
1381320;1
1381326;1
1381332;1
1381336;0
1381338;0
1381342;0
1381344;0
1381346;0
1381350;1
1381368;0
1381370;0
1381378;0
1381382;1
1381384;0
1381388;1
1381392;0
1381404;0
1381406;0
1381408;1
1381416;0
1381434;1
1381436;0
1381590;1
1381618;0
1381638;0
1381664;0
1381666;0
1381682;0
1381684;0
1381688;0
1381692;0
1381704;1
1381708;1
1381718;0
1381724;1
1381726;1
1381740;0
1381744;0
1381750;0
1381754;0
1381756;0
1381758;0
1381760;0
1381778;1
1381788;1
1381790;0
1381792;0
1381796;1
1381798;0
1381800;0
1381802;0
1381818;0
1381826;0
1381830;0
1381836;1
1381840;0
1381842;0
1381844;1
1381846;0
1381852;0
1381858;0
1381864;0
1381866;0
1381884;1
1381886;0
1381894;1
1381904;0
1381910;0
1381912;1
1381914;0
1381930;0
1381952;0
1381960;0
1381966;0
1381968;0
1381972;0
1381980;0
1381982;0
1381984;1
1381992;0
1381998;1
1382004;1
1382006;1
1382022;0
1382028;1
1382030;1
1382060;0
1382066;0
1382068;1
1382072;0
1382076;0
1382078;0
1382080;0
1382084;1
1382088;0
1382092;0
1382096;0
1382100;0
1382118;0
1382120;0
1382128;0
1382130;0
1382142;1
1382146;0
1382164;0
1382168;1
1382174;1
1382194;0
1382196;0
1382198;0
1382208;0
1382232;0
1382238;0
1382240;0
1382252;1
1382442;0
1382444;1
1382446;0
1382448;0
1382450;0
1382452;0
1382454;0
1382458;1
1382460;0
1382462;0
1382484;0
1382486;1
1382490;0
1382496;0
1382516;1
1382522;0
1382546;1
1382556;1
1382580;0
1382590;1
1382600;0
1382604;0
1382614;1
1382618;1
1382620;1
1382636;0
1382678;0
1382684;1
1382728;0
1382746;1
1382754;1
1382756;0
1382758;0
1382764;1
1382766;0
1382778;0
1382784;0
1382792;0
1382802;0
1382812;0
1382814;0
1382822;0
1382824;0
1382826;0
1382828;0
1382830;0
1382834;0
1382836;0
1382840;0
1382844;0
1382846;0
1382848;0
1382860;0
1382866;0
1382868;0
1382872;0
1382898;0
1382904;1
1382912;1
1382918;0
1382924;1
1382936;0
1382938;1
1382942;0
1382948;1
1382966;1
1382974;1
1382976;1
1382978;0
1382984;1
1382990;0
1382992;0
1382998;0
1383016;0
1383022;0
1383024;0
1383026;1
1383032;0
1383034;1
1383048;1
1383050;1
1383058;0
1383070;0
1383074;1
1383082;0
1383084;0
1383092;0
1383102;1
1383104;1
1383126;1
1383134;0
1383144;0
1383146;0
1383160;0
1383194;0
1383212;0
1383214;0
1383220;0
1383230;0
1383232;0
1383238;0
1383240;0
1383248;0
1383252;0
1383256;0
1383264;0
1383268;0
1383272;0
1383282;0
1383290;0
1383302;0
1383306;0
1383314;1
1383320;0
1383322;0
1383324;0
1383326;1
1383340;0
1383342;1
1383344;0
1383352;0
1383354;0
1383370;0
1383374;1
1383376;0
1383388;0
1383408;0
1383410;1
1383416;1
1383418;0
1383436;0
1383440;0
1383550;0
1383610;0
1383634;0
1383648;0
1383654;1
1383656;0
1383660;1
1383664;0
1383666;1
1383692;1
1383694;0
1383696;0
1383698;1
1383702;1
1383706;0
1383712;0
1383714;0
1383740;1
1383744;0
1383756;0
1383758;0
1383764;1
1383766;0
1383768;0
1383774;1
1383778;0
1383786;1
1383790;0
1383796;1
1383812;0
1383832;0
1383840;0
1383842;1
1383852;1
1383854;1
1383858;1
1383860;0
1383866;0
1383872;0
1383874;0
1383878;0
1383882;1
1383888;0
1383892;1
1383910;1
1383916;0
1383920;0
1383924;0
1383934;0
1383944;0
1383954;0
1383958;1
1383960;0
1383978;0
1383982;0
1383992;1
1384014;1
1384022;0
1384032;0
1384040;0
1384048;1
1384058;0
1384114;0
1384142;1
1384150;0
1384152;0
1384156;1
1384158;0
1384166;0
1384170;0
1384172;0
1384180;0
1384184;1
1384190;1
1384192;1
1384198;0
1384200;0
1384202;0
1384204;0
1384214;1
1384236;1
1384250;0
1384258;0
1384266;1
1384270;1
1384292;0
1384294;1
1384300;0
1384318;0
1384322;0
1384330;0
1384452;1
1384468;0
1384474;0
1384492;0
1384510;1
1384522;1
1384528;1
1384530;1
1384538;1
1384542;0
1384544;0
1384552;0
1384558;0
1384564;0
1384574;1
1384616;0
1384626;0
1384636;0
1384638;0
1384672;0
1384676;0
1384678;0
1384680;0
1384694;0
1384696;0
1384708;1
1384710;0
1384712;0
1384714;1
1384726;0
1384728;0
1384734;1
1384738;0
1384740;1
1384746;0
1384754;1
1384774;1
1384782;0
1384796;0
1384836;0
1384848;0
1384854;0
1384858;1
1384870;1
1384872;0
1384874;0
1384876;1
1384884;0
1384888;1
1384894;0
1384896;0
1384900;1
1384914;1
1384922;0
1384924;1
1384932;0
1384934;0
1384944;0
1384948;0
1384952;1
1384972;1
1384976;0
1384978;0
1384984;1
1384990;1
1385008;0
1385014;0
1385028;1
1385030;0
1385032;0
1385040;1
1385044;1
1385080;0
1385092;0
1385128;0
1385130;0
1385136;1
1385138;0
1385142;1
1385144;0
1385150;0
1385156;0
1385160;0
1385166;1
1385204;1
1385226;0
1385234;1
1385272;0
1385274;0
1385278;0
1385282;0
1385294;0
1385296;0
1385302;0
1385304;0
1385312;1
1385316;1
1385338;1
1385346;1
1385350;1
1385354;1
1385356;0
1385362;0
1385380;0
1385382;0
1385386;0
1385410;0
1385462;1
1385484;0
1385488;1
1385498;0
1385510;1
1385512;1
1385514;1
1385530;1
1385540;1
1385542;1
1385544;1
1385548;0
1385552;0
1385554;1
1385560;1
1385562;1
1385572;0
1385574;1
1385584;0
1385606;0
1385610;1
1385642;0
1385648;1
1385654;1
1385660;0
1385664;0
1385672;0
1385712;0
1385714;0
1385718;0
1385726;0
1385734;0
1385752;0
1385778;0
1385794;1
1385804;0
1385808;1
1385810;0
1385812;0
1385818;0
1385822;0
1385826;0
1385836;1
1385838;1
1385842;0
1385844;1
1385846;1
1385860;0
1385866;0
1385868;1
1385872;0
1385882;1
1385912;1
1385922;1
1385924;0
1385938;0
1385942;1
1385952;1
1385958;1
1385968;0
1385970;0
1385972;1
1385974;0
1385980;1
1385982;1
1385994;0
1386004;0
1386014;0
1386022;0
1386024;0
1386034;0
1386036;1
1386040;0
1386048;0
1386050;1
1386058;0
1386062;1
1386066;1
1386072;1
1386074;1
1386090;1
1386094;0
1386098;0
1386120;0
1386194;1
1386198;1
1386214;0
1386218;1
1386220;1
1386222;0
1386226;0
1386244;1
1386246;0
1386266;1
1386270;1
1386274;0
1386286;1
1386290;1
1386304;1
1386312;1
1386316;1
1386318;0
1386322;0
1386330;0
1386348;1
1386350;0
1386360;1
1386364;0
1386370;1
1386392;1
1386394;0
1386452;0
1386454;1
1386456;0
1386486;0
1386488;0
1386494;0
1386500;0
1386506;1
1386508;0
1386516;1
1386526;0
1386534;0
1386552;0
1386554;0
1386556;0
1386558;0
1386560;1
1386562;0
1386568;0
1386570;0
1386576;0
1386580;0
1386582;1
1386584;0
1386592;0
1386600;1
1386620;0
1386680;1
1386682;1
1386700;0
1386710;0
1386712;0
1386714;1
1386716;0
1386728;0
1386734;0
1386740;0
1386742;0
1386772;1
1386776;0
1386784;0
1386820;1
1386872;1
1386878;0
1386880;1
1386908;0
1386912;1
1386916;0
1386926;1
1386940;1
1386942;0
1386944;0
1386958;1
1386968;0
1386970;0
1386974;0
1386982;0
1386986;0
1387018;0
1387022;0
1387040;0
1387042;1
1387080;1
1387082;0
1387086;1
1387090;1
1387092;0
1387094;0
1387096;0
1387100;1
1387106;0
1387110;1
1387122;0
1387124;0
1387144;1
1387148;0
1387150;0
1387154;1
1387158;0
1387164;1
1387166;0
1387168;1
1387172;0
1387214;0
1387216;0
1387220;0
1387222;1
1387234;0
1387236;0
1387238;0
1387250;0
1387252;1
1387270;1
1387286;0
1387290;1
1387300;1
1387302;1
1387328;1
1387330;0
1387332;0
1387334;1
1387338;0
1387342;0
1387346;1
1387354;1
1387362;0
1387372;0
1387376;1
1387378;1
1387390;1
1387406;0
1387414;0
1387416;0
1387422;1
1387426;1
1387430;0
1387450;0
1387452;1
1387456;1
1387460;1
1387468;0
1387476;0
1387482;0
1387484;1
1387490;1
1387520;0
1387522;1
1387534;0
1387544;0
1387548;0
1387558;0
1387566;0
1387568;0
1387574;1
1387582;0
1387584;0
1387586;0
1387592;0
1387594;0
1387598;0
1387614;0
1387652;0
1387660;0
1387668;1
1387694;1
1387700;1
1387714;0
1387722;0
1387728;1
1387734;1
1387738;0
1387742;0
1387744;1
1387754;1
1387770;0
1387786;0
1387822;1
1387840;1
1387846;0
1387858;0
1387862;1
1387870;0
1387874;1
1387876;1
1387880;0
1387884;0
1387888;1
1387898;1
1387936;1
1387938;0
1387950;0
1387952;0
1387954;1
1388000;1
1388032;1
1388034;0
1388036;1
1388038;1
1388080;1
1388082;1
1388094;1
1388124;0
1388130;0
1388138;1
1388142;1
1388146;1
1388152;0
1388154;1
1388158;0
1388164;1
1388178;0
1388182;1
1388186;0
1388190;1
1388196;0
1388206;0
1388210;1
1388212;0
1388218;1
1388232;0
1388246;0
1388252;1
1388254;0
1388258;0
1388264;0
1388268;0
1388276;0
1388280;1
1388290;1
1388298;1
1388300;1
1388302;0
1388304;1
1388312;0
1388314;1
1388332;0
1388338;0
1388344;0
1388348;0
1388356;0
1388374;0
1388386;0
1388390;1
1388408;1
1388422;0
1388428;0
1388468;0
1388472;0
1388476;0
1388490;0
1388504;0
1388518;1
1388520;0
1388532;0
1388536;0
1388540;0
1388542;0
1388546;0
1388548;0
1388560;1
1388562;1
1388564;1
1388566;0
1388596;1
1388620;0
1388658;0
1388672;0
1388682;1
1388684;0
1388704;0
1388706;1
1388718;0
1388720;0
1388744;1
1388750;0
1388754;0
1388790;0
1388792;1
1388796;1
1388800;0
1388812;1
1388836;0
1388842;1
1388846;1
1388856;0
1388870;0
1388876;1
1388882;0
1388892;1
1388902;1
1388906;1
1388908;0
1388918;1
1388920;1
1388930;0
1388936;0
1388942;1
1388952;0
1388960;1
1388968;0
1388980;0
1389010;1
1389036;0
1389050;0
1389054;1
1389074;0
1389084;1
1389088;0
1389090;0
1389092;1
1389094;0
1389104;0
1389112;0
1389118;0
1389146;1
1389150;1
1389156;0
1389160;1
1389164;1
1389166;0
1389176;1
1389180;1
1389190;0
1389192;0
1389200;1
1389202;0
1389208;0
1389216;0
1389220;0
1389232;0
1389242;1
1389304;0
1389310;1
1389392;1
1389394;0
1389398;1
1389404;0
1389414;0
1389432;1
1389438;0
1389440;0
1389476;1
1389486;0
1389494;0
1389496;0
1389498;0
1389510;0
1389512;0
1389514;1
1389516;1
1389522;1
1389526;0
1389532;0
1389534;0
1389544;1
1389554;0
1389566;1
1389568;1
1389576;1
1389578;0
1389590;0
1389592;0
1389598;1
1389610;0
1389614;1
1389616;0
1389628;0
1389636;1
1389638;1
1389642;1
1389644;0
1389650;1
1389668;0
1389670;0
1389672;0
1389676;0
1389678;0
1389680;0
1389682;1
1389692;0
1389694;0
1389700;0
1389702;1
1389718;0
1389768;1
1389788;0
1389792;0
1389794;0
1389798;0
1389802;1
1389804;0
1389806;0
1389808;1
1389810;0
1389818;1
1389830;1
1389834;0
1389842;0
1389850;0
1389854;0
1389860;1
1389864;0
1389868;0
1389876;0
1389878;1
1389880;0
1389882;1
1389884;0
1389896;1
1389908;1
1389912;0
1389914;0
1389926;0
1389936;1
1389940;0
1389944;0
1389946;0
1389948;1
1389950;0
1389954;0
1389960;1
1389966;0
1389974;0
1389978;1
1389980;1
1389994;0
1389996;1
1389998;0
1390002;0
1390004;0
1390006;1
1390030;0
1390042;0
1390054;0
1390060;0
1390078;1
1390080;1
1390090;1
1390100;0
1390116;1
1390118;0
1390120;1
1390122;1
1390140;0
1390142;0
1390146;1
1390148;0
1390152;0
1390158;0
1390160;1
1390164;1
1390166;1
1390168;1
1390170;0
1390174;0
1390178;1
1390188;1
1390190;1
1390192;0
1390196;1
1390200;1
1390216;1
1390218;0
1390222;0
1390226;0
1390228;0
1390230;0
1390232;0
1390238;1
1390248;0
1390252;0
1390258;1
1390262;1
1390264;0
1390266;1
1390268;0
1390272;0
1390278;0
1390280;0
1390288;0
1390302;1
1390308;1
1390310;0
1390312;0
1390314;1
1390324;1
1390332;0
1390334;0
1390336;1
1390338;1
1390340;0
1390356;0
1390374;0
1390380;1
1390384;1
1390388;0
1390390;0
1390392;0
1390404;1
1390410;0
1390416;1
1390418;0
1390420;0
1390426;0
1390428;0
1390430;1
1390434;0
1390448;0
1390450;1
1390454;0
1390456;0
1390460;1
1390462;0
1390464;0
1390476;0
1390484;0
1390488;1
1390500;0
1390522;0
1390524;1
1390534;1
1390542;0
1390550;1
1390552;0
1390558;0
1390560;0
1390562;1
1390574;0
1390586;0
1390596;1
1390598;0
1390600;0
1390606;1
1390608;0
1390612;1
1390630;0
1390632;0
1390634;0
1390638;0
1390640;1
1390658;0
1390660;0
1390664;1
1390698;0
1390712;0
1390718;1
1390738;0
1390740;1
1390750;0
1390754;0
1390760;1
1390762;0
1390764;0
1390766;0
1390790;1
1390794;1
1390798;0
1390800;1
1390804;0
1390806;1
1390814;0
1390816;1
1390822;1
1390828;1
1390832;0
1390834;1
1390838;1
1390852;0
1390854;1
1390860;1
1390864;0
1391050;1
1391054;1
1391068;0
1391070;0
1391082;0
1391110;0
1391112;1
1391118;0
1391120;0
1391128;1
1391138;0
1391142;0
1391144;0
1391172;0
1391174;0
1391176;1
1391192;0
1391224;1
1391248;0
1391270;0
1391302;0
1391304;1
1391328;0
1391338;0
1391340;0
1391342;1
1391350;1
1391358;0
1391362;0
1391364;1
1391368;0
1391370;0
1391374;0
1391380;1
1391398;1
1391400;0
1391402;0
1391422;0
1391424;1
1391426;0
1391440;0
1391442;0
1391444;1
1391466;0
1391478;1
1391494;0
1391502;0
1391504;1
1391510;0
1391514;0
1391518;0
1391522;0
1391538;0
1391540;1
1391542;1
1391556;0
1391560;0
1391568;0
1391570;0
1391584;1
1391590;0
1391600;1
1391606;1
1391624;0
1391630;0
1391640;1
1391650;0
1391660;0
1391670;0
1391676;0
1391680;1
1391690;0
1391700;0
1391728;1
1391732;1
1391734;0
1391750;1
1391758;0
1391768;1
1391770;0
1391772;1
1391778;1
1391790;1
1391792;1
1391808;1
1391812;0
1391828;0
1391838;1
1391842;0
1391850;1
1391852;0
1391854;0
1391856;1
1391858;1
1391860;0
1391878;1
1391888;0
1391890;0
1391904;0
1391906;1
1391908;0
1391910;0
1391912;1
1391914;0
1391924;0
1391932;1
1391948;0
1391958;0
1391962;1
1391968;0
1391982;0
1391986;0
1391996;0
1392000;0
1392002;0
1392018;1
1392020;0
1392022;0
1392028;0
1392032;0
1392034;0
1392036;0
1392046;0
1392060;0
1392066;1
1392076;1
1392078;1
1392082;0
1392090;0
1392094;0
1392098;1
1392112;1
1392124;1
1392134;0
1392136;0
1392138;0
1392142;1
1392146;0
1392156;1
1392182;0
1392190;0
1392226;1
1392230;0
1392234;0
1392236;0
1392238;1
1392244;1
1392266;0
1392268;0
1392270;1
1392276;1
1392290;0
1392296;0
1392304;1
1392312;0
1392316;1
1392318;0
1392330;0
1392340;1
1392344;1
1392350;0
1392358;0
1392362;1
1392396;0
1392402;0
1392404;0
1392408;1
1392428;1
1392444;0
1392448;1
1392462;0
1392464;0
1392474;1
1392476;0
1392482;1
1392484;1
1392488;0
1392492;1
1392494;1
1392512;0
1392522;1
1392530;1
1392540;1
1392544;0
1392550;1
1392552;0
1392554;0
1392562;0
1392590;1
1392592;0
1392596;0
1392598;0
1392612;0
1392616;0
1392652;0
1392654;0
1392656;0
1392660;1
1392664;1
1392680;1
1392696;1
1392700;1
1392754;0
1392826;0
1392828;1
1392832;1
1392838;0
1392844;1
1392852;1
1392856;0
1392860;0
1392862;1
1392866;0
1392868;0
1392886;1
1392900;1
1392902;1
1392904;1
1392914;1
1392918;1
1392920;0
1392922;0
1392926;1
1392928;1
1392934;0
1392936;1
1392940;0
1392948;0
1392964;1
1392984;0
1392986;0
1392992;0
1392994;0
1392996;1
1392998;0
1393004;1
1393020;0
1393022;1
1393024;0
1393040;0
1393042;0
1393054;1
1393062;0
1393072;1
1393074;1
1393076;0
1393078;0
1393086;0
1393110;0
1393112;0
1393116;1
1393118;0
1393120;0
1393122;0
1393124;1
1393134;0
1393140;0
1393156;0
1393160;0
1393178;1
1393180;1
1393182;0
1393184;0
1393190;1
1393192;1
1393200;0
1393242;0
1393244;0
1393246;0
1393250;0
1393262;0
1393266;0
1393270;1
1393280;0
1393282;0
1393284;0
1393286;0
1393290;0
1393292;0
1393294;0
1393300;0
1393302;1
1393314;0
1393316;1
1393334;0
1393340;1
1393428;0
1393434;1
1393436;1
1393444;1
1393452;0
1393462;1
1393476;0
1393492;0
1393494;1
1393502;0
1393510;1
1393512;0
1393514;0
1393524;0
1393530;0
1393540;0
1393542;1
1393546;0
1393554;0
1393556;0
1393580;0
1393586;0
1393594;1
1393598;0
1393600;0
1393616;0
1393622;1
1393634;0
1393636;0
1393644;0
1393670;0
1393672;0
1393676;0
1393686;1
1393690;1
1393696;0
1393704;0
1393706;1
1393718;1
1393742;0
1393762;1
1393764;0
1393766;1
1393792;1
1393842;0
1393844;1
1393846;0
1393882;0
1393888;0
1393896;1
1393912;0
1393924;0
1393926;0
1393930;0
1393932;1
1393942;0
1393944;1
1393958;0
1393988;0
1394012;0
1394028;0
1394030;0
1394036;1
1394038;1
1394040;0
1394050;0
1394054;0
1394056;0
1394058;0
1394060;1
1394066;1
1394076;0
1394078;0
1394082;1
1394086;0
1394094;0
1394100;0
1394110;0
1394116;0
1394122;0
1394124;0
1394154;1
1394158;0
1394162;0
1394164;1
1394170;0
1394172;0
1394174;0
1394208;0
1394210;1
1394230;1
1394232;0
1394240;0
1394242;0
1394248;1
1394252;0
1394258;0
1394278;1
1394288;0
1394290;0
1394294;0
1394306;0
1394310;0
1394314;0
1394324;1
1394328;0
1394330;0
1394332;1
1394338;1
1394348;0
1394350;1
1394374;1
1394376;1
1394378;1
1394380;0
1394382;0
1394392;0
1394418;0
1394426;0
1394434;0
1394442;0
1394448;0
1394456;0
1394460;1
1394464;0
1394466;0
1394472;1
1394474;1
1394476;1
1394488;1
1394502;0
1394508;0
1394514;0
1394516;0
1394518;0
1394522;0
1394524;0
1394530;0
1394532;0
1394534;0
1394540;0
1394548;0
1394558;0
1394566;0
1394572;1
1394574;0
1394578;0
1394580;0
1394600;1
1394646;1
1394652;1
1394654;0
1394656;0
1394678;0
1394690;1
1394692;0
1394700;0
1394704;0
1394726;1
1394734;0
1394744;1
1394746;1
1394758;0
1394772;1
1394774;0
1394784;0
1394792;0
1394822;0
1394824;1
1394834;0
1394836;1
1394856;0
1394860;1
1394868;0
1394886;0
1394900;1
1394906;1
1394908;1
1394910;0
1394912;1
1394914;1
1394918;0
1394934;1
1394946;0
1394948;1
1394950;0
1394952;1
1394968;0
1394970;0
1394986;0
1395004;1
1395006;0
1395038;1
1395074;1
1395076;0
1395082;1
1395084;1
1395088;1
1395094;0
1395096;0
1395106;1
1395114;0
1395116;0
1395118;0
1395122;0
1395126;0
1395132;1
1395134;1
1395156;0
1395168;0
1395190;1
1395192;0
1395194;0
1395230;1
1395240;0
1395242;0
1395244;0
1395246;0
1395248;1
1395274;0
1395288;0
1395294;0
1395304;0
1395306;1
1395314;1
1395324;0
1395334;1
1395344;0
1395364;1
1395368;0
1395370;1
1395374;0
1395378;0
1395380;1
1395382;0
1395384;1
1395386;0
1395390;0
1395404;0
1395406;1
1395410;0
1395418;1
1395424;1
1395442;0
1395458;1
1395460;0
1395478;0
1395480;1
1395484;1
1395704;0
1395706;1
1395726;0
1395728;1
1395732;0
1395744;1
1395758;0
1395774;0
1395778;1
1395786;1
1395794;0
1395802;0
1395806;1
1395814;1
1395822;0
1395838;0
1395840;1
1395842;1
1395854;0
1395856;1
1395860;1
1395864;1
1395866;0
1395868;0
1395870;0
1395872;0
1395876;0
1395880;0
1395894;0
1395896;0
1395900;0
1395902;1
1395910;1
1395912;0
1395914;1
1395916;0
1395918;0
1395932;1
1395934;1
1395938;0
1395950;0
1395956;0
1395960;1
1395964;0
1395976;1
1395978;1
1395984;1
1395986;0
1395990;0
1395992;0
1395994;1
1395996;0
1396000;1
1396004;0
1396008;1
1396012;0
1396014;0
1396018;0
1396020;1
1396026;0
1396028;0
1396036;0
1396042;1
1396052;0
1396076;0
1396082;1
1396084;1
1396086;0
1396102;0
1396106;1
1396108;0
1396124;0
1396126;1
1396136;1
1396142;0
1396154;0
1396166;0
1396170;0
1396174;1
1396182;0
1396188;0
1396190;1
1396194;0
1396200;0
1396202;0
1396206;0
1396208;1
1396212;1
1396214;0
1396230;1
1396236;0
1396254;1
1396260;1
1396266;0
1396274;0
1396278;0
1396288;0
1396296;1
1396300;1
1396304;0
1396324;0
1396336;0
1396346;0
1396348;1
1396360;0
1396366;0
1396378;0
1396430;1
1396436;0
1396438;1
1396446;0
1396450;0
1396456;0
1396458;0
1396462;1
1396464;0
1396478;0
1396482;0
1396488;1
1396490;1
1396504;1
1396506;1
1396514;0
1396516;0
1396522;1
1396534;1
1396540;1
1396542;0
1396546;0
1396550;1
1396552;0
1396562;1
1396586;0
1396590;1
1396592;0
1396602;0
1396604;0
1396606;1
1396616;0
1396620;0
1396624;1
1396628;0
1396640;1
1396662;0
1396668;0
1396672;0
1396674;0
1396676;1
1396682;0
1396700;1
1396704;0
1396714;0
1396718;0
1396720;1
1396744;0
1396758;0
1396770;0
1396772;1
1396774;0
1396780;0
1396786;1
1396788;1
1396792;0
1396804;0
1396814;1
1396830;0
1396838;0
1396842;0
1396846;1
1396862;0
1396868;1
1396874;0
1396876;0
1396878;1
1396884;0
1396888;0
1396890;1
1396916;1
1396920;0
1396922;0
1396924;0
1396928;0
1396950;0
1396956;0
1396960;1
1396968;1
1396972;0
1396976;0
1396980;0
1396982;0
1396988;1
1396990;1
1396996;0
1396998;0
1397004;0
1397010;0
1397036;0
1397046;1
1397048;1
1397056;0
1397070;0
1397088;0
1397112;0
1397116;0
1397122;0
1397126;0
1397134;1
1397136;1
1397138;0
1397140;0
1397142;1
1397144;1
1397168;1
1397172;1
1397178;0
1397182;1
1397200;0
1397204;0
1397208;0
1397210;0
1397212;0
1397242;0
1397246;0
1397248;1
1397252;0
1397256;0
1397258;0
1397264;1
1397266;0
1397268;0
1397272;0
1397284;1
1397298;0
1397302;1
1397308;0
1397312;1
1397320;0
1397334;1
1397362;0
1397366;1
1397368;0
1397370;0
1397376;0
1397386;0
1397394;0
1397396;0
1397398;1
1397400;0
1397418;1
1397424;0
1397426;1
1397430;0
1397452;0
1397454;1
1397468;1
1397476;0
1397478;0
1397480;0
1397486;0
1397510;0
1397512;1
1397572;1
1397608;0
1397610;0
1397614;0
1397622;1
1397624;0
1397760;1
1397762;0
1397772;1
1397776;0
1397780;1
1397782;0
1397804;0
1397808;1
1397814;0
1397816;0
1397824;0
1397826;0
1397834;0
1397836;1
1397838;0
1397878;1
1397880;0
1397894;0
1397902;1
1397906;0
1397910;1
1397912;0
1397930;1
1397932;1
1397938;0
1397964;1
1397966;0
1397968;0
1397976;0
1397978;0
1397984;0
1398000;0
1398020;0
1398022;0
1398026;1
1398028;1
1398030;1
1398032;1
1398034;1
1398056;0
1398060;0
1398078;0
1398080;0
1398092;0
1398106;0
1398134;0
1398140;0
1398150;0
1398154;0
1398156;1
1398166;1
1398180;0
1398188;1
1398222;0
1398226;1
1398232;1
1398234;0
1398238;1
1398244;0
1398248;0
1398252;0
1398258;0
1398272;0
1398278;0
1398284;1
1398288;0
1398302;1
1398310;0
1398350;0
1398354;0
1398358;0
1398388;1
1398392;1
1398394;1
1398424;0
1398432;1
1398434;0
1398436;0
1398500;0
1398510;0
1398514;0
1398516;1
1398536;0
1398538;0
1398554;1
1398592;0
1398594;0
1398598;0
1398600;0
1398604;0
1398618;0
1398620;0
1398622;0
1398624;0
1398630;0
1398634;0
1398636;0
1398638;1
1398642;0
1398644;0
1398646;0
1398648;0
1398652;0
1398658;0
1398660;0
1398664;1
1398666;1
1398676;0
1398678;0
1398686;1
1398722;0
1398724;1
1398738;0
1398748;1
1398752;0
1398760;0
1398762;0
1398766;0
1398792;1
1398796;1
1398828;1
1398832;0
1398836;0
1398844;0
1398850;1
1398854;0
1398866;0
1398882;0
1398884;0
1398886;1
1398890;0
1398892;1
1398898;1
1398904;0
1398918;0
1398920;0
1398922;0
1398924;1
1398936;0
1398950;1
1398954;1
1398958;0
1398962;1
1398964;0
1398980;0
1398982;1
1398986;1
1398996;1
1399000;0
1399008;0
1399016;0
1399020;1
1399028;0
1399032;0
1399034;0
1399038;0
1399046;1
1399058;1
1399064;0
1399068;1
1399070;0
1399102;1
1399108;0
1399110;0
1399118;1
1399122;0
1399128;0
1399130;0
1399132;1
1399134;0
1399138;0
1399144;1
1399150;0
1399156;0
1399160;0
1399164;1
1399168;0
1399170;1
1399172;0
1399174;0
1399176;0
1399184;1
1399190;0
1399200;0
1399202;0
1399204;1
1399206;1
1399210;0
1399222;1
1399224;0
1399244;1
1399246;1
1399252;1
1399258;0
1399262;1
1399264;1
1399268;0
1399276;1
1399278;0
1399284;0
1399286;0
1399288;0
1399290;1
1399294;1
1399296;0
1399300;0
1399312;0
1399314;1
1399328;0
1399336;1
1399338;0
1399348;0
1399358;0
1399374;1
1399376;0
1399382;0
1399384;1
1399392;1
1399398;0
1399400;1
1399402;0
1399404;0
1399406;0
1399408;1
1399412;0
1399414;0
1399420;0
1399422;1
1399424;0
1399426;1
1399428;0
1399440;1
1399442;1
1399458;0
1399466;0
1399482;1
1399484;0
1399486;0
1399500;1
1399502;1
1399508;0
1399510;0
1399520;0
1399526;1
1399532;0
1399534;0
1399540;0
1399542;0
1399544;0
1399548;0
1399572;0
1399578;0
1399586;0
1399592;0
1399596;0
1399602;0
1399622;0
1399624;0
1399626;0
1399630;0
1399632;1
1399640;0
1399642;0
1399646;0
1399650;0
1399652;0
1399654;1
1399656;0
1399660;0
1399668;0
1399674;0
1399676;0
1399686;1
1399736;1
1399742;1
1399754;0
1399760;0
1399770;0
1399838;0
1399840;0
1399856;0
1399860;0
1399864;1
1399866;0
1399870;1
1399874;0
1399880;0
1399886;1
1399890;1
1399904;1
1399930;0
1399932;1
1399934;0
1399938;1
1400014;1
1400020;1
1400024;0
1400030;1
1400034;0
1400042;0
1400050;1
1400052;1
1400056;0
1400060;1
1400062;0
1400074;0
1400076;0
1400080;0
1400082;0
1400084;0
1400088;0
1400090;0
1400094;0
1400098;1
1400100;0
1400102;0
1400108;1
1400110;0
1400112;0
1400118;0
1400128;1
1400136;0
1400142;0
1400144;1
1400148;0
1400154;0
1400156;0
1400160;0
1400162;0
1400164;0
1400168;0
1400180;0
1400188;0
1400194;0
1400212;0
1400218;1
1400220;0
1400234;0
1400242;0
1400248;1
1400250;1
1400252;0
1400254;0
1400262;0
1400268;1
1400290;0
1400292;0
1400304;1
1400308;1
1400310;1
1400312;0
1400314;0
1400320;0
1400350;0
1400352;0
1400360;0
1400368;1
1400370;1
1400382;1
1400390;0
1400400;0
1400408;0
1400414;1
1400422;0
1400426;0
1400440;1
1400444;0
1400446;0
1400448;0
1400454;0
1400460;0
1400462;1
1400468;1
1400470;0
1400484;0
1400486;1
1400498;1
1400502;0
1400504;0
1400512;0
1400516;1
1400520;1
1400524;0
1400548;1
1400554;0
1400562;1
1400576;1
1400578;1
1400582;0
1400624;1
1400754;1
1400758;0
1400764;1
1400772;1
1400780;0
1400782;0
1400794;1
1400798;0
1400802;0
1400808;0
1400810;0
1400812;0
1400814;1
1400816;0
1400818;0
1400822;0
1400834;0
1400838;0
1400844;1
1400848;1
1400858;0
1400874;0
1400878;0
1400884;0
1400898;0
1400906;0
1400910;0
1400918;0
1400922;1
1400938;0
1400946;0
1400970;1
1400982;1
1400994;0
1400996;1
1401004;0
1401006;0
1401010;1
1401100;1
1401112;0
1401114;1
1401116;1
1401118;0
1401126;1
1401130;0
1401166;0
1401190;0
1401218;1
1401224;0
1401226;0
1401230;0
1401234;1
1401256;0
1401264;0
1401268;0
1401270;0
1401280;0
1401282;1
1401284;0
1401290;0
1401292;0
1401296;0
1401306;0
1401308;0
1401340;0
1401342;0
1401346;0
1401348;0
1401350;0
1401352;0
1401354;0
1401358;0
1401360;1
1401372;0
1401374;0
1401382;1
1401384;1
1401406;0
1401408;0
1401410;1
1401412;0
1401424;0
1401436;1
1401440;0
1401464;0
1401466;0
1401484;0
1401488;1
1401494;0
1401496;0
1401498;0
1401500;1
1401504;0
1401508;1
1401510;0
1401524;0
1401540;0
1401552;1
1401562;0
1401564;0
1401572;0
1401576;0
1401582;0
1401592;1
1401594;0
1401598;1
1401604;0
1401608;0
1401640;0
1401644;0
1401648;1
1401656;0
1401674;0
1401682;0
1401684;1
1401686;0
1401688;0
1401710;0
1401714;0
1401746;0
1401750;0
1401768;1
1401792;0
1401820;1
1401828;0
1401834;1
1401836;0
1401840;0
1401870;1
1401880;0
1401890;0
1401898;1
1401900;1
1401910;1
1401914;0
1401932;0
1401934;0
1401940;1
1401942;0
1401944;1
1401966;1
1401972;0
1401980;1
1401982;0
1401984;0
1401988;0
1401994;0
1401996;1
1402004;1
1402012;1
1402028;0
1402036;1
1402038;1
1402040;0
1402050;0
1402054;1
1402144;0
1402152;0
1402154;0
1402158;0
1402160;0
1402168;0
1402170;0
1402174;1
1402176;0
1402178;1
1402180;1
1402186;1
1402198;0
1402202;1
1402204;0
1402206;0
1402234;0
1402242;0
1402250;0
1402252;1
1402254;0
1402264;0
1402266;0
1402270;1
1402272;1
1402280;1
1402284;1
1402294;1
1402296;0
1402304;1
1402306;0
1402308;0
1402310;0
1402316;1
1402320;0
1402322;0
1402332;0
1402334;1
1402340;0
1402346;0
1402348;0
1402354;0
1402360;1
1402362;0
1402364;0
1402372;0
1402374;0
1402378;0
1402380;0
1402386;0
1402392;1
1402396;1
1402398;0
1402400;0
1402402;0
1402406;1
1402408;0
1402418;0
1402420;0
1402422;0
1402428;1
1402430;0
1402432;1
1402434;1
1402438;1
1402456;0
1402458;0
1402466;1
1402468;0
1402470;0
1402486;1
1402506;0
1402508;0
1402514;0
1402518;1
1402522;0
1402526;1
1402528;1
1402532;0
1402534;1
1402540;1
1402546;0
1402550;0
1402556;1
1402558;1
1402578;0
1402582;0
1402586;1
1402588;0
1402592;0
1402594;0
1402596;0
1402600;1
1402602;0
1402618;1
1402622;1
1402628;0
1402632;0
1402642;0
1402646;0
1402650;1
1402652;0
1402666;0
1402674;0
1402684;0
1402688;0
1402696;0
1402700;1
1402714;1
1402716;0
1402718;0
1402722;1
1402726;0
1402730;0
1402732;0
1402734;0
1402736;1
1402738;1
1402740;1
1402742;0
1402746;1
1402752;1
1402758;1
1402766;0
1402788;1
1402810;0
1402814;1
1402816;1
1402818;0
1402820;0
1402830;1
1402838;0
1402840;0
1402842;1
1402844;0
1402854;0
1402856;1
1402860;0
1402862;1
1402866;1
1402870;0
1402874;1
1402876;1
1402880;0
1402882;1
1402890;0
1402898;1
1402900;1
1402906;0
1402924;0
1402932;0
1402936;0
1402940;0
1402948;0
1402962;0
1402984;1
1402988;0
1402990;1
1402992;0
1403002;1
1403004;0
1403006;1
1403010;1
1403014;1
1403020;0
1403022;1
1403024;0
1403026;1
1403030;0
1403034;0
1403044;0
1403056;0
1403058;1
1403064;1
1403066;0
1403072;0
1403082;0
1403094;0
1403104;0
1403106;0
1403128;0
1403130;1
1403136;0
1403158;1
1403164;0
1403168;0
1403194;0
1403208;0
1403210;0
1403232;0
1403236;1
1403242;0
1403254;0
1403256;0
1403266;1
1403270;1
1403274;0
1403284;0
1403294;1
1403312;1
1403322;1
1403334;0
1403368;1
1403382;0
1403384;1
1403394;0
1403412;0
1403416;0
1403424;1
1403426;1
1403428;0
1403430;1
1403440;0
1403450;0
1403474;0
1403478;1
1403492;1
1403504;0
1403506;0
1403516;0
1403532;0
1403538;0
1403540;1
1403544;1
1403548;1
1403552;0
1403556;0
1403560;1
1403564;1
1403568;0
1403572;1
1403580;1
1403594;1
1403598;1
1403602;0
1403604;0
1403606;1
1403610;0
1403612;1
1403618;0
1403622;1
1403624;0
1403632;0
1403636;0
1403646;0
1403652;0
1403678;1
1403680;0
1403682;1
1403684;0
1403688;0
1403692;0
1403706;0
1403710;0
1403714;0
1403718;1
1403720;0
1403732;0
1403736;1
1403738;0
1403744;1
1403748;0
1403750;0
1403752;0
1403756;1
1403764;0
1403776;0
1403778;0
1403780;0
1403786;0
1403790;1
1403792;0
1403796;1
1403798;0
1403802;0
1403804;1
1403812;1
1403814;1
1403818;1
1403822;1
1403826;0
1403830;1
1403840;1
1403842;0
1403844;0
1403846;1
1403852;0
1403856;0
1403860;0
1403864;1
1403872;0
1403874;0
1403880;1
1403890;0
1403894;1
1403904;0
1403906;1
1403910;1
1403912;1
1403920;0
1403922;0
1403924;0
1403930;0
1403954;0
1403956;1
1403960;1
1403970;0
1403978;0
1403982;0
1403986;1
1403994;0
1404000;0
1404004;1
1404006;0
1404012;0
1404028;1
1404032;0
1404060;0
1404064;1
1404080;0
1404082;0
1404084;1
1404086;1
1404098;0
1404102;1
1404106;0
1404108;1
1404110;0
1404120;0
1404122;1
1404124;1
1404126;0
1404130;0
1404132;1
1404202;1
1404206;0
1404210;0
1404216;1
1404218;1
1404222;1
1404230;0
1404232;1
1404242;0
1404244;0
1404246;0
1404248;0
1404254;0
1404280;0
1404286;1
1404288;0
1404298;0
1404300;0
1404304;1
1404312;1
1404318;0
1404324;0
1404338;1
1404344;0
1404348;1
1404350;0
1404352;1
1404358;1
1404370;0
1404382;0
1404386;0
1404396;1
1404410;0
1404418;0
1404426;0
1404428;1
1404430;1
1404434;1
1404436;0
1404442;1
1404444;1
1404446;0
1404448;0
1404454;0
1404456;0
1404460;0
1404466;1
1404476;1
1404480;1
1404486;0
1404500;1
1404504;0
1404506;0
1404512;1
1404514;1
1404542;1
1404544;1
1404548;0
1404558;0
1404564;0
1404580;0
1404582;0
1404584;1
1404586;1
1404592;1
1404600;0
1404604;1
1404614;0
1404616;0
1404630;0
1404634;1
1404638;1
1404656;0
1404662;1
1404674;1
1404676;0
1404690;0
1404700;0
1404706;0
1404710;0
1404712;1
1404714;0
1404720;0
1404732;0
1404736;1
1404738;0
1404740;0
1404754;0
1404774;1
1404776;1
1404782;1
1404786;0
1404790;0
1404794;0
1404802;0
1404814;0
1404824;0
1404840;0
1404852;0
1404854;1
1404856;0
1404862;1
1404866;1
1404888;0
1404892;0
1404894;0
1404898;0
1404900;1
1404908;0
1404916;1
1404924;0
1404928;1
1404934;1
1404938;0
1404940;0
1404950;1
1404960;1
1404962;1
1404976;0
1404980;0
1404984;0
1404986;0
1405008;1
1405012;1
1405014;0
1405022;0
1405024;1
1405026;0
1405028;0
1405036;0
1405060;0
1405064;0
1405070;1
1405072;1
1405098;0
1405106;0
1405110;0
1405126;0
1405132;0
1405136;0
1405144;0
1405150;0
1405174;1
1405178;0
1405180;0
1405194;0
1405198;1
1405200;0
1405202;0
1405204;0
1405206;0
1405220;0
1405222;1
1405228;0
1405238;0
1405240;0
1405248;1
1405258;0
1405266;0
1405274;0
1405282;0
1405286;1
1405288;0
1405302;0
1405306;0
1405308;1
1405320;0
1405334;0
1405354;0
1405358;0
1405368;0
1405376;0
1405390;1
1405392;0
1405394;0
1405410;1
1405416;1
1405428;1
1405430;0
1405436;0
1405448;1
1405452;0
1405476;0
1405478;0
1405486;0
1405488;0
1405490;0
1405494;0
1405498;0
1405510;1
1405516;1
1405526;0
1405528;0
1405536;0
1405538;1
1405540;0
1405566;0
1405568;0
1405570;1
1405574;0
1405580;1
1405582;1
1405584;0
1405586;0
1405588;0
1405590;0
1405594;0
1405598;1
1405600;1
1405610;1
1405612;0
1405618;1
1405620;1
1405626;1
1405630;0
1405632;0
1405634;1
1405640;1
1405646;1
1405650;0
1405654;0
1405658;1
1405676;0
1405678;1
1405680;0
1405682;1
1405684;0
1405686;0
1405698;1
1405700;1
1405706;0
1405708;0
1405710;1
1405714;1
1405720;1
1405728;0
1405732;0
1405742;0
1405752;0
1405760;0
1405770;0
1405772;0
1405774;0
1405778;0
1405780;1
1405782;0
1405790;1
1405796;1
1405800;1
1405802;0
1405804;0
1405812;1
1405816;1
1405826;0
1405828;0
1405830;1
1405836;0
1405838;0
1405840;0
1405842;1
1405846;0
1405860;0
1405878;0
1405880;0
1405908;0
1405910;1
1405914;0
1405926;0
1405932;0
1405934;0
1405936;1
1405940;0
1405942;0
1405946;0
1405948;1
1405952;0
1405956;0
1405958;0
1405960;1
1405984;0
1405988;0
1405992;0
1405994;0
1405996;0
1406000;1
1406002;0
1406008;1
1406010;1
1406012;0
1406024;0
1406032;0
1406040;0
1406042;1
1406046;0
1406048;0
1406050;1
1406054;0
1406060;0
1406062;0
1406068;0
1406072;0
1406074;0
1406076;0
1406086;0
1406092;0
1406098;0
1406106;0
1406132;1
1406136;1
1406150;1
1406154;1
1406168;0
1406170;0
1406172;0
1406174;0
1406176;0
1406182;0
1406192;1
1406212;0
1406220;1
1406230;1
1406234;0
1406248;0
1406254;1
1406258;0
1406292;0
1406310;1
1406316;0
1406318;0
1406322;0
1406332;0
1406336;0
1406352;0
1406356;1
1406360;1
1406368;0
1406370;0
1406372;1
1406378;0
1406396;1
1406404;1
1406410;1
1406412;0
1406414;0
1406418;0
1406422;0
1406432;0
1406444;1
1406458;1
1406468;0
1406474;0
1406478;0
1406484;0
1406486;0
1406494;0
1406496;0
1406502;0
1406506;0
1406508;0
1406516;0
1406518;1
1406522;0
1406526;0
1406528;0
1406532;1
1406542;0
1406546;1
1406554;1
1406556;1
1406560;0
1406566;0
1406568;0
1406570;1
1406580;1
1406600;0
1406612;1
1406614;0
1406628;0
1406630;0
1406642;1
1406650;0
1406654;0
1406666;0
1406674;0
1406682;0
1406684;1
1406686;1
1406700;1
1406702;0
1406704;0
1406712;0
1406718;0
1406722;0
1406736;0
1406738;0
1406740;0
1406742;0
1406744;0
1406748;0
1406756;1
1406758;0
1406764;1
1406770;1
1406794;0
1406800;1
1406818;1
1406820;0
1406822;0
1406824;0
1406826;1
1406830;1
1406838;1
1406848;0
1406850;0
1406858;1
1406872;1
1406884;0
1406894;0
1406898;1
1406912;1
1406914;1
1406916;1
1406920;0
1406924;0
1406928;0
1406942;0
1406964;0
1406966;0
1406972;1
1406978;0
1406980;1
1406990;1
1407000;1
1407010;1
1407016;1
1407018;0
1407020;0
1407024;0
1407032;0
1407036;0
1407038;1
1407042;1
1407046;1
1407050;0
1407058;0
1407060;0
1407066;0
1407078;0
1407082;1
1407084;1
1407090;1
1407096;1
1407100;1
1407102;0
1407106;0
1407108;1
1407112;1
1407124;1
1407130;1
1407140;0
1407166;1
1407176;0
1407184;1
1407186;1
1407204;1
1407208;0
1407216;0
1407220;0
1407222;1
1407230;0
1407254;0
1407256;1
1407278;0
1407282;0
1407286;0
1407290;0
1407294;0
1407296;0
1407298;1
1407304;0
1407310;0
1407340;1
1407342;0
1407344;0
1407352;1
1407358;1
1407360;0
1407364;0
1407368;0
1407372;0
1407376;0
1407378;1
1407380;1
1407388;1
1407396;0
1407418;0
1407438;0
1407450;1
1407454;1
1407466;0
1407468;1
1407472;0
1407476;1
1407480;0
1407484;1
1407486;0
1407492;0
1407502;1
1407504;0
1407506;0
1407508;0
1407510;0
1407520;0
1407522;0
1407526;0
1407528;0
1407530;0
1407532;0
1407544;0
1407552;0
1407566;1
1407574;0
1407584;1
1407586;0
1407624;0
1407628;0
1407636;0
1407638;0
1407640;0
1407642;0
1407654;0
1407656;0
1407658;0
1407660;1
1407666;0
1407670;0
1407674;0
1407676;1
1407686;0
1407688;0
1407690;0
1407694;0
1407696;0
1407698;1
1407700;1
1407702;0
1407706;1
1407710;0
1407720;0
1407726;1
1407728;1
1407736;1
1407738;1
1407750;0
1407752;0
1407760;1
1407762;1
1407766;0
1407776;0
1407780;0
1407794;1
1407798;0
1407800;1
1407804;0
1407808;0
1407816;0
1407818;0
1407820;0
1407828;1
1407832;0
1407834;0
1407842;0
1407844;0
1407850;0
1407852;1
1407854;1
1407856;0
1407860;0
1407864;1
1407866;1
1407880;1
1407896;0
1407898;1
1407916;0
1407920;1
1407922;0
1407928;0
1407932;1
1407934;0
1407950;0
1407952;1
1407976;0
1407984;0
1407986;0
1407996;0
1408008;1
1408012;1
1408018;0
1408024;1
1408030;1
1408034;1
1408044;0
1408046;1
1408052;1
1408060;1
1408062;0
1408074;1
1408080;0
1408084;0
1408092;1
1408094;0
1408102;1
1408104;0
1408114;0
1408116;0
1408134;1
1408136;0
1408140;1
1408154;0
1408156;0
1408162;1
1408168;1
1408174;0
1408178;1
1408182;0
1408192;0
1408194;1
1408198;0
1408204;1
1408210;0
1408212;0
1408220;0
1408222;1
1408238;0
1408240;0
1408244;0
1408246;0
1408248;0
1408254;1
1408256;1
1408260;1
1408270;0
1408280;0
1408294;0
1408310;1
1408332;0
1408334;1
1408342;0
1408354;0
1408366;1
1408370;0
1408378;0
1408386;0
1408390;1
1408400;0
1408408;0
1408410;0
1408444;0
1408446;1
1408452;0
1408458;0
1408478;0
1408498;0
1408500;0
1408502;0
1408506;0
1408512;1
1408514;0
1408516;0
1408522;0
1408524;0
1408526;1
1408542;1
1408548;0
1408554;1
1408558;0
1408560;0
1408562;0
1408564;0
1408572;0
1408584;1
1408588;1
1408590;0
1408592;0
1408594;1
1408632;1
1408634;0
1408640;0
1408654;0
1408656;1
1408668;0
1408674;0
1408678;0
1408684;0
1408686;1
1408688;1
1408694;1
1408698;0
1408700;0
1408710;0
1408712;0
1408718;1
1408720;0
1408722;0
1408726;1
1408730;1
1408734;0
1408738;0
1408740;1
1408744;1
1408754;0
1408786;1
1408790;0
1408792;0
1408798;1
1408804;0
1408812;0
1408816;0
1408820;0
1408824;0
1408836;1
1408838;0
1408854;1
1408858;0
1408870;1
1408912;1
1408924;0
1408926;0
1408928;0
1408932;1
1408934;1
1408944;1
1408948;1
1408952;1
1408954;1
1408956;0
1408962;0
1408968;0
1408972;1
1408976;1
1408978;0
1408984;0
1408990;0
1408994;0
1408998;1
1409002;0
1409004;0
1409006;0
1409008;0
1409014;1
1409020;0
1409030;1
1409032;0
1409034;0
1409040;0
1409042;0
1409044;0
1409048;0
1409070;1
1409074;0
1409076;1
1409092;1
1409096;0
1409098;1
1409110;0
1409118;0
1409130;1
1409132;0
1409134;1
1409138;1
1409144;0
1409150;0
1409156;0
1409158;0
1409164;0
1409166;1
1409168;0
1409170;0
1409172;1
1409174;1
1409180;1
1409182;1
1409192;0
1409194;1
1409206;0
1409208;0
1409212;0
1409216;0
1409224;0
1409226;0
1409228;1
1409230;1
1409232;1
1409240;1
1409242;0
1409250;0
1409266;0
1409274;0
1409276;0
1409282;0
1409284;1
1409290;0
1409300;0
1409322;0
1409324;0
1409332;1
1409338;0
1409344;0
1409346;1
1409350;1
1409356;1
1409358;1
1409362;1
1409376;0
1409384;0
1409398;0
1409424;0
1409434;1
1409436;0
1409440;1
1409442;0
1409456;0
1409460;1
1409476;0
1409480;0
1409490;0
1409500;1
1409510;0
1409516;0
1409520;0
1409522;0
1409524;1
1409526;0
1409528;1
1409532;0
1409534;0
1409536;1
1409540;1
1409544;0
1409548;1
1409550;0
1409558;0
1409570;0
1409572;0
1409580;0
1409586;0
1409594;0
1409606;1
1409610;0
1409618;0
1409624;0
1409642;0
1409646;0
1409650;0
1409652;0
1409654;1
1409660;0
1409662;1
1409666;1
1409670;1
1409680;0
1409688;0
1409702;0
1409716;0
1409718;1
1409720;0
1409724;1
1409726;0
1409728;1
1409740;1
1409744;0
1409746;1
1409750;1
1409760;1
1409764;0
1409766;0
1409772;1
1409774;0
1409776;0
1409780;1
1409782;0
1409790;0
1409796;0
1409798;0
1409810;0
1409812;1
1409818;1
1409822;1
1409826;0
1409832;0
1409836;0
1409838;1
1409850;0
1409856;0
1409860;0
1409866;0
1409870;0
1409876;0
1409880;0
1409882;0
1409884;0
1409892;0
1409906;0
1409910;1
1409912;1
1409916;0
1409918;0
1409926;1
1409946;0
1409952;0
1409962;0
1409964;0
1409974;0
1409976;1
1410012;0
1410028;1
1410038;0
1410054;0
1410058;0
1410076;0
1410080;1
1410094;0
1410104;0
1410112;0
1410128;1
1410136;1
1410144;1
1410162;0
1410172;0
1410174;0
1410180;0
1410184;1
1410198;1
1410200;0
1410202;0
1410208;0
1410216;0
1410224;1
1410242;0
1410254;0
1410256;1
1410260;0
1410264;0
1410272;0
1410276;0
1410284;0
1410292;0
1410298;0
1410304;0
1410308;0
1410316;1
1410330;1
1410332;1
1410334;0
1410338;0
1410344;0
1410346;0
1410350;0
1410356;0
1410360;1
1410362;0
1410364;1
1410384;1
1410394;1
1410396;1
1410398;0
1410410;0
1410420;0
1410424;1
1410428;0
1410432;0
1410434;0
1410436;0
1410440;0
1410442;0
1410448;0
1410454;0
1410456;1
1410468;0
1410476;0
1410478;0
1410488;0
1410490;0
1410494;1
1410496;0
1410498;0
1410502;1
1410510;0
1410524;1
1410528;1
1410534;0
1410552;1
1410566;1
1410582;1
1410584;1
1410588;0
1410592;0
1410596;0
1410602;1
1410606;1
1410608;0
1410610;0
1410612;0
1410618;1
1410630;1
1410632;0
1410638;0
1410658;0
1410660;0
1410668;0
1410680;0
1410690;1
1410702;0
1410714;0
1410716;0
1410718;0
1410720;1
1410722;0
1410724;0
1410728;1
1410738;1
1410740;0
1410750;0
1410760;0
1410762;0
1410768;1
1410778;0
1410788;1
1410790;1
1410800;1
1410802;0
1410804;1
1410806;0
1410828;1
1410832;0
1410844;1
1410848;0
1410850;0
1410852;0
1410856;0
1410878;1
1410894;0
1410898;1
1410900;0
1410902;1
1410904;0
1410912;0
1410918;1
1410922;1
1410930;1
1410938;0
1410944;0
1410948;1
1410952;0
1410956;0
1410962;1
1410964;0
1410966;0
1410970;0
1410984;1
1410986;1
1410988;0
1410990;1
1410994;0
1410996;0
1411000;0
1411006;0
1411008;0
1411010;0
1411018;1
1411022;0
1411024;0
1411028;0
1411036;0
1411044;1
1411050;0
1411058;0
1411060;0
1411062;0
1411064;0
1411066;1
1411070;0
1411094;0
1411098;1
1411100;0
1411102;0
1411106;0
1411108;1
1411124;0
1411126;0
1411136;1
1411138;1
1411142;0
1411148;0
1411162;0
1411176;0
1411178;0
1411180;1
1411188;1
1411190;1
1411204;0
1411212;0
1411234;0
1411240;1
1411246;0
1411248;0
1411254;1
1411256;0
1411262;1
1411264;0
1411290;1
1411292;0
1411294;0
1411296;0
1411298;0
1411306;0
1411314;1
1411318;0
1411322;1
1411328;0
1411330;1
1411332;0
1411336;0
1411340;1
1411346;0
1411358;0
1411368;0
1411374;1
1411376;0
1411386;0
1411388;0
1411406;1
1411408;0
1411452;0
1411462;0
1411470;0
1411472;0
1411474;0
1411480;1
1411486;0
1411492;0
1411502;0
1411504;0
1411508;1
1411510;0
1411516;0
1411518;0
1411528;1
1411534;0
1411536;0
1411556;1
1411562;0
1411564;0
1411584;1
1411586;0
1411590;0
1411598;0
1411600;0
1411604;1
1411606;1
1411610;0
1411626;1
1411630;1
1411636;0
1411638;1
1411640;0
1411644;0
1411648;0
1411656;0
1411668;0
1411670;0
1411674;0
1411678;1
1411680;1
1411684;1
1411686;1
1411690;0
1411692;0
1411696;1
1411700;0
1411702;0
1411708;1
1411710;0
1411716;0
1411722;0
1411724;0
1411728;0
1411730;1
1411732;0
1411738;0
1411742;0
1411744;0
1411748;1
1411750;0
1411756;0
1411758;0
1411766;0
1411768;1
1411770;0
1411772;0
1411780;0
1411790;1
1411792;1
1411794;0
1411808;1
1411812;0
1411814;1
1411826;0
1411860;0
1411866;0
1411868;1
1411874;0
1411876;0
1411884;1
1411886;1
1411888;1
1411894;0
1411896;0
1411900;0
1411906;0
1411908;0
1411916;0
1411918;0
1411924;1
1411926;0
1411930;1
1411932;0
1411940;0
1411944;0
1411948;0
1411950;0
1411956;1
1411968;1
1411974;0
1411978;0
1411986;1
1411994;0
1411996;0
1411998;0
1412002;1
1412004;0
1412008;0
1412010;1
1412022;0
1412026;0
1412036;0
1412046;0
1412056;0
1412062;0
1412082;0
1412090;0
1412092;0
1412096;1
1412102;0
1412104;0
1412106;0
1412108;0
1412116;1
1412124;0
1412126;0
1412130;0
1412132;1
1412166;1
1412182;1
1412184;0
1412186;0
1412188;1
1412190;0
1412192;0
1412194;0
1412200;0
1412202;0
1412206;1
1412210;0
1412212;1
1412214;0
1412216;1
1412222;0
1412224;1
1412244;1
1412250;1
1412258;0
1412260;0
1412286;1
1412288;1
1412302;0
1412306;0
1412312;1
1412318;0
1412328;0
1412332;0
1412336;0
1412338;1
1412342;0
1412350;1
1412354;1
1412360;0
1412362;1
1412364;0
1412366;1
1412368;0
1412378;0
1412380;0
1412382;1
1412384;0
1412396;0
1412408;0
1412410;1
1412414;0
1412420;0
1412434;1
1412444;0
1412452;0
1412454;1
1412456;0
1412460;0
1412462;0
1412466;0
1412468;0
1412470;0
1412472;0
1412476;1
1412480;0
1412486;1
1412490;1
1412494;0
1412498;0
1412508;0
1412512;0
1412514;0
1412516;0
1412518;1
1412520;0
1412528;0
1412540;0
1412542;1
1412544;0
1412550;0
1412556;0
1412558;1
1412560;0
1412562;0
1412566;1
1412572;1
1412574;0
1412576;0
1412584;0
1412588;0
1412590;0
1412592;1
1412594;0
1412596;1
1412602;1
1412604;0
1412610;0
1412616;0
1412618;0
1412630;0
1412638;1
1412640;1
1412648;0
1412652;0
1412654;0
1412660;1
1412682;0
1412688;1
1412690;1
1412696;0
1412698;0
1412702;0
1412714;1
1412716;0
1412718;1
1412722;1
1412724;1
1412726;1
1412730;1
1412736;0
1412758;0
1412760;1
1412764;0
1412766;1
1412768;0
1412772;1
1412774;1
1412782;0
1412796;0
1412798;0
1412802;0
1412804;0
1412808;0
1412810;1
1412812;0
1412816;0
1412826;0
1412828;0
1412830;0
1412834;1
1412838;0
1412842;0
1412848;0
1412872;0
1412882;0
1412886;1
1412888;1
1412890;0
1412896;0
1412900;1
1412902;1
1412904;0
1412908;1
1412912;1
1412914;0
1412926;0
1412928;0
1412940;1
1412946;0
1412950;0
1412952;0
1412960;0
1412964;0
1412966;1
1412970;1
1412972;0
1412976;1
1412980;0
1412984;1
1412986;0
1412988;0
1412990;0
1412992;0
1413002;0
1413008;1
1413016;1
1413022;0
1413028;1
1413032;0
1413040;0
1413050;0
1413052;1
1413054;1
1413056;0
1413060;0
1413066;0
1413070;0
1413074;1
1413078;0
1413080;0
1413082;1
1413084;1
1413104;0
1413128;0
1413130;1
1413134;0
1413146;1
1413148;0
1413150;0
1413152;1
1413154;0
1413158;1
1413164;1
1413166;1
1413168;1
1413172;1
1413178;0
1413184;0
1413192;1
1413206;1
1413228;0
1413234;0
1413238;0
1413240;0
1413248;1
1413262;0
1413268;0
1413280;1
1413286;1
1413290;0
1413292;0
1413296;1
1413314;1
1413320;0
1413322;0
1413324;0
1413326;0
1413328;0
1413338;0
1413340;0
1413346;1
1413350;0
1413354;0
1413356;0
1413360;1
1413364;0
1413368;1
1413370;1
1413372;0
1413374;1
1413376;0
1413378;0
1413388;1
1413392;1
1413402;0
1413410;0
1413418;1
1413420;0
1413442;1
1413458;1
1413474;1
1413476;0
1413478;1
1413480;0
1413484;1
1413486;1
1413504;0
1413506;1
1413510;1
1413514;0
1413520;1
1413522;1
1413524;0
1413526;0
1413530;0
1413532;0
1413534;0
1413540;0
1413542;1
1413544;1
1413566;1
1413568;0
1413572;1
1413574;0
1413580;1
1413582;0
1413586;0
1413588;1
1413590;0
1413594;1
1413608;0
1413612;0
1413620;0
1413626;1
1413632;0
1413636;0
1413640;1
1413642;1
1413658;0
1413674;1
1413676;0
1413678;0
1413680;1
1413690;1
1413692;0
1413698;1
1413702;1
1413706;0
1413710;0
1413718;1
1413720;1
1413724;0
1413728;0
1413732;0
1413734;0
1413740;1
1413742;0
1413746;0
1413748;1
1413752;0
1413754;0
1413756;0
1413758;0
1413768;0
1413772;0
1413776;0
1413778;0
1413784;0
1413794;1
1413816;0
1413820;0
1413824;0
1413836;0
1413878;0
1413880;1
1413882;0
1413884;0
1413886;0
1413896;1
1413902;0
1413904;0
1413916;1
1413918;0
1413920;0
1413924;1
1413926;0
1413934;0
1413938;0
1413940;0
1413942;0
1413956;0
1413964;0
1413966;0
1413968;0
1413974;0
1413978;0
1413982;0
1413986;0
1413990;1
1413992;1
1413998;1
1414006;0
1414010;1
1414012;1
1414024;0
1414028;0
1414038;0
1414060;1
1414064;0
1414078;1
1414082;0
1414088;1
1414090;0
1414100;0
1414110;0
1414120;1
1414124;0
1414128;0
1414134;1
1414136;0
1414148;1
1414152;0
1414186;1
1414188;0
1414190;1
1414194;1
1414198;0
1414200;0
1414206;1
1414208;0
1414212;0
1414218;0
1414222;0
1414224;1
1414240;0
1414242;1
1414252;0
1414254;0
1414262;1
1414276;0
1414280;0
1414286;0
1414288;0
1414290;0
1414306;0
1414312;0
1414320;1
1414324;1
1414330;0
1414384;0
1414410;1
1414414;0
1414420;0
1414422;1
1414428;0
1414448;1
1414462;0
1414464;0
1414472;1
1414486;0
1414512;0
1414518;0
1414530;1
1414534;0
1414536;0
1414540;1
1414548;0
1414550;0
1414552;1
1414556;1
1414558;1
1414564;0
1414566;0
1414572;0
1414576;0
1414578;1
1414602;0
1414604;1
1414620;1
1414636;1
1414640;0
1414644;0
1414654;0
1414656;0
1414662;1
1414664;0
1414676;0
1414680;0
1414682;1
1414684;0
1414686;0
1414688;1
1414694;0
1414696;1
1414698;1
1414700;1
1414702;1
1414708;0
1414712;0
1414716;1
1414718;0
1414722;1
1414724;0
1414732;0
1414736;0
1414740;0
1414742;1
1414744;0
1414750;0
1414756;0
1414758;1
1414762;1
1414772;1
1414784;0
1414786;0
1414790;0
1414792;1
1414796;0
1414804;1
1414826;0
1414828;1
1414830;0
1414834;0
1414836;1
1414842;1
1414844;1
1414846;1
1414854;1
1414856;0
1414862;1
1414864;0
1414874;1
1414876;0
1414892;0
1414896;1
1414904;0
1414910;0
1414916;0
1414920;1
1414938;0
1414942;0
1414944;1
1414954;0
1414962;0
1414982;0
1414994;1
1414998;0
1415002;1
1415010;0
1415012;1
1415018;1
1415022;1
1415024;0
1415032;0
1415042;1
1415046;1
1415048;0
1415052;0
1415078;1
1415080;0
1415084;0
1415088;1
1415090;1
1415114;0
1415156;0
1415158;0
1415160;1
1415162;1
1415164;1
1415166;0
1415172;0
1415178;0
1415186;0
1415190;1
1415194;1
1415196;0
1415198;0
1415206;0
1415208;0
1415216;1
1415218;0
1415222;0
1415226;0
1415228;0
1415236;1
1415240;0
1415260;0
1415274;0
1415278;1
1415282;1
1415290;0
1415298;0
1415310;1
1415312;1
1415314;0
1415316;0
1415322;0
1415326;1
1415330;0
1415334;0
1415336;0
1415344;1
1415350;0
1415358;1
1415360;1
1415362;1
1415374;1
1415376;0
1415390;1
1415392;0
1415396;0
1415400;0
1415402;0
1415414;1
1415418;1
1415420;0
1415422;1
1415424;0
1415430;0
1415432;0
1415434;0
1415440;0
1415442;0
1415450;0
1415452;1
1415468;1
1415476;1
1415490;1
1415492;1
1415494;0
1415496;0
1415498;0
1415500;0
1415502;0
1415508;0
1415510;0
1415512;0
1415514;0
1415516;1
1415528;1
1415534;0
1415538;1
1415542;1
1415546;0
1415556;0
1415558;0
1415572;1
1415576;0
1415578;1
1415580;1
1415592;0
1415594;1
1415596;0
1415600;0
1415602;1
1415604;1
1415612;1
1415614;1
1415618;1
1415620;1
1415626;0
1415630;1
1415632;1
1415654;1
1415658;0
1415660;0
1415680;0
1415684;0
1415686;0
1415688;0
1415694;0
1415696;1
1415708;0
1415716;1
1415720;0
1415722;0
1415724;0
1415730;1
1415738;0
1415740;0
1415750;1
1415766;0
1415768;1
1415774;0
1415778;0
1415780;1
1415790;0
1415792;0
1415800;1
1415804;0
1415816;1
1415820;0
1415824;0
1415828;0
1415830;0
1415840;0
1415844;0
1415846;1
1415860;1
1415868;0
1415870;0
1415878;0
1415880;0
1415888;0
1415890;0
1415892;0
1415896;1
1415900;1
1415910;0
1415912;0
1415914;0
1415918;1
1415924;1
1415928;1
1415932;1
1415934;1
1415940;1
1415942;1
1415948;0
1415950;0
1415952;0
1415954;0
1415958;1
1415962;1
1415970;0
1415974;0
1415986;0
1415990;0
1415992;0
1415996;0
1415998;0
1416004;1
1416018;0
1416020;0
1416022;0
1416024;1
1416026;1
1416034;0
1416042;1
1416050;0
1416052;0
1416068;0
1416078;0
1416094;1
1416104;0
1416110;0
1416114;0
1416118;0
1416122;1
1416130;0
1416132;0
1416138;0
1416140;1
1416144;0
1416146;0
1416148;1
1416152;1
1416162;1
1416164;1
1416166;1
1416172;1
1416174;0
1416184;0
1416194;0
1416198;0
1416202;0
1416204;1
1416218;0
1416222;1
1416230;0
1416240;0
1416244;0
1416250;0
1416256;0
1416258;1
1416260;0
1416264;0
1416270;1
1416280;0
1416292;0
1416294;1
1416300;0
1416302;1
1416304;0
1416322;0
1416324;1
1416328;0
1416338;0
1416340;0
1416342;0
1416344;0
1416354;0
1416372;0
1416380;1
1416386;0
1416388;1
1416398;0
1416406;0
1416410;0
1416422;0
1416426;0
1416428;1
1416436;0
1416440;0
1416442;0
1416444;1
1416456;1
1416460;0
1416462;1
1416466;1
1416472;0
1416474;0
1416494;0
1416510;0
1416512;1
1416514;1
1416516;1
1416520;0
1416522;1
1416526;0
1416530;0
1416548;1
1416556;0
1416564;1
1416566;0
1416572;0
1416576;0
1416580;0
1416586;0
1416590;1
1416600;1
1416602;0
1416608;0
1416638;0
1416640;1
1416646;0
1416648;0
1416652;0
1416654;1
1416658;0
1416660;0
1416668;0
1416678;1
1416680;0
1416682;0
1416684;0
1416688;0
1416690;0
1416702;1
1416738;0
1416750;1
1416752;0
1416758;0
1416762;1
1416766;0
1416768;1
1416770;1
1416774;1
1416776;1
1416778;0
1416788;0
1416790;1
1416794;1
1416798;0
1416800;0
1416816;0
1416838;1
1416840;0
1416846;0
1416858;1
1416860;0
1416862;0
1416864;0
1416866;0
1416868;0
1416872;1
1416878;1
1416892;0
1416902;0
1416904;0
1416916;0
1416922;0
1416924;0
1416926;1
1416928;1
1416932;0
1416936;0
1416942;0
1416948;0
1416950;0
1416958;0
1416960;1
1416966;1
1416970;0
1416980;0
1416982;0
1416994;0
1416996;0
1417004;0
1417012;0
1417014;0
1417016;0
1417020;0
1417022;0
1417024;0
1417026;1
1417028;0
1417030;0
1417038;1
1417040;1
1417044;1
1417046;1
1417050;0
1417056;1
1417062;1
1417066;0
1417072;0
1417076;0
1417078;0
1417082;0
1417084;0
1417086;1
1417088;1
1417092;0
1417098;0
1417110;1
1417128;0
1417130;1
1417132;0
1417134;1
1417136;0
1417140;1
1417142;0
1417146;0
1417154;0
1417174;0
1417184;1
1417186;0
1417188;0
1417196;0
1417200;0
1417210;1
1417218;0
1417220;1
1417222;1
1417228;1
1417236;0
1417244;1
1417246;0
1417248;0
1417262;1
1417272;1
1417280;0
1417282;0
1417286;0
1417288;0
1417292;1
1417294;0
1417312;0
1417316;1
1417318;0
1417320;1
1417330;0
1417332;0
1417334;1
1417346;1
1417348;0
1417352;0
1417356;1
1417362;1
1417364;0
1417374;0
1417376;0
1417378;0
1417382;1
1417402;0
1417410;0
1417416;1
1417440;0
1417444;0
1417456;0
1417460;1
1417466;0
1417470;1
1417478;0
1417480;0
1417484;1
1417488;1
1417500;0
1417504;0
1417506;0
1417512;0
1417514;0
1417518;1
1417522;1
1417530;0
1417532;0
1417534;1
1417538;1
1417558;0
1417562;0
1417566;0
1417568;0
1417574;0
1417578;0
1417584;0
1417590;0
1417600;1
1417606;0
1417608;0
1417612;0
1417614;0
1417620;0
1417626;1
1417628;1
1417636;0
1417638;1
1417650;1
1417656;0
1417658;0
1417664;1
1417666;0
1417668;1
1417674;0
1417682;0
1417684;0
1417686;1
1417690;1
1417694;0
1417698;0
1417712;1
1417716;0
1417722;0
1417730;0
1417734;0
1417738;0
1417742;1
1417744;0
1417750;0
1417762;0
1417764;1
1417768;1
1417776;1
1417778;1
1417780;0
1417782;1
1417788;0
1417850;1
1417854;0
1417860;0
1417868;0
1417874;0
1417888;1
1417900;1
1417910;0
1417912;0
1417916;0
1417926;0
1417928;1
1417936;1
1417950;0
1417954;0
1417964;1
1417986;0
1417988;0
1417990;0
1417994;1
1417996;1
1417998;1
1418006;0
1418008;0
1418010;0
1418012;1
1418014;1
1418016;0
1418018;0
1418020;0
1418028;1
1418034;0
1418036;1
1418040;0
1418044;0
1418046;0
1418048;0
1418062;0
1418066;0
1418070;1
1418072;0
1418086;0
1418094;1
1418116;0
1418118;0
1418130;0
1418132;0
1418136;0
1418138;0
1418142;1
1418168;0
1418174;0
1418186;1
1418192;0
1418196;1
1418198;0
1418206;0
1418218;0
1418236;1
1418246;0
1418250;0
1418254;1
1418258;0
1418266;0
1418268;0
1418270;0
1418274;0
1418286;0
1418288;0
1418290;0
1418292;0
1418300;1
1418306;0
1418308;0
1418320;1
1418326;0
1418328;1
1418334;1
1418342;1
1418344;0
1418350;1
1418356;1
1418360;0
1418362;1
1418364;1
1418366;0
1418370;0
1418372;0
1418374;1
1418380;0
1418384;0
1418410;1
1418414;0
1418420;1
1418424;1
1418434;1
1418444;0
1418446;1
1418448;0
1418462;0
1418464;0
1418472;0
1418474;1
1418478;0
1418484;0
1418488;0
1418492;1
1418500;1
1418512;0
1418516;0
1418530;1
1418532;0
1418540;1
1418542;1
1418548;1
1418550;1
1418570;0
1418572;0
1418576;1
1418578;0
1418586;1
1418588;1
1418590;0
1418598;1
1418606;0
1418608;1
1418610;0
1418620;0
1418626;0
1418632;1
1418638;1
1418642;1
1418644;0
1418652;0
1418654;1
1418680;0
1418696;0
1418700;0
1418702;0
1418704;1
1418706;1
1418712;1
1418726;0
1418728;1
1418734;1
1418736;0
1418738;0
1418740;0
1418744;1
1418748;0
1418758;0
1418760;1
1418770;1
1418772;0
1418776;1
1418786;0
1418790;0
1418794;0
1418818;0
1418820;1
1418824;1
1418832;0
1418840;1
1418842;0
1418844;0
1418850;1
1418854;1
1418856;0
1418868;1
1418870;1
1418874;0
1418876;1
1418882;1
1418884;1
1418890;0
1418900;0
1418902;0
1418906;1
1418908;0
1418912;0
1418924;1
1418932;0
1418934;0
1418936;1
1418940;1
1418954;0
1418958;0
1418960;1
1418964;1
1418968;0
1418970;0
1418972;0
1418976;0
1418988;0
1418990;1
1419002;0
1419004;0
1419008;0
1419020;1
1419022;0
1419032;1
1419040;0
1419044;1
1419048;0
1419060;0
1419062;0
1419070;0
1419074;0
1419076;1
1419078;0
1419084;1
1419086;0
1419088;0
1419094;0
1419096;0
1419104;0
1419106;0
1419110;0
1419112;0
1419118;0
1419120;1
1419128;1
1419132;0
1419136;0
1419138;0
1419140;1
1419148;1
1419158;1
1419164;0
1419182;1
1419184;0
1419194;0
1419204;1
1419206;0
1419210;1
1419220;1
1419222;1
1419226;1
1419240;0
1419248;1
1419262;0
1419264;0
1419274;1
1419278;0
1419292;0
1419296;0
1419304;0
1419314;1
1419320;0
1419322;1
1419328;0
1419334;0
1419336;1
1419348;0
1419360;1
1419362;0
1419364;1
1419366;0
1419372;0
1419374;0
1419376;1
1419380;0
1419384;0
1419390;0
1419396;0
1419398;1
1419422;0
1419426;1
1419428;0
1419436;0
1419440;0
1419442;0
1419448;0
1419462;0
1419472;1
1419474;0
1419478;1
1419482;0
1419492;0
1419498;0
1419500;0
1419514;0
1419518;0
1419528;1
1419542;0
1419574;0
1419576;0
1419592;0
1419600;0
1419602;0
1419604;0
1419612;1
1419618;0
1419620;0
1419622;0
1419626;1
1419628;0
1419636;0
1419638;0
1419650;0
1419652;0
1419654;1
1419656;0
1419670;1
1419672;0
1419674;0
1419676;1
1419680;1
1419682;1
1419686;0
1419690;1
1419706;0
1419708;0
1419712;1
1419714;0
1419726;1
1419728;0
1419748;0
1419756;1
1419762;0
1419764;0
1419772;1
1419778;1
1419780;0
1419784;0
1419786;1
1419794;0
1419796;1
1419814;0
1419816;1
1419822;0
1419828;0
1419832;0
1419834;0
1419846;0
1419848;0
1419852;0
1419858;0
1419862;1
1419864;0
1419866;0
1419870;1
1419872;0
1419876;1
1419878;0
1419880;0
1419882;0
1419888;0
1419890;0
1419900;0
1419904;0
1419926;0
1419930;1
1419940;1
1419944;0
1419962;0
1419964;0
1419972;0
1419974;0
1419976;0
1419984;1
1419992;0
1419998;1
1420004;0
1420020;1
1420026;0
1420032;0
1420034;0
1420048;0
1420050;0
1420060;0
1420062;0
1420064;0
1420070;0
1420074;1
1420084;0
1420100;0
1420102;0
1420104;1
1420112;0
1420120;1
1420130;1
1420138;1
1420142;0
1420144;1
1420146;0
1420148;0
1420150;1
1420154;1
1420162;0
1420166;0
1420168;1
1420170;0
1420176;0
1420184;0
1420186;0
1420194;1
1420196;1
1420198;0
1420206;0
1420216;1
1420232;1
1420236;0
1420254;0
1420256;0
1420260;0
1420266;1
1420270;0
1420276;0
1420280;1
1420282;0
1420288;1
1420292;1
1420294;1
1420298;0
1420302;1
1420308;0
1420324;0
1420326;1
1420330;0
1420334;0
1420336;0
1420338;1
1420342;0
1420344;0
1420348;1
1420350;0
1420356;1
1420366;1
1420370;0
1420376;1
1420378;1
1420388;0
1420394;0
1420400;0
1420402;0
1420406;0
1420408;1
1420422;1
1420426;0
1420430;0
1420432;0
1420442;0
1420448;1
1420466;1
1420468;0
1420470;0
1420472;1
1420478;0
1420480;0
1420500;1
1420502;0
1420510;0
1420518;0
1420524;0
1420552;0
1420594;0
1420610;0
1420616;1
1420618;1
1420620;0
1420632;1
1420638;0
1420644;0
1420652;1
1420660;0
1420662;0
1420666;0
1420674;1
1420676;0
1420686;1
1420690;1
1420692;0
1420696;0
1420698;0
1420700;1
1420702;0
1420710;0
1420734;1
1420740;0
1420744;0
1420760;0
1420766;1
1420768;1
1420774;1
1420782;0
1420788;1
1420792;0
1420800;0
1420802;1
1420812;0
1420822;1
1420830;0
1420836;1
1420842;1
1420846;0
1420848;1
1420850;1
1420856;0
1420862;1
1420866;1
1420870;0
1420878;0
1420896;0
1420900;0
1420908;0
1420910;1
1420922;0
1420930;1
1420936;0
1420946;0
1420950;1
1420956;0
1420958;0
1420974;1
1420978;1
1420996;0
1421000;0
1421002;0
1421006;1
1421012;0
1421016;0
1421024;0
1421026;0
1421036;1
1421038;1
1421040;0
1421042;0
1421044;1
1421054;0
1421062;0
1421068;1
1421072;1
1421076;0
1421082;0
1421084;1
1421086;1
1421096;0
1421116;0
1421120;0
1421132;0
1421134;1
1421136;0
1421160;0
1421166;1
1421170;0
1421174;0
1421180;0
1421190;0
1421196;0
1421198;0
1421200;1
1421202;1
1421204;0
1421208;0
1421210;0
1421212;0
1421242;1
1421244;0
1421248;0
1421250;1
1421256;1
1421258;1
1421260;1
1421262;1
1421266;0
1421292;1
1421298;1
1421306;1
1421308;0
1421320;1
1421322;1
1421324;1
1421330;1
1421364;0
1421388;0
1421400;1
1421406;1
1421414;0
1421418;0
1421420;0
1421426;0
1421430;0
1421440;0
1421442;1
1421454;0
1421460;1
1421464;0
1421474;0
1421476;0
1421480;0
1421482;0
1421484;0
1421486;1
1421490;0
1421496;0
1421500;0
1421502;1
1421504;0
1421510;0
1421518;0
1421522;0
1421538;0
1421540;1
1421544;0
1421546;0
1421552;0
1421572;1
1421574;0
1421582;0
1421584;0
1421592;0
1421596;0
1421604;1
1421610;0
1421614;0
1421622;0
1421624;0
1421628;1
1421632;1
1421636;0
1421642;1
1421648;0
1421650;1
1421654;1
1421658;1
1421676;0
1421682;0
1421684;0
1421698;0
1421700;0
1421706;0
1421708;0
1421716;1
1421726;1
1421728;1
1421736;0
1421738;0
1421740;0
1421742;0
1421746;0
1421748;1
1421752;1
1421754;1
1421756;0
1421770;1
1421772;0
1421776;0
1421778;0
1421788;1
1421790;0
1421796;1
1421798;0
1421800;0
1421802;0
1421804;1
1421806;1
1421812;1
1421814;0
1421816;1
1421832;0
1421838;0
1421844;1
1421848;0
1421850;1
1421852;0
1421858;0
1421862;1
1421866;0
1421868;0
1421874;1
1421876;1
1421880;1
1421884;1
1421888;1
1421892;1
1421894;1
1421898;1
1421900;0
1421902;1
1421904;0
1421906;0
1421914;0
1421916;1
1421924;0
1421934;1
1421940;1
1421942;0
1421946;1
1421952;1
1421962;0
1421968;0
1421974;1
1421978;0
1421980;0
1421990;0
1421998;0
1422000;0
1422012;0
1422016;0
1422032;0
1422048;0
1422054;1
1422056;0
1422058;1
1422060;0
1422062;0
1422064;0
1422070;0
1422092;0
1422096;1
1422098;0
1422104;0
1422108;1
1422110;0
1422114;1
1422116;1
1422118;0
1422122;0
1422128;1
1422130;1
1422146;0
1422150;1
1422156;1
1422162;0
1422164;0
1422166;0
1422168;0
1422180;1
1422196;1
1422198;1
1422200;1
1422202;1
1422214;0
1422218;1
1422220;1
1422222;1
1422224;0
1422228;1
1422230;1
1422240;0
1422246;0
1422252;1
1422256;0
1422258;0
1422262;0
1422270;1
1422276;0
1422280;0
1422288;0
1422290;1
1422292;0
1422298;0
1422302;0
1422304;0
1422308;1
1422314;1
1422328;1
1422332;0
1422342;0
1422346;0
1422360;0
1422366;0
1422374;1
1422380;0
1422382;0
1422384;1
1422386;1
1422392;1
1422398;1
1422400;0
1422402;0
1422404;1
1422406;0
1422408;1
1422410;0
1422412;0
1422414;0
1422418;0
1422420;1
1422438;0
1422446;0
1422448;1
1422458;0
1422472;0
1422482;0
1422486;0
1422488;0
1422492;0
1422498;1
1422508;0
1422510;0
1422512;0
1422524;0
1422546;0
1422552;0
1422556;0
1422564;0
1422572;0
1422596;1
1422600;0
1422602;0
1422604;0
1422608;0
1422610;0
1422614;1
1422620;0
1422624;1
1422628;0
1422632;0
1422634;1
1422638;1
1422640;0
1422648;1
1422660;0
1422672;1
1422674;0
1422696;1
1422720;0
1422722;0
1422724;0
1422726;0
1422732;0
1422734;1
1422736;1
1422738;1
1422740;0
1422746;0
1422750;1
1422762;0
1422766;0
1422784;0
1422788;0
1422802;0
1422804;0
1422822;0
1422824;0
1422826;0
1422828;0
1422830;0
1422832;0
1422834;1
1422838;0
1422848;0
1422850;1
1422854;0
1422866;1
1422870;0
1422874;1
1422876;0
1422878;0
1422880;1
1422884;1
1422886;1
1422888;1
1422892;1
1422894;1
1422900;1
1422902;1
1422912;1
1422916;0
1422924;1
1422926;0
1422928;0
1422930;0
1422936;1
1422940;1
1422944;0
1422946;0
1422948;0
1422956;0
1422964;0
1422966;0
1422968;0
1422970;0
1422972;0
1422976;1
1422978;0
1422984;0
1422998;0
1423010;1
1423012;1
1423014;0
1423016;1
1423018;0
1423020;0
1423024;0
1423026;1
1423028;0
1423030;1
1423036;1
1423054;0
1423060;0
1423066;0
1423070;0
1423078;0
1423080;1
1423082;0
1423088;0
1423090;0
1423092;1
1423096;0
1423098;0
1423100;0
1423106;0
1423108;0
1423112;1
1423116;0
1423128;0
1423130;0
1423134;0
1423140;0
1423142;1
1423152;1
1423160;0
1423166;0
1423172;1
1423174;0
1423182;1
1423184;0
1423204;1
1423206;0
1423210;1
1423212;0
1423216;0
1423220;0
1423222;0
1423224;1
1423226;1
1423228;0
1423232;0
1423234;0
1423236;0
1423238;1
1423240;0
1423242;1
1423248;0
1423250;1
1423256;1
1423258;1
1423266;1
1423268;0
1423274;0
1423286;0
1423288;0
1423290;0
1423296;0
1423300;1
1423306;0
1423310;0
1423326;0
1423328;1
1423332;0
1423340;0
1423362;0
1423366;0
1423374;1
1423382;1
1423392;0
1423406;0
1423408;0
1423414;0
1423416;0
1423440;0
1423442;1
1423446;0
1423450;0
1423452;1
1423464;0
1423466;0
1423468;1
1423472;0
1423474;1
1423476;0
1423480;1
1423482;0
1423484;1
1423488;0
1423490;0
1423492;1
1423494;1
1423506;0
1423512;1
1423518;1
1423526;0
1423528;1
1423544;1
1423546;0
1423552;1
1423554;0
1423558;0
1423564;0
1423568;0
1423570;1
1423572;1
1423574;0
1423580;1
1423582;0
1423588;1
1423590;1
1423606;0
1423614;1
1423622;1
1423640;1
1423642;1
1423644;0
1423646;0
1423648;1
1423650;0
1423652;1
1423654;0
1423656;0
1423660;0
1423664;0
1423666;0
1423668;0
1423676;0
1423678;1
1423686;0
1423688;1
1423690;0
1423696;1
1423698;0
1423716;0
1423718;1
1423726;0
1423742;1
1423746;1
1423750;1
1423758;1
1423762;0
1423766;0
1423772;0
1423776;0
1423788;0
1423790;0
1423812;0
1423814;0
1423816;0
1423826;0
1423828;1
1423830;0
1423832;1
1423836;1
1423842;0
1423844;1
1423860;0
1423864;1
1423868;0
1423870;0
1423874;0
1423880;1
1423890;0
1423896;0
1423900;1
1423906;0
1423908;0
1423910;0
1423912;0
1423922;1
1423928;0
1423936;1
1423938;0
1423942;0
1423944;1
1423946;0
1423948;0
1423958;0
1423968;0
1423972;0
1423974;0
1423976;0
1423984;0
1423988;1
1423992;1
1424004;1
1424006;1
1424012;0
1424020;0
1424030;0
1424034;0
1424038;0
1424048;0
1424050;0
1424052;1
1424054;1
1424064;0
1424080;0
1424090;0
1424096;0
1424100;0
1424102;0
1424108;0
1424116;0
1424118;0
1424120;0
1424122;0
1424124;0
1424126;0
1424128;1
1424134;0
1424140;0
1424144;0
1424150;0
1424160;1
1424168;1
1424170;1
1424172;0
1424174;0
1424176;0
1424180;0
1424190;1
1424196;0
1424202;1
1424206;0
1424214;0
1424218;0
1424234;1
1424238;0
1424242;1
1424246;1
1424252;0
1424254;1
1424258;0
1424262;1
1424266;0
1424272;0
1424274;0
1424280;0
1424286;0
1424296;1
1424306;1
1424312;0
1424316;0
1424320;1
1424326;0
1424328;0
1424332;0
1424334;0
1424338;1
1424342;0
1424344;1
1424346;1
1424364;1
1424372;0
1424378;0
1424386;0
1424388;0
1424390;1
1424400;0
1424418;1
1424420;0
1424422;0
1424426;0
1424428;0
1424430;1
1424436;0
1424438;1
1424442;0
1424444;0
1424452;0
1424458;0
1424468;1
1424478;0
1424490;0
1424496;0
1424498;1
1424504;1
1424518;1
1424522;1
1424526;0
1424534;1
1424536;0
1424544;0
1424566;0
1424572;0
1424584;1
1424586;1
1424588;0
1424594;0
1424596;0
1424598;0
1424600;0
1424602;0
1424604;0
1424608;0
1424612;0
1424614;0
1424616;1
1424620;1
1424630;0
1424636;1
1424638;0
1424640;1
1424648;1
1424654;0
1424672;0
1424674;0
1424678;1
1424686;0
1424690;1
1424692;0
1424696;1
1424700;0
1424706;0
1424712;1
1424726;0
1424732;0
1424734;1
1424738;1
1424740;0
1424744;0
1424750;0
1424752;0
1424754;0
1424760;0
1424764;0
1424766;0
1424778;0
1424790;0
1424804;1
1424806;1
1424808;0
1424812;0
1424814;1
1424816;1
1424818;1
1424820;0
1424822;0
1424826;0
1424828;1
1424830;1
1424832;1
1424834;1
1424836;0
1424838;1
1424844;0
1424862;1
1424870;0
1424872;1
1424880;0
1424884;0
1424886;0
1424890;1
1424896;1
1424900;0
1424902;1
1424910;0
1424912;1
1424918;0
1424934;1
1424936;0
1424938;1
1424942;0
1424944;0
1424946;0
1424948;0
1424954;1
1424956;1
1424960;1
1424968;1
1424972;0
1424980;0
1424982;0
1424984;0
1424986;0
1424992;1
1424994;0
1424998;1
1425006;0
1425010;0
1425014;1
1425020;0
1425024;1
1425030;0
1425032;0
1425036;0
1425040;0
1425044;1
1425046;0
1425048;0
1425050;1
1425052;1
1425054;1
1425066;0
1425078;0
1425082;0
1425088;0
1425090;0
1425092;1
1425100;1
1425106;1
1425114;0
1425116;1
1425124;0
1425130;1
1425132;0
1425134;0
1425138;0
1425144;0
1425150;0
1425152;0
1425154;1
1425156;1
1425158;0
1425166;1
1425170;0
1425174;0
1425180;1
1425182;1
1425190;0
1425194;1
1425196;0
1425204;0
1425210;1
1425214;1
1425230;1
1425234;0
1425244;0
1425254;0
1425268;0
1425270;0
1425282;0
1425284;1
1425294;0
1425296;0
1425304;1
1425306;0
1425310;0
1425312;0
1425314;0
1425316;1
1425318;0
1425328;0
1425340;0
1425342;0
1425354;1
1425356;0
1425360;0
1425372;0
1425380;0
1425382;0
1425384;1
1425388;1
1425390;0
1425400;0
1425402;0
1425412;0
1425418;0
1425430;0
1425444;0
1425450;1
1425458;0
1425460;0
1425464;1
1425470;0
1425472;0
1425474;0
1425480;0
1425484;1
1425486;0
1425488;1
1425492;0
1425494;0
1425496;0
1425498;0
1425500;1
1425510;1
1425528;0
1425530;0
1425532;0
1425536;0
1425538;1
1425546;0
1425552;0
1425558;1
1425566;1
1425580;0
1425586;0
1425590;0
1425614;0
1425622;0
1425628;1
1425644;1
1425652;0
1425654;1
1425660;0
1425662;0
1425670;1
1425676;0
1425686;1
1425690;0
1425696;0
1425714;0
1425730;1
1425732;0
1425734;1
1425736;1
1425740;0
1425752;1
1425754;1
1425758;1
1425760;0
1425764;1
1425770;0
1425776;0
1425784;0
1425786;1
1425788;0
1425794;0
1425798;0
1425810;0
1425814;0
1425816;0
1425830;0
1425834;0
1425840;1
1425848;1
1425850;1
1425852;1
1425854;1
1425856;0
1425858;0
1425866;0
1425870;0
1425872;0
1425874;1
1425876;0
1425878;0
1425880;1
1425882;1
1425886;1
1425892;0
1425896;0
1425900;1
1425908;0
1425916;0
1425928;1
1425940;1
1425942;0
1425964;1
1425966;0
1425968;0
1425980;1
1425982;0
1425984;0
1425988;1
1425998;1
1426006;0
1426010;1
1426026;0
1426030;1
1426032;0
1426044;1
1426050;0
1426054;0
1426056;0
1426058;0
1426068;0
1426080;1
1426082;1
1426090;0
1426092;0
1426094;0
1426098;0
1426100;0
1426112;0
1426122;0
1426124;1
1426126;0
1426128;0
1426132;1
1426136;0
1426138;0
1426142;0
1426168;1
1426172;0
1426182;0
1426184;1
1426186;0
1426188;1
1426198;0
1426202;1
1426206;0
1426210;1
1426214;0
1426218;1
1426224;0
1426228;1
1426236;0
1426238;0
1426242;0
1426248;1
1426250;1
1426252;1
1426254;0
1426262;0
1426270;0
1426282;0
1426284;1
1426288;1
1426290;1
1426292;1
1426294;0
1426298;0
1426300;1
1426302;1
1426306;0
1426308;0
1426310;0
1426318;0
1426320;1
1426328;0
1426332;0
1426344;1
1426346;0
1426352;1
1426354;1
1426362;1
1426370;0
1426384;1
1426390;0
1426408;1
1426412;0
1426414;0
1426420;0
1426434;0
1426436;0
1426446;0
1426448;0
1426450;1
1426454;1
1426460;0
1426466;1
1426476;0
1426478;1
1426484;0
1426488;0
1426500;0
1426504;1
1426516;0
1426532;1
1426534;0
1426538;1
1426550;0
1426560;1
1426562;0
1426570;0
1426574;0
1426576;0
1426580;1
1426588;0
1426592;0
1426594;1
1426598;0
1426600;0
1426606;1
1426624;0
1426642;1
1426648;1
1426664;0
1426666;1
1426686;0
1426688;0
1426698;0
1426712;0
1426720;1
1426726;0
1426734;0
1426738;1
1426744;0
1426752;0
1426766;0
1426770;1
1426776;1
1426788;0
1426790;0
1426796;0
1426810;1
1426812;0
1426826;0
1426828;1
1426830;0
1426834;0
1426836;0
1426844;0
1426852;0
1426858;0
1426862;0
1426864;0
1426866;1
1426868;1
1426872;0
1426874;0
1426880;1
1426884;0
1426886;1
1426888;0
1426890;1
1426892;1
1426900;1
1426902;1
1426912;0
1426914;1
1426916;0
1426926;0
1426928;1
1426930;0
1426932;0
1426934;1
1426950;0
1426974;0
1426978;0
1426986;1
1426988;1
1426990;0
1426994;0
1427000;1
1427002;1
1427010;0
1427016;0
1427026;1
1427040;0
1427058;0
1427068;1
1427078;1
1427080;0
1427082;1
1427094;0
1427096;0
1427104;1
1427112;0
1427124;1
1427128;1
1427132;0
1427134;0
1427138;0
1427140;0
1427152;0
1427154;0
1427158;0
1427162;1
1427164;1
1427168;0
1427172;1
1427174;0
1427176;0
1427190;1
1427192;0
1427198;0
1427200;0
1427206;1
1427208;0
1427210;0
1427220;0
1427222;1
1427224;0
1427226;0
1427230;1
1427234;1
1427236;0
1427248;0
1427250;0
1427252;0
1427254;1
1427256;1
1427258;0
1427260;0
1427270;0
1427280;0
1427288;0
1427290;1
1427294;1
1427306;0
1427316;0
1427318;0
1427320;1
1427326;0
1427334;0
1427344;0
1427362;1
1427368;1
1427370;1
1427374;0
1427388;0
1427390;0
1427396;0
1427398;0
1427400;0
1427402;1
1427408;1
1427412;0
1427414;0
1427420;0
1427422;0
1427426;0
1427430;0
1427434;0
1427436;0
1427438;0
1427480;1
1427482;1
1427490;0
1427492;0
1427494;0
1427512;0
1427514;0
1427522;1
1427528;0
1427540;1
1427548;0
1427550;0
1427554;0
1427562;0
1427570;0
1427578;0
1427580;1
1427588;1
1427590;1
1427592;0
1427598;0
1427602;0
1427610;0
1427620;0
1427622;1
1427628;0
1427636;0
1427638;0
1427652;0
1427654;0
1427660;0
1427670;0
1427674;0
1427680;1
1427682;1
1427684;1
1427690;0
1427696;1
1427698;1
1427700;0
1427712;0
1427714;0
1427720;0
1427724;1
1427728;0
1427734;0
1427736;0
1427742;0
1427744;0
1427752;1
1427754;1
1427756;1
1427758;1
1427760;0
1427764;1
1427770;0
1427772;0
1427774;0
1427776;0
1427778;0
1427780;0
1427782;0
1427784;0
1427796;0
1427802;1
1427806;0
1427810;0
1427814;0
1427830;1
1427840;0
1427844;0
1427846;0
1427854;1
1427860;0
1427862;0
1427870;0
1427872;0
1427880;0
1427882;1
1427884;0
1427886;0
1427888;1
1427892;0
1427900;0
1427910;0
1427912;1
1427920;0
1427922;0
1427924;0
1427926;1
1427930;1
1427932;1
1427934;1
1427936;0
1427940;0
1427942;0
1427948;1
1427956;1
1427958;0
1427966;0
1427970;1
1427984;0
1427986;1
1427988;1
1427992;0
1427994;1
1428008;1
1428014;0
1428020;0
1428022;1
1428034;0
1428038;0
1428042;0
1428048;0
1428050;1
1428056;0
1428060;0
1428066;0
1428080;0
1428082;0
1428084;0
1428086;0
1428090;0
1428092;0
1428094;1
1428098;0
1428100;1
1428108;1
1428110;0
1428116;1
1428124;0
1428126;1
1428128;0
1428136;1
1428152;0
1428154;0
1428158;1
1428174;0
1428182;0
1428188;1
1428202;0
1428210;1
1428214;0
1428218;0
1428222;0
1428228;0
1428244;1
1428246;0
1428250;1
1428260;0
1428262;0
1428268;0
1428270;1
1428278;0
1428280;0
1428288;0
1428298;0
1428304;0
1428314;1
1428320;0
1428326;0
1428334;1
1428336;0
1428338;1
1428348;0
1428350;0
1428352;1
1428354;0
1428356;0
1428358;0
1428360;0
1428368;0
1428384;1
1428386;0
1428400;1
1428404;1
1428414;1
1428416;0
1428418;1
1428420;1
1428424;0
1428426;1
1428434;1
1428440;0
1428448;0
1428450;0
1428456;1
1428464;0
1428470;0
1428472;0
1428478;1
1428480;0
1428482;0
1428486;0
1428494;1
1428496;1
1428498;1
1428504;0
1428506;0
1428508;0
1428514;1
1428520;0
1428524;0
1428526;1
1428528;0
1428532;1
1428536;0
1428544;1
1428548;0
1428550;0
1428558;0
1428560;1
1428570;0
1428572;1
1428574;0
1428578;0
1428588;0
1428594;0
1428598;1
1428612;0
1428614;0
1428618;1
1428624;0
1428626;1
1428628;0
1428630;1
1428632;0
1428634;0
1428636;0
1428640;0
1428642;1
1428650;1
1428658;1
1428662;0
1428664;1
1428666;0
1428668;0
1428678;1
1428680;1
1428682;0
1428686;1
1428692;0
1428694;0
1428706;0
1428712;1
1428724;0
1428726;0
1428740;1
1428742;1
1428744;0
1428746;0
1428760;0
1428762;0
1428768;0
1428770;0
1428776;1
1428780;0
1428784;1
1428790;1
1428810;0
1428812;0
1428830;0
1428834;0
1428838;1
1428844;0
1428846;1
1428848;0
1428852;1
1428860;1
1428864;0
1428872;0
1428888;1
1428898;1
1428902;0
1428904;0
1428914;0
1428922;0
1428924;1
1428936;1
1428940;0
1428942;0
1428950;1
1428954;1
1428962;1
1428970;0
1428982;0
1428988;1
1428990;0
1428994;0
1429006;0
1429016;0
1429024;0
1429038;1
1429056;1
1429064;0
1429070;0
1429078;1
1429084;1
1429086;0
1429088;1
1429090;0
1429098;1
1429108;0
1429124;0
1429126;0
1429132;0
1429144;0
1429146;1
1429158;1
1429170;0
1429178;0
1429180;0
1429186;1
1429194;0
1429200;0
1429202;0
1429204;0
1429212;0
1429216;0
1429228;0
1429236;0
1429242;0
1429252;0
1429256;1
1429258;0
1429260;1
1429264;0
1429268;1
1429272;0
1429276;0
1429292;0
1429300;0
1429302;0
1429308;0
1429310;1
1429312;0
1429314;1
1429324;0
1429326;0
1429348;0
1429352;0
1429358;0
1429360;1
1429364;1
1429370;1
1429376;0
1429380;0
1429390;1
1429392;0
1429394;1
1429396;1
1429398;0
1429410;0
1429418;1
1429424;0
1429432;1
1429434;0
1429438;0
1429440;1
1429444;1
1429452;1
1429456;0
1429470;0
1429472;0
1429474;1
1429480;0
1429492;1
1429500;0
1429502;0
1429506;0
1429514;0
1429518;1
1429520;0
1429526;0
1429542;1
1429546;1
1429550;0
1429556;0
1429560;0
1429566;0
1429568;0
1429570;0
1429574;1
1429584;0
1429586;1
1429588;1
1429598;0
1429602;0
1429608;0
1429612;1
1429616;0
1429618;0
1429620;0
1429622;0
1429624;1
1429628;0
1429632;0
1429636;0
1429640;1
1429644;1
1429646;0
1429662;0
1429668;0
1429670;0
1429672;0
1429678;0
1429700;0
1429702;0
1429710;1
1429716;0
1429732;1
1429734;1
1429736;1
1429742;1
1429746;0
1429760;0
1429766;1
1429774;1
1429776;1
1429788;1
1429800;1
1429802;0
1429806;0
1429810;1
1429812;0
1429814;1
1429816;0
1429820;0
1429822;1
1429832;0
1429838;1
1429842;0
1429844;1
1429846;0
1429848;0
1429860;0
1429862;0
1429872;0
1429874;1
1429888;0
1429896;0
1429898;0
1429900;1
1429908;0
1429916;0
1429920;0
1429922;0
1429924;1
1429946;0
1429952;0
1429956;0
1429964;0
1429976;1
1429982;1
1429988;1
1429992;0
1429994;0
1429998;0
1430000;0
1430010;1
1430024;1
1430030;0
1430038;0
1430040;0
1430042;1
1430056;1
1430058;1
1430062;0
1430064;0
1430070;1
1430080;0
1430086;1
1430088;0
1430090;0
1430092;1
1430094;0
1430098;1
1430100;1
1430102;0
1430104;1
1430118;0
1430122;0
1430126;1
1430138;1
1430140;0
1430148;0
1430150;0
1430156;0
1430158;0
1430164;1
1430166;1
1430172;1
1430182;0
1430184;0
1430188;0
1430192;0
1430196;1
1430198;0
1430204;0
1430208;1
1430216;1
1430222;1
1430236;0
1430238;1
1430244;0
1430246;0
1430252;0
1430256;1
1430264;0
1430266;1
1430270;0
1430272;0
1430274;1
1430278;0
1430284;0
1430288;0
1430292;1
1430294;1
1430300;0
1430302;1
1430304;0
1430312;0
1430314;0
1430320;0
1430322;0
1430324;1
1430330;0
1430332;1
1430342;1
1430344;1
1430346;0
1430348;0
1430350;0
1430368;0
1430378;0
1430380;0
1430382;0
1430384;1
1430386;0
1430390;1
1430398;0
1430400;0
1430412;1
1430432;0
1430444;0
1430448;0
1430450;1
1430454;0
1430456;0
1430458;0
1430462;0
1430466;0
1430470;0
1430472;0
1430474;1
1430478;0
1430484;0
1430486;1
1430488;1
1430496;0
1430498;0
1430506;0
1430508;0
1430512;1
1430536;0
1430542;1
1430550;1
1430554;0
1430556;1
1430558;1
1430560;0
1430572;0
1430574;0
1430576;1
1430580;0
1430582;1
1430584;0
1430588;0
1430596;1
1430602;1
1430606;0
1430614;1
1430618;1
1430630;1
1430646;0
1430648;0
1430660;0
1430664;0
1430674;0
1430676;0
1430678;1
1430680;0
1430682;0
1430694;1
1430696;1
1430704;1
1430708;0
1430710;0
1430716;1
1430720;0
1430722;1
1430728;0
1430732;0
1430738;0
1430746;0
1430754;1
1430768;0
1430776;1
1430778;0
1430784;0
1430786;0
1430790;1
1430796;1
1430808;0
1430816;0
1430818;0
1430820;0
1430822;0
1430830;0
1430834;1
1430836;0
1430840;0
1430844;0
1430846;1
1430856;0
1430866;0
1430878;0
1430884;0
1430890;1
1430892;1
1430894;0
1430900;0
1430902;0
1430908;1
1430910;0
1430918;0
1430920;1
1430932;1
1430936;0
1430938;1
1430942;1
1430944;0
1430948;1
1430952;0
1430954;0
1430956;1
1430958;1
1430962;0
1430966;0
1430968;0
1430970;1
1430976;0
1430980;0
1430982;1
1430996;1
1431002;1
1431010;0
1431014;0
1431016;0
1431022;1
1431032;0
1431036;0
1431040;1
1431048;0
1431054;1
1431060;0
1431072;0
1431076;1
1431078;0
1431084;1
1431086;1
1431094;0
1431096;1
1431100;0
1431102;0
1431104;0
1431106;0
1431108;0
1431112;1
1431114;1
1431116;0
1431120;0
1431132;0
1431134;0
1431146;0
1431154;0
1431164;0
1431168;0
1431172;0
1431176;0
1431184;1
1431206;0
1431212;0
1431216;1
1431218;0
1431220;1
1431230;0
1431234;1
1431238;0
1431262;0
1431274;1
1431276;0
1431280;1
1431304;0
1431306;0
1431308;1
1431312;0
1431314;1
1431316;0
1431320;0
1431326;0
1431330;1
1431332;0
1431334;0
1431338;1
1431344;1
1431350;0
1431354;0
1431358;1
1431366;0
1431370;0
1431378;0
1431380;0
1431392;0
1431396;0
1431400;1
1431408;0
1431410;0
1431416;1
1431420;1
1431422;0
1431424;0
1431440;0
1431444;0
1431448;1
1431452;1
1431454;0
1431470;0
1431482;1
1431484;0
1431490;0
1431492;0
1431496;1
1431498;1
1431502;1
1431508;0
1431510;0
1431512;0
1431516;0
1431520;1
1431522;0
1431526;0
1431544;0
1431554;0
1431562;0
1431564;0
1431582;1
1431588;0
1431592;0
1431596;1
1431600;0
1431604;1
1431608;0
1431616;0
1431622;1
1431624;1
1431626;0
1431630;1
1431634;0
1431638;0
1431640;1
1431642;1
1431644;0
1431646;0
1431648;0
1431650;0
1431652;0
1431654;1
1431656;0
1431660;1
1431666;0
1431668;1
1431672;0
1431684;0
1431688;0
1431692;1
1431694;0
1431702;0
1431708;0
1431710;0
1431714;0
1431716;0
1431720;0
1431724;1
1431726;1
1431728;0
1431732;0
1431734;1
1431736;1
1431738;0
1431740;1
1431744;0
1431748;0
1431750;0
1431754;0
1431756;0
1431758;1
1431760;0
1431762;0
1431770;1
1431772;0
1431786;1
1431790;0
1431798;0
1431804;1
1431810;1
1431822;1
1431824;0
1431834;1
1431852;0
1431854;1
1431864;0
1431866;1
1431868;1
1431872;1
1431876;1
1431878;1
1431880;0
1431886;0
1431892;0
1431894;0
1431896;1
1431902;1
1431908;1
1431912;1
1431920;1
1431924;0
1431928;0
1431930;1
1431932;0
1431938;0
1431942;0
1431948;1
1431952;0
1431962;0
1431964;0
1431970;1
1431974;0
1431976;0
1431980;1
1431984;0
1431996;1
1431998;1
1432004;0
1432010;1
1432016;0
1432020;0
1432022;1
1432024;1
1432026;1
1432034;0
1432040;0
1432042;0
1432044;1
1432050;0
1432078;0
1432084;1
1432096;0
1432100;1
1432104;1
1432108;0
1432112;0
1432114;0
1432116;0
1432120;0
1432132;0
1432146;0
1432148;0
1432154;1
1432156;1
1432170;0
1432172;1
1432182;1
1432190;0
1432192;1
1432194;0
1432200;0
1432216;1
1432218;0
1432220;1
1432226;0
1432236;0
1432246;0
1432258;0
1432268;0
1432272;0
1432274;1
1432276;0
1432280;0
1432286;1
1432296;0
1432298;0
1432306;1
1432308;1
1432310;1
1432316;0
1432318;0
1432320;1
1432322;0
1432326;0
1432334;0
1432358;1
1432360;0
1432364;0
1432366;1
1432368;0
1432378;0
1432384;0
1432392;0
1432394;1
1432406;1
1432414;0
1432418;0
1432426;0
1432428;0
1432430;0
1432434;0
1432436;1
1432438;0
1432446;1
1432448;0
1432452;0
1432460;1
1432466;0
1432470;0
1432478;0
1432484;0
1432486;0
1432488;1
1432490;0
1432492;0
1432500;0
1432504;0
1432510;1
1432516;0
1432522;0
1432532;0
1432538;0
1432542;1
1432544;0
1432548;0
1432552;0
1432556;0
1432562;0
1432574;0
1432580;0
1432582;1
1432590;0
1432592;0
1432594;0
1432596;1
1432598;0
1432602;0
1432604;0
1432608;0
1432622;0
1432630;0
1432642;1
1432646;0
1432652;1
1432654;1
1432658;0
1432662;1
1432666;1
1432668;0
1432670;1
1432672;0
1432676;0
1432678;0
1432682;1
1432684;1
1432686;0
1432692;0
1432698;1
1432700;0
1432702;1
1432716;1
1432722;1
1432728;1
1432730;0
1432732;0
1432734;1
1432736;0
1432748;0
1432752;0
1432754;1
1432756;0
1432758;1
1432764;0
1432774;1
1432776;0
1432786;0
1432802;1
1432806;1
1432808;1
1432812;1
1432838;0
1432840;0
1432848;1
1432850;0
1432856;1
1432870;0
1432882;0
1432888;0
1432904;0
1432908;1
1432912;1
1432916;1
1432920;0
1432922;0
1432924;1
1432926;0
1432928;0
1432932;1
1432938;0
1432940;0
1432950;0
1432956;1
1432958;1
1432970;0
1432972;1
1432976;1
1432978;1
1433000;0
1433002;0
1433004;1
1433008;0
1433010;0
1433014;1
1433016;0
1433020;0
1433024;1
1433028;1
1433030;0
1433032;1
1433040;0
1433046;0
1433050;0
1433052;0
1433066;0
1433070;0
1433072;1
1433074;1
1433078;0
1433082;0
1433086;0
1433092;0
1433094;0
1433102;0
1433114;0
1433116;1
1433122;0
1433132;0
1433138;0
1433140;1
1433142;0
1433148;0
1433152;0
1433154;0
1433156;0
1433158;0
1433162;0
1433166;0
1433168;0
1433174;1
1433176;0
1433188;0
1433192;1
1433194;0
1433196;1
1433200;0
1433216;1
1433220;0
1433224;0
1433228;1
1433230;0
1433238;0
1433242;1
1433244;1
1433250;0
1433256;0
1433258;1
1433270;0
1433276;0
1433282;0
1433288;0
1433290;0
1433294;1
1433302;1
1433314;1
1433316;0
1433318;1
1433320;0
1433322;1
1433326;0
1433332;0
1433338;0
1433346;1
1433348;0
1433350;0
1433356;0
1433378;0
1433380;1
1433382;1
1433388;0
1433392;0
1433396;0
1433398;1
1433412;1
1433416;0
1433422;0
1433430;0
1433434;0
1433436;1
1433454;1
1433468;1
1433470;0
1433472;0
1433480;0
1433482;0
1433484;0
1433492;0
1433500;0
1433502;1
1433504;1
1433506;0
1433514;1
1433522;1
1433530;0
1433532;1
1433536;0
1433538;0
1433542;1
1433546;1
1433566;1
1433574;0
1433576;1
1433584;0
1433590;1
1433592;0
1433594;0
1433598;0
1433600;0
1433610;1
1433620;1
1433628;1
1433630;0
1433636;1
1433658;1
1433662;0
1433666;0
1433672;0
1433678;0
1433684;1
1433694;0
1433698;0
1433720;0
1433722;1
1433726;0
1433734;0
1433738;1
1433742;0
1433746;0
1433752;0
1433758;0
1433760;0
1433764;0
1433768;0
1433778;0
1433780;0
1433794;1
1433796;1
1433798;0
1433800;0
1433804;0
1433824;0
1433826;0
1433832;0
1433836;0
1433844;1
1433850;0
1433852;0
1433854;0
1433856;1
1433858;0
1433864;0
1433866;1
1433876;1
1433884;0
1433892;1
1433894;0
1433906;0
1433922;0
1433924;0
1433928;1
1433938;0
1433940;1
1433948;0
1433950;0
1433954;0
1433956;0
1433958;1
1433966;0
1433972;0
1433976;0
1433978;0
1433984;0
1433990;1
1433992;0
1434008;1
1434014;0
1434016;0
1434024;0
1434044;1
1434046;0
1434050;0
1434054;1
1434062;1
1434066;0
1434068;0
1434074;0
1434080;1
1434082;1
1434096;1
1434098;0
1434100;1
1434112;0
1434114;0
1434120;0
1434124;0
1434126;1
1434128;0
1434130;1
1434132;1
1434134;0
1434140;0
1434146;0
1434150;0
1434154;1
1434164;0
1434166;0
1434168;0
1434180;1
1434188;1
1434192;0
1434194;0
1434202;0
1434204;1
1434206;0
1434216;0
1434220;1
1434230;1
1434232;1
1434234;1
1434236;0
1434238;0
1434250;0
1434252;1
1434256;0
1434258;1
1434262;1
1434264;0
1434266;0
1434270;0
1434274;0
1434284;1
1434288;0
1434290;0
1434292;0
1434294;0
1434298;1
1434302;1
1434304;1
1434306;1
1434308;1
1434312;0
1434314;1
1434324;0
1434332;1
1434336;0
1434342;0
1434346;0
1434350;0
1434352;1
1434354;0
1434358;0
1434360;0
1434362;0
1434370;0
1434376;0
1434378;1
1434388;1
1434392;0
1434396;1
1434398;1
1434400;1
1434402;0
1434406;0
1434412;0
1434420;0
1434422;0
1434438;0
1434442;1
1434444;0
1434448;0
1434450;1
1434452;1
1434454;0
1434456;0
1434458;1
1434460;0
1434462;1
1434464;1
1434468;1
1434470;1
1434480;1
1434506;1
1434508;1
1434512;0
1434522;0
1434530;1
1434534;0
1434536;0
1434542;1
1434546;0
1434554;0
1434556;1
1434558;0
1434560;0
1434566;1
1434574;1
1434576;1
1434588;0
1434592;1
1434594;1
1434608;0
1434614;0
1434624;1
1434636;0
1434640;0
1434644;0
1434648;0
1434650;0
1434654;1
1434656;0
1434666;0
1434670;1
1434674;0
1434686;0
1434688;0
1434694;1
1434696;1
1434698;0
1434700;1
1434704;0
1434708;0
1434722;0
1434724;0
1434730;0
1434746;0
1434750;0
1434762;0
1434764;0
1434768;1
1434774;1
1434776;0
1434778;1
1434780;1
1434792;1
1434808;1
1434810;1
1434814;1
1434820;0
1434824;1
1434828;0
1434854;1
1434862;0
1434864;1
1434872;0
1434876;0
1434878;1
1434894;1
1434896;1
1434904;0
1434906;0
1434912;0
1434924;1
1434930;0
1434932;0
1434940;1
1434962;0
1434964;0
1434972;1
1434974;0
1434976;0
1434994;0
1435004;1
1435006;0
1435012;1
1435016;0
1435022;0
1435024;0
1435026;0
1435028;1
1435036;0
1435044;0
1435050;1
1435052;0
1435056;0
1435058;1
1435060;1
1435062;0
1435066;0
1435070;1
1435074;1
1435076;1
1435078;0
1435084;0
1435086;0
1435090;0
1435096;1
1435102;1
1435106;0
1435108;0
1435118;0
1435120;1
1435132;0
1435134;1
1435142;0
1435148;0
1435156;0
1435162;0
1435178;1
1435182;0
1435184;0
1435186;1
1435190;0
1435196;0
1435200;1
1435204;0
1435206;0
1435208;0
1435212;1
1435232;1
1435234;0
1435236;0
1435248;0
1435264;0
1435276;0
1435282;1
1435304;0
1435312;1
1435314;0
1435316;0
1435326;0
1435342;0
1435348;1
1435350;0
1435352;0
1435356;0
1435360;1
1435376;0
1435382;0
1435390;1
1435398;0
1435404;0
1435406;0
1435410;0
1435422;0
1435426;0
1435430;0
1435436;1
1435438;0
1435446;0
1435448;0
1435452;1
1435458;1
1435460;0
1435466;0
1435474;0
1435478;0
1435480;1
1435486;1
1435488;0
1435496;1
1435504;1
1435520;1
1435526;0
1435530;1
1435534;1
1435536;1
1435542;1
1435544;0
1435554;0
1435564;1
1435566;1
1435576;0
1435582;1
1435590;0
1435596;0
1435606;0
1435614;0
1435616;1
1435618;0
1435622;0
1435624;1
1435628;0
1435634;0
1435636;0
1435638;0
1435640;1
1435642;0
1435646;1
1435652;0
1435656;0
1435666;1
1435672;0
1435680;1
1435688;1
1435690;0
1435702;0
1435704;1
1435740;0
1435742;1
1435744;1
1435748;1
1435752;0
1435754;1
1435756;0
1435758;1
1435760;1
1435762;0
1435764;0
1435766;0
1435768;0
1435772;0
1435778;0
1435784;0
1435786;1
1435788;1
1435790;1
1435800;1
1435802;0
1435804;0
1435808;0
1435810;1
1435814;0
1435816;1
1435820;0
1435828;0
1435840;0
1435854;0
1435856;0
1435858;0
1435862;1
1435884;0
1435890;0
1435892;0
1435894;1
1435900;1
1435902;0
1435904;0
1435908;0
1435916;0
1435924;1
1435928;1
1435930;1
1435932;0
1435940;0
1435944;1
1435946;0
1435958;1
1435966;1
1435972;0
1435978;0
1435980;0
1435982;1
1435986;1
1435992;0
1435994;0
1435998;0
1436004;1
1436008;0
1436022;1
1436024;0
1436026;0
1436030;1
1436032;1
1436042;0
1436046;0
1436048;1
1436052;0
1436058;0
1436070;1
1436074;0
1436076;1
1436086;1
1436092;1
1436094;0
1436102;1
1436104;0
1436106;0
1436108;1
1436112;1
1436118;0
1436122;1
1436128;0
1436130;0
1436132;0
1436136;1
1436142;0
1436152;0
1436156;0
1436160;0
1436162;0
1436164;0
1436166;0
1436170;0
1436178;0
1436182;0
1436192;0
1436202;0
1436204;0
1436208;0
1436210;1
1436214;0
1436222;0
1436224;1
1436240;1
1436242;0
1436244;1
1436248;0
1436252;1
1436256;0
1436270;0
1436272;0
1436278;0
1436280;0
1436294;0
1436298;0
1436304;0
1436308;0
1436314;0
1436318;0
1436320;1
1436322;0
1436332;1
1436336;0
1436358;1
1436362;1
1436364;0
1436366;1
1436370;0
1436372;1
1436374;0
1436376;0
1436378;1
1436382;0
1436386;1
1436396;1
1436398;0
1436406;1
1436416;0
1436420;0
1436424;0
1436434;1
1436436;0
1436446;1
1436448;0
1436450;0
1436460;1
1436464;0
1436468;1
1436472;0
1436474;0
1436478;1
1436494;0
1436500;0
1436502;1
1436506;1
1436508;0
1436512;0
1436522;0
1436530;1
1436532;0
1436540;0
1436548;0
1436554;0
1436556;1
1436570;1
1436584;0
1436586;0
1436588;0
1436598;0
1436602;1
1436608;0
1436610;0
1436612;1
1436622;0
1436626;0
1436630;1
1436632;1
1436638;0
1436640;1
1436642;0
1436644;0
1436652;0
1436654;0
1436656;0
1436658;0
1436660;0
1436662;1
1436674;1
1436686;1
1436690;0
1436692;1
1436698;0
1436706;0
1436708;0
1436710;0
1436714;0
1436718;0
1436724;1
1436734;0
1436742;0
1436744;0
1436750;0
1436754;0
1436756;0
1436758;0
1436762;0
1436764;0
1436770;0
1436772;1
1436778;0
1436792;0
1436802;0
1436806;1
1436808;1
1436810;0
1436820;0
1436822;0
1436852;1
1436856;0
1436860;0
1436866;1
1436872;0
1436876;0
1436880;1
1436886;0
1436890;0
1436894;0
1436896;1
1436898;0
1436908;1
1436914;0
1436916;0
1436918;1
1436920;0
1436922;0
1436924;1
1436932;0
1436934;1
1436938;1
1436942;0
1436944;0
1436946;0
1436948;1
1436950;0
1436952;0
1436962;1
1436968;0
1436976;0
1436978;0
1436980;1
1436984;1
1436988;0
1436994;1
1436996;0
1436998;0
1437000;0
1437002;1
1437008;1
1437014;1
1437018;1
1437026;0
1437028;1
1437030;0
1437048;1
1437054;0
1437062;0
1437066;0
1437068;0
1437070;1
1437078;0
1437080;1
1437082;1
1437108;0
1437112;0
1437114;1
1437116;0
1437126;1
1437130;0
1437132;0
1437150;0
1437154;1
1437166;1
1437172;0
1437180;0
1437182;0
1437186;0
1437198;1
1437200;0
1437202;0
1437208;1
1437214;1
1437216;1
1437218;1
1437234;0
1437240;0
1437266;0
1437268;0
1437274;0
1437280;0
1437284;1
1437294;0
1437296;0
1437298;1
1437302;0
1437318;0
1437322;0
1437324;0
1437330;1
1437334;1
1437336;0
1437338;0
1437346;1
1437356;1
1437358;0
1437362;0
1437366;0
1437384;1
1437388;1
1437394;1
1437402;0
1437404;0
1437422;0
1437424;1
1437430;0
1437434;0
1437440;0
1437442;0
1437444;1
1437446;1
1437456;0
1437458;1
1437470;1
1437472;1
1437476;0
1437480;0
1437484;0
1437492;0
1437496;0
1437498;0
1437500;1
1437502;0
1437504;1
1437506;0
1437508;0
1437510;0
1437512;0
1437514;0
1437516;0
1437518;1
1437524;0
1437526;0
1437528;0
1437530;0
1437534;0
1437540;0
1437550;0
1437552;1
1437554;1
1437558;0
1437560;0
1437564;1
1437572;0
1437576;1
1437578;0
1437582;1
1437584;0
1437586;0
1437588;0
1437590;0
1437592;1
1437600;0
1437610;0
1437612;0
1437616;0
1437626;0
1437628;0
1437634;1
1437642;0
1437644;0
1437646;0
1437654;0
1437656;0
1437672;1
1437674;0
1437678;0
1437698;0
1437702;1
1437710;1
1437732;0
1437744;1
1437748;0
1437756;0
1437758;1
1437768;0
1437780;0
1437784;0
1437786;0
1437788;0
1437790;0
1437792;0
1437798;0
1437806;1
1437808;1
1437814;0
1437828;0
1437830;1
1437840;1
1437842;1
1437846;0
1437852;1
1437856;0
1437860;1
1437868;0
1437870;1
1437882;1
1437888;1
1437890;0
1437898;0
1437900;0
1437902;0
1437904;0
1437906;1
1437912;0
1437914;1
1437922;0
1437934;0
1437940;0
1437942;0
1437944;0
1437950;1
1437952;1
1437954;0
1437958;0
1437962;0
1437974;1
1437976;1
1437978;1
1437984;0
1437990;0
1437994;0
1437996;0
1438002;0
1438004;0
1438006;0
1438010;0
1438022;1
1438024;0
1438026;0
1438028;1
1438030;1
1438042;0
1438044;0
1438060;0
1438072;0
1438074;1
1438078;0
1438082;1
1438084;0
1438086;1
1438088;1
1438090;0
1438092;1
1438098;0
1438100;0
1438102;0
1438108;1
1438114;0
1438118;0
1438122;0
1438124;0
1438126;0
1438132;0
1438134;0
1438144;1
1438148;0
1438152;0
1438162;1
1438172;1
1438178;1
1438180;0
1438182;1
1438190;0
1438194;0
1438196;0
1438204;0
1438208;0
1438210;0
1438212;1
1438216;0
1438224;0
1438226;0
1438228;1
1438230;0
1438246;1
1438250;0
1438252;1
1438254;0
1438260;1
1438262;0
1438264;0
1438266;0
1438274;0
1438284;1
1438292;0
1438298;1
1438304;0
1438306;0
1438310;1
1438322;1
1438324;0
1438326;1
1438330;0
1438336;0
1438338;1
1438344;1
1438356;0
1438358;0
1438362;0
1438364;1
1438372;0
1438374;0
1438376;1
1438402;0
1438404;0
1438406;0
1438420;0
1438422;0
1438432;0
1438434;1
1438438;0
1438440;0
1438448;1
1438458;0
1438462;1
1438472;0
1438474;0
1438482;0
1438484;1
1438488;0
1438494;0
1438498;0
1438500;1
1438502;1
1438504;0
1438506;1
1438510;1
1438516;0
1438522;1
1438524;0
1438534;0
1438538;0
1438542;0
1438544;0
1438548;0
1438556;1
1438560;0
1438566;0
1438568;1
1438580;0
1438582;1
1438586;1
1438596;0
1438612;0
1438614;0
1438618;0
1438620;0
1438622;1
1438624;1
1438626;1
1438632;0
1438642;1
1438644;1
1438646;0
1438654;0
1438670;0
1438674;0
1438682;0
1438688;0
1438692;0
1438696;1
1438702;0
1438712;0
1438714;1
1438716;0
1438718;0
1438720;0
1438724;1
1438726;1
1438728;0
1438736;0
1438740;0
1438746;0
1438752;0
1438756;0
1438760;1
1438782;1
1438792;0
1438800;0
1438812;1
1438814;0
1438818;0
1438824;0
1438826;0
1438830;0
1438834;0
1438842;1
1438844;1
1438854;0
1438856;1
1438864;1
1438868;0
1438870;0
1438876;0
1438880;0
1438890;1
1438894;1
1438898;1
1438900;0
1438906;0
1438908;0
1438912;0
1438914;0
1438916;1
1438922;0
1438924;1
1438926;0
1438930;0
1438932;1
1438936;1
1438942;1
1438946;0
1438948;0
1438950;0
1438956;0
1438960;1
1438962;1
1438964;0
1438968;1
1438970;1
1438974;0
1438978;0
1438988;0
1438990;0
1438994;1
1438996;0
1439006;1
1439008;0
1439010;1
1439020;1
1439024;0
1439032;0
1439040;1
1439048;0
1439050;1
1439062;1
1439064;1
1439070;1
1439074;0
1439078;0
1439084;1
1439088;0
1439090;0
1439092;0
1439106;0
1439108;0
1439112;0
1439120;1
1439124;0
1439128;0
1439130;0
1439142;0
1439146;0
1439150;1
1439156;0
1439160;0
1439162;0
1439166;0
1439182;0
1439186;1
1439192;0
1439194;1
1439200;0
1439202;0
1439206;1
1439208;0
1439220;1
1439222;0
1439224;1
1439226;0
1439232;0
1439242;1
1439244;0
1439250;0
1439254;0
1439256;1
1439268;0
1439270;1
1439272;0
1439280;0
1439286;1
1439296;0
1439300;0
1439302;0
1439306;0
1439310;0
1439314;1
1439322;0
1439328;0
1439330;1
1439334;0
1439336;1
1439338;0
1439340;1
1439344;1
1439346;0
1439350;1
1439352;1
1439358;1
1439360;1
1439380;1
1439382;1
1439386;0
1439398;0
1439410;1
1439422;0
1439426;0
1439430;0
1439446;1
1439460;0
1439468;0
1439472;0
1439474;0
1439476;1
1439482;1
1439486;0
1439488;0
1439490;0
1439500;0
1439504;0
1439510;0
1439514;0
1439518;0
1439520;0
1439522;0
1439532;1
1439544;1
1439552;0
1439554;0
1439560;0
1439562;0
1439564;0
1439570;1
1439578;1
1439582;1
1439586;0
1439590;0
1439594;0
1439596;0
1439612;1
1439628;0
1439632;0
1439634;1
1439642;0
1439644;1
1439646;1
1439648;0
1439652;0
1439654;0
1439656;1
1439660;0
1439672;0
1439678;0
1439684;0
1439688;1
1439690;0
1439692;0
1439694;0
1439698;1
1439700;0
1439702;0
1439704;0
1439730;1
1439738;1
1439740;1
1439744;1
1439746;0
1439748;1
1439754;0
1439758;0
1439764;0
1439766;1
1439768;1
1439772;0
1439774;1
1439778;1
1439784;0
1439798;1
1439804;0
1439814;0
1439822;0
1439826;1
1439832;1
1439842;0
1439844;1
1439856;0
1439858;1
1439864;1
1439866;1
1439868;0
1439870;1
1439874;1
1439884;0
1439886;0
1439888;0
1439890;0
1439898;0
1439900;0
1439906;0
1439920;0
1439932;0
1439936;1
1439940;0
1439944;1
1439948;0
1439950;0
1439952;0
1439970;1
1439984;0
1439986;1
1439998;0
1440000;0
1440002;1
1440010;1
1440012;0
1440014;1
1440016;0
1440018;1
1440020;0
1440022;0
1440024;0
1440040;1
1440042;0
1440044;0
1440046;0
1440052;0
1440054;0
1440066;0
1440072;0
1440074;0
1440078;0
1440084;0
1440092;0
1440094;1
1440096;0
1440106;0
1440110;0
1440112;1
1440132;0
1440138;1
1440140;0
1440146;1
1440160;0
1440162;0
1440164;0
1440172;0
1440174;1
1440176;1
1440178;0
1440192;0
1440196;0
1440198;1
1440200;1
1440202;0
1440216;0
1440218;1
1440230;1
1440234;1
1440238;1
1440244;0
1440260;0
1440274;1
1440276;1
1440278;0
1440284;0
1440288;0
1440290;0
1440292;1
1440294;1
1440296;0
1440298;0
1440302;0
1440304;0
1440308;0
1440312;1
1440316;0
1440318;1
1440320;1
1440326;0
1440340;0
1440342;1
1440346;0
1440348;1
1440350;1
1440352;0
1440354;0
1440368;0
1440376;1
1440380;0
1440386;0
1440388;0
1440390;1
1440394;0
1440398;1
1440402;0
1440406;0
1440418;0
1440420;1
1440424;0
1440434;0
1440446;0
1440450;1
1440452;1
1440454;1
1440456;0
1440460;0
1440470;0
1440472;0
1440478;1
1440482;1
1440484;0
1440488;1
1440490;0
1440494;1
1440498;0
1440500;0
1440504;0
1440506;1
1440510;1
1440516;0
1440518;1
1440522;1
1440524;0
1440530;1
1440532;1
1440536;1
1440538;0
1440540;0
1440542;1
1440546;0
1440548;0
1440552;0
1440566;0
1440572;1
1440574;0
1440578;1
1440580;1
1440584;1
1440586;0
1440590;0
1440608;0
1440612;0
1440624;0
1440638;1
1440642;0
1440656;0
1440658;0
1440664;0
1440674;1
1440678;0
1440680;0
1440682;0
1440684;1
1440692;0
1440694;0
1440696;1
1440700;1
1440702;1
1440710;0
1440712;0
1440714;1
1440716;0
1440718;1
1440720;1
1440722;1
1440724;1
1440726;0
1440728;1
1440734;1
1440736;0
1440742;1
1440744;0
1440748;1
1440756;1
1440760;1
1440764;0
1440768;0
1440776;0
1440778;0
1440784;0
1440786;0
1440788;0
1440790;0
1440794;0
1440798;0
1440804;0
1440806;0
1440808;1
1440810;1
1440814;0
1440816;0
1440818;0
1440822;0
1440846;0
1440850;1
1440856;0
1440860;1
1440862;0
1440866;0
1440874;0
1440876;0
1440882;1
1440884;0
1440886;0
1440890;1
1440892;0
1440902;0
1440904;0
1440914;0
1440916;1
1440922;0
1440942;1
1440946;0
1440948;0
1440954;0
1440958;1
1440962;1
1440964;0
1440968;0
1440972;1
1440976;0
1440978;1
1440986;0
1440988;1
1441002;0
1441012;1
1441014;1
1441018;1
1441032;1
1441036;1
1441038;1
1441040;1
1441046;1
1441048;0
1441054;0
1441056;1
1441062;0
1441068;0
1441072;0
1441074;0
1441076;1
1441078;1
1441080;1
1441084;1
1441094;0
1441098;1
1441100;1
1441102;0
1441108;0
1441110;1
1441114;0
1441118;0
1441122;1
1441126;0
1441130;1
1441132;0
1441134;0
1441140;1
1441148;0
1441152;1
1441154;1
1441156;0
1441158;0
1441164;0
1441166;1
1441170;0
1441172;0
1441174;1
1441178;1
1441182;0
1441184;0
1441190;0
1441192;0
1441194;0
1441196;1
1441198;0
1441202;1
1441206;1
1441208;1
1441210;0
1441212;1
1441224;0
1441228;1
1441230;1
1441232;0
1441234;0
1441238;0
1441240;1
1441242;0
1441264;0
1441268;0
1441270;1
1441272;0
1441288;0
1441290;1
1441292;1
1441296;1
1441300;0
1441302;0
1441310;1
1441324;1
1441332;0
1441334;0
1441336;1
1441342;1
1441344;1
1441350;0
1441352;0
1441356;0
1441362;0
1441370;0
1441382;0
1441384;0
1441386;1
1441390;0
1441396;1
1441408;1
1441410;1
1441418;1
1441420;1
1441424;0
1441432;0
1441434;0
1441438;0
1441442;1
1441450;1
1441454;1
1441456;1
1441458;0
1441466;1
1441468;0
1441470;0
1441474;0
1441478;0
1441488;1
1441492;1
1441498;0
1441500;0
1441506;0
1441522;0
1441524;1
1441530;0
1441532;1
1441538;1
1441544;0
1441548;0
1441550;1
1441552;0
1441554;1
1441558;1
1441562;0
1441564;0
1441576;1
1441586;0
1441590;0
1441592;0
1441594;0
1441600;0
1441604;1
1441608;1
1441612;1
1441614;0
1441618;1
1441620;0
1441628;0
1441632;0
1441638;0
1441640;0
1441646;0
1441660;0
1441666;0
1441668;1
1441684;1
1441688;1
1441696;0
1441700;1
1441702;1
1441710;0
1441714;0
1441716;0
1441718;0
1441722;0
1441730;1
1441732;1
1441734;0
1441736;0
1441738;0
1441740;1
1441742;1
1441744;0
1441746;1
1441748;0
1441754;0
1441764;0
1441770;1
1441772;1
1441774;0
1441784;1
1441786;0
1441792;0
1441798;0
1441800;0
1441802;1
1441804;0
1441806;1
1441812;0
1441822;0
1441828;0
1441844;0
1441848;0
1441852;0
1441854;1
1441856;0
1441858;1
1441860;0
1441872;1
1441876;1
1441878;0
1441884;1
1441894;0
1441912;0
1441926;0
1441938;1
1441942;1
1441944;0
1441950;0
1441952;0
1441956;1
1441960;1
1441962;0
1441964;0
1441966;1
1441982;0
1441990;0
1442000;0
1442002;1
1442012;0
1442026;0
1442034;0
1442038;0
1442042;0
1442054;0
1442056;1
1442062;1
1442066;0
1442070;0
1442072;0
1442074;0
1442078;1
1442080;0
1442090;0
1442094;1
1442100;1
1442108;0
1442110;1
1442120;1
1442122;1
1442132;0
1442134;0
1442136;0
1442140;0
1442144;0
1442148;1
1442164;0
1442166;0
1442168;1
1442176;1
1442178;0
1442182;1
1442190;1
1442194;0
1442206;0
1442214;0
1442216;1
1442222;0
1442224;0
1442230;1
1442232;0
1442246;0
1442258;1
1442260;1
1442270;0
1442276;0
1442286;1
1442292;1
1442294;1
1442296;0
1442300;1
1442302;0
1442312;0
1442334;1
1442338;0
1442352;0
1442356;0
1442358;1
1442364;1
1442368;0
1442370;1
1442372;1
1442374;0
1442382;1
1442384;0
1442392;0
1442396;1
1442398;1
1442402;0
1442406;1
1442408;1
1442412;1
1442418;0
1442422;1
1442424;0
1442428;1
1442434;1
1442436;0
1442444;1
1442448;0
1442454;0
1442458;0
1442460;0
1442464;0
1442468;1
1442470;0
1442472;1
1442476;0
1442482;1
1442486;0
1442496;0
1442498;0
1442502;0
1442504;1
1442508;1
1442510;0
1442514;0
1442520;0
1442524;0
1442532;0
1442534;0
1442538;0
1442540;0
1442542;0
1442544;1
1442546;1
1442552;1
1442558;0
1442570;1
1442574;0
1442576;1
1442578;0
1442580;0
1442588;1
1442590;1
1442594;1
1442602;0
1442608;0
1442620;1
1442626;0
1442628;0
1442634;0
1442636;1
1442640;1
1442644;1
1442646;0
1442650;0
1442654;0
1442656;1
1442658;0
1442670;1
1442672;1
1442674;1
1442676;0
1442678;1
1442680;0
1442690;1
1442694;1
1442696;1
1442698;0
1442700;0
1442710;1
1442714;1
1442724;0
1442730;0
1442732;0
1442734;0
1442738;0
1442742;1
1442744;1
1442746;1
1442762;0
1442766;0
1442770;1
1442772;0
1442774;0
1442776;0
1442784;1
1442796;1
1442802;0
1442804;1
1442810;1
1442812;0
1442814;1
1443010;0
1443014;0
1443020;1
1443022;0
1443040;0
1443042;0
1443050;1
1443054;1
1443070;0
1443074;1
1443078;0
1443080;0
1443094;0
1443098;1
1443110;0
1443116;0
1443120;1
1443122;0
1443126;1
1443142;0
1443148;0
1443154;1
1443158;1
1443162;0
1443176;1
1443180;0
1443184;0
1443188;0
1443196;0
1443202;0
1443210;0
1443216;0
1443222;1
1443228;1
1443230;0
1443236;1
1443240;0
1443242;1
1443244;0
1443254;1
1443256;1
1443260;0
1443264;0
1443270;0
1443274;1
1443286;0
1443292;0
1443296;1
1443298;0
1443304;1
1443306;1
1443312;0
1443330;0
1443332;0
1443336;1
1443342;0
1443352;0
1443354;1
1443358;1
1443364;1
1443366;0
1443372;0
1443374;0
1443378;0
1443380;1
1443388;0
1443390;0
1443396;1
1443400;1
1443402;0
1443404;0
1443406;1
1443410;0
1443416;0
1443418;0
1443426;0
1443436;0
1443438;0
1443440;0
1443446;0
1443450;0
1443456;0
1443458;0
1443460;0
1443462;1
1443466;1
1443468;0
1443472;0
1443476;1
1443482;0
1443494;0
1443498;0
1443502;1
1443508;0
1443516;1
1443530;0
1443540;0
1443550;1
1443554;1
1443558;0
1443560;1
1443564;1
1443568;0
1443574;1
1443576;1
1443596;0
1443610;1
1443616;1
1443620;0
1443622;1
1443624;0
1443628;1
1443632;0
1443634;0
1443636;0
1443642;1
1443644;0
1443654;1
1443656;1
1443658;1
1443664;1
1443670;1
1443672;1
1443684;0
1443686;1
1443698;0
1443700;1
1443708;1
1443778;0
1443798;0
1443800;1
1443802;0
1443808;0
1443816;0
1443822;0
1443824;0
1443838;1
1443852;0
1443860;0
1443862;1
1443868;0
1443876;1
1443890;1
1443894;0
1443896;1
1443902;0
1443908;0
1443910;1
1443914;0
1443918;0
1443934;0
1443940;1
1443942;0
1443944;1
1443946;1
1443950;0
1443952;0
1443954;0
1443958;0
1443966;0
1443978;0
1443988;0
1443990;1
1444000;0
1444002;0
1444006;0
1444008;0
1444014;0
1444016;1
1444018;1
1444020;0
1444026;0
1444028;0
1444030;0
1444032;1
1444040;0
1444046;0
1444048;0
1444050;1
1444054;0
1444060;0
1444062;0
1444064;0
1444066;1
1444068;0
1444074;0
1444076;0
1444078;0
1444080;0
1444084;1
1444086;1
1444088;1
1444092;0
1444094;1
1444096;0
1444098;0
1444106;0
1444108;0
1444112;1
1444116;0
1444118;0
1444120;1
1444122;1
1444128;1
1444130;0
1444134;0
1444136;1
1444138;1
1444142;0
1444144;0
1444148;0
1444162;1
1444164;0
1444166;1
1444170;1
1444174;1
1444178;0
1444182;0
1444184;0
1444186;0
1444188;0
1444190;0
1444202;0
1444204;0
1444210;0
1444216;0
1444220;0
1444222;0
1444224;0
1444226;0
1444232;0
1444234;0
1444238;1
1444246;0
1444248;0
1444250;1
1444252;0
1444258;1
1444264;1
1444266;0
1444268;0
1444276;0
1444278;0
1444280;0
1444284;0
1444288;0
1444296;1
1444302;1
1444304;0
1444306;1
1444312;1
1444316;1
1444320;1
1444324;1
1444326;0
1444336;0
1444338;1
1444344;1
1444348;0
1444350;1
1444356;1
1444358;0
1444370;0
1444374;0
1444376;0
1444384;0
1444386;1
1444388;1
1444392;1
1444394;0
1444396;0
1444414;0
1444416;0
1444420;1
1444422;1
1444430;0
1444436;0
1444440;0
1444442;0
1444444;0
1444446;0
1444448;1
1444454;0
1444460;1
1444464;0
1444468;1
1444488;0
1444490;0
1444496;0
1444498;1
1444502;1
1444508;0
1444510;0
1444516;0
1444520;0
1444524;0
1444532;1
1444534;0
1444556;0
1444564;0
1444566;1
1444576;0
1444580;1
1444584;0
1444586;1
1444588;1
1444590;1
1444592;0
1444594;0
1444596;0
1444608;0
1444614;1
1444616;1
1444622;1
1444626;0
1444634;1
1444638;0
1444644;0
1444650;1
1444656;1
1444658;0
1444662;0
1444670;1
1444672;1
1444678;1
1444680;0
1444684;0
1444694;0
1444698;1
1444700;0
1444712;0
1444716;0
1444730;0
1444732;0
1444734;1
1444740;0
1444742;0
1444744;0
1444746;1
1444750;1
1444762;0
1444764;0
1444766;0
1444780;0
1444792;1
1444794;0
1444798;0
1444806;0
1444810;0
1444824;0
1444826;1
1444828;1
1444836;0
1444840;0
1444844;0
1444846;0
1444852;0
1444854;1
1444862;1
1444868;1
1444876;0
1444884;1
1444890;0
1444892;0
1444898;0
1444900;1
1444908;1
1444914;1
1444920;1
1444922;0
1444926;0
1444930;0
1444932;0
1444938;0
1444948;0
1444950;0
1444952;0
1444964;1
1444966;1
1444968;0
1444972;0
1444974;0
1444978;1
1444988;1
1444990;0
1444996;0
1444998;0
1445000;0
1445004;1
1445012;0
1445014;1
1445022;1
1445024;0
1445026;0
1445040;0
1445044;0
1445046;1
1445048;0
1445050;0
1445074;0
1445082;0
1445088;0
1445094;1
1445104;1
1445112;0
1445130;0
1445132;1
1445136;1
1445142;1
1445160;1
1445168;1
1445174;0
1445182;0
1445184;1
1445188;1
1445190;1
1445196;0
1445212;1
1445224;0
1445226;0
1445228;1
1445234;0
1445238;1
1445242;0
1445244;0
1445246;0
1445260;1
1445262;1
1445268;0
1445270;0
1445272;0
1445276;0
1445278;0
1445280;1
1445284;0
1445296;1
1445300;0
1445302;0
1445320;0
1445326;1
1445328;0
1445330;1
1445332;1
1445334;1
1445340;1
1445348;1
1445358;0
1445360;0
1445366;0
1445372;1
1445374;0
1445376;0
1445378;0
1445386;0
1445388;1
1445398;0
1445400;1
1445402;0
1445406;0
1445408;1
1445412;1
1445428;0
1445432;0
1445436;0
1445442;1
1445462;0
1445466;0
1445470;0
1445472;0
1445476;0
1445478;1
1445480;0
1445490;0
1445502;1
1445506;0
1445508;0
1445514;0
1445516;0
1445522;1
1445526;0
1445534;0
1445536;1
1445542;1
1445548;1
1445556;0
1445564;0
1445568;0
1445580;1
1445582;1
1445586;0
1445590;1
1445592;0
1445604;0
1445608;0
1445610;0
1445612;1
1445614;0
1445616;1
1445622;1
1445626;0
1445630;1
1445634;1
1445638;0
1445646;0
1445648;1
1445650;0
1445676;1
1445678;0
1445702;1
1445704;1
1445708;1
1445714;1
1445718;0
1445722;0
1445730;0
1445736;1
1445740;0
1445742;1
1445746;1
1445748;0
1445752;1
1445770;0
1445780;1
1445792;0
1445794;1
1445798;0
1445812;1
1445816;0
1445818;1
1445820;0
1445828;0
1445834;0
1445836;0
1445838;0
1445840;0
1445842;0
1445846;0
1445848;1
1445850;0
1445854;1
1445856;1
1445858;0
1445868;0
1445870;1
1445874;0
1445876;0
1445884;0
1445886;0
1445888;0
1445892;0
1445914;0
1445922;1
1445924;0
1445930;0
1445932;0
1445934;1
1445936;0
1445938;0
1445940;0
1445942;0
1445944;1
1445946;0
1445952;1
1445960;0
1445962;0
1445964;0
1445966;0
1445968;0
1445972;0
1445976;1
1445978;0
1445980;1
1445992;0
1445996;0
1446000;0
1446018;1
1446020;1
1446028;0
1446030;0
1446032;1
1446034;1
1446042;1
1446044;0
1446046;0
1446062;1
1446070;0
1446090;1
1446094;1
1446102;1
1446104;0
1446106;0
1446108;0
1446110;1
1446118;1
1446126;0
1446130;1
1446132;0
1446142;1
1446146;0
1446148;1
1446152;0
1446154;0
1446156;1
1446158;0
1446162;0
1446172;0
1446174;0
1446180;0
1446184;1
1446186;0
1446188;0
1446192;1
1446194;1
1446196;1
1446198;0
1446202;0
1446204;0
1446206;1
1446208;1
1446212;0
1446214;1
1446216;1
1446218;0
1446220;1
1446230;0
1446232;0
1446234;0
1446236;1
1446244;0
1446248;0
1446252;0
1446264;0
1446270;1
1446272;1
1446282;0
1446284;0
1446286;1
1446288;0
1446294;1
1446296;0
1446328;0
1446338;0
1446340;0
1446344;0
1446346;1
1446350;0
1446354;0
1446358;1
1446360;0
1446368;0
1446372;0
1446376;1
1446386;0
1446394;0
1446396;0
1446398;1
1446400;0
1446416;0
1446420;0
1446426;0
1446428;0
1446430;0
1446438;0
1446440;1
1446444;1
1446450;0
1446452;1
1446454;0
1446462;0
1446464;1
1446468;0
1446478;1
1446482;1
1446484;1
1446488;0
1446494;0
1446506;0
1446508;0
1446538;0
1446546;0
1446548;0
1446552;1
1446558;0
1446560;1
1446566;0
1446570;0
1446586;1
1446592;0
1446600;0
1446608;0
1446628;0
1446630;1
1446632;1
1446640;0
1446644;0
1446648;1
1446650;1
1446664;1
1446668;1
1446672;0
1446678;0
1446688;1
1446694;1
1446700;1
1446708;1
1446710;0
1446714;0
1446718;1
1446728;0
1446734;0
1446736;1
1446738;0
1446744;0
1446746;0
1446748;0
1446752;1
1446756;0
1446760;0
1446766;0
1446772;1
1446774;0
1446784;0
1446796;0
1446798;1
1446800;0
1446802;0
1446806;0
1446808;0
1446812;1
1446816;0
1446820;1
1446836;1
1446838;1
1446848;0
1446854;0
1446858;0
1446862;1
1446874;0
1446876;0
1446880;0
1446884;0
1446888;0
1446894;0
1446904;1
1446914;0
1446916;0
1446922;1
1446930;0
1446940;0
1446942;1
1446948;1
1446952;1
1446956;0
1446960;0
1446966;0
1446968;0
1446970;1
1446972;1
1446974;0
1446998;0
1447002;1
1447006;1
1447008;0
1447012;0
1447016;0
1447020;1
1447022;0
1447030;0
1447032;0
1447040;1
1447050;0
1447054;0
1447056;0
1447058;1
1447064;1
1447066;0
1447078;1
1447080;1
1447096;1
1447098;1
1447106;1
1447110;1
1447112;1
1447116;0
1447124;0
1447128;0
1447130;0
1447134;1
1447144;0
1447146;0
1447152;0
1447154;0
1447160;1
1447164;0
1447166;1
1447168;0
1447170;1
1447172;1
1447178;0
1447180;1
1447212;0
1447220;1
1447224;1
1447226;0
1447232;0
1447238;1
1447240;1
1447246;1
1447248;1
1447250;1
1447252;0
1447254;0
1447266;1
1447270;0
1447274;1
1447278;0
1447280;0
1447282;0
1447284;0
1447286;0
1447292;1
1447296;0
1447298;0
1447300;0
1447306;0
1447308;1
1447310;0
1447312;0
1447314;0
1447316;0
1447318;0
1447320;1
1447322;0
1447324;0
1447326;1
1447330;1
1447332;0
1447350;0
1447352;0
1447364;0
1447368;0
1447374;0
1447376;1
1447380;0
1447382;0
1447388;0
1447400;0
1447402;0
1447408;0
1447410;1
1447412;0
1447416;0
1447418;0
1447424;0
1447430;0
1447432;0
1447434;1
1447436;0
1447438;1
1447448;1
1447460;1
1447462;0
1447464;0
1447468;0
1447470;0
1447472;0
1447478;1
1447482;0
1447484;1
1447486;0
1447488;0
1447490;1
1447494;0
1447498;1
1447500;0
1447502;0
1447506;0
1447512;0
1447518;0
1447536;1
1447538;0
1447556;1
1447558;1
1447560;0
1447562;1
1447570;1
1447572;0
1447574;1
1447582;1
1447592;1
1447596;0
1447602;0
1447604;1
1447606;1
1447608;0
1447612;0
1447614;0
1447624;0
1447626;1
1447628;1
1447630;0
1447632;1
1447644;0
1447656;0
1447658;1
1447662;0
1447668;0
1447670;0
1447672;1
1447674;0
1447678;0
1447680;0
1447694;0
1447714;0
1447738;0
1447740;0
1447744;0
1447754;0
1447756;0
1447760;0
1447778;0
1447784;1
1447790;1
1447792;0
1447806;0
1447810;0
1447816;1
1447818;1
1447820;1
1447822;1
1447834;1
1447836;1
1447844;1
1447846;0
1447856;0
1447860;0
1447864;0
1447872;0
1447878;0
1447882;0
1447884;0
1447886;1
1447890;0
1447894;1
1447896;1
1447898;1
1447900;0
1447910;1
1447912;0
1447914;1
1447918;0
1447920;0
1447926;1
1447930;0
1447934;0
1447938;1
1447940;0
1447942;0
1447944;1
1447948;0
1447952;0
1447954;1
1447960;1
1447964;1
1447968;0
1447970;0
1447972;0
1447974;1
1447980;1
1447984;1
1447986;1
1447990;1
1447994;0
1447998;0
1448000;0
1448002;0
1448004;1
1448008;0
1448012;0
1448018;0
1448020;0
1448032;0
1448034;1
1448036;0
1448038;0
1448042;0
1448054;0
1448074;0
1448076;1
1448078;0
1448094;0
1448102;0
1448110;0
1448116;0
1448122;0
1448126;1
1448130;1
1448138;1
1448140;1
1448160;1
1448162;0
1448166;0
1448194;0
1448196;0
1448198;1
1448202;1
1448204;0
1448206;0
1448212;0
1448214;0
1448216;0
1448218;1
1448226;1
1448228;0
1448234;1
1448252;0
1448254;1
1448258;0
1448262;0
1448264;1
1448266;0
1448270;0
1448272;0
1448274;0
1448276;0
1448282;0
1448300;0
1448302;0
1448306;0
1448314;0
1448318;0
1448322;0
1448324;1
1448330;1
1448332;1
1448334;0
1448336;0
1448338;1
1448340;1
1448342;0
1448348;0
1448352;1
1448354;0
1448360;1
1448362;0
1448368;1
1448376;1
1448378;1
1448380;0
1448388;1
1448390;0
1448392;1
1448398;1
1448400;1
1448410;1
1448416;0
1448422;0
1448424;0
1448426;0
1448428;0
1448430;0
1448436;0
1448442;1
1448444;1
1448446;1
1448450;0
1448454;0
1448458;0
1448466;0
1448470;0
1448474;0
1448480;0
1448482;1
1448484;1
1448488;1
1448508;0
1448516;0
1448518;0
1448522;0
1448524;0
1448532;0
1448546;1
1448548;0
1448554;1
1448558;1
1448562;0
1448574;0
1448578;0
1448584;1
1448588;0
1448590;0
1448594;1
1448600;1
1448602;0
1448604;0
1448608;0
1448622;1
1448624;0
1448630;1
1448638;1
1448646;1
1448652;0
1448654;0
1448656;0
1448658;0
1448660;1
1448666;1
1448668;0
1448670;0
1448674;0
1448676;0
1448678;1
1448680;0
1448682;0
1448688;1
1448698;0
1448700;0
1448702;0
1448706;0
1448708;0
1448712;0
1448716;0
1448718;0
1448724;0
1448726;1
1448728;0
1448730;0
1448732;0
1448738;1
1448740;0
1448742;0
1448744;1
1448746;0
1448748;0
1448750;0
1448754;0
1448760;0
1448762;1
1448764;0
1448766;0
1448768;1
1448770;0
1448776;1
1448778;1
1448780;0
1448782;0
1448788;1
1448790;1
1448792;1
1448802;1
1448804;1
1448812;0
1448814;0
1448820;1
1448822;1
1448826;0
1448828;0
1448830;1
1448832;1
1448846;1
1448848;0
1448852;0
1448860;1
1448866;0
1448872;0
1448874;0
1448878;0
1448886;1
1448888;0
1448894;0
1448896;1
1448898;0
1448904;0
1448906;0
1448912;0
1448916;0
1448918;1
1448922;1
1448928;1
1448932;0
1448940;0
1448944;1
1448946;1
1448952;1
1448954;1
1448956;0
1448960;0
1448966;1
1448968;1
1448970;0
1448972;0
1448974;1
1448976;0
1448990;0
1448994;0
1448998;0
1449000;0
1449006;0
1449010;0
1449014;1
1449016;1
1449018;0
1449020;0
1449022;1
1449024;0
1449026;1
1449028;0
1449030;1
1449032;0
1449038;0
1449044;0
1449046;0
1449052;1
1449062;1
1449064;0
1449072;0
1449084;1
1449086;0
1449092;0
1449108;0
1449112;1
1449114;0
1449136;1
1449144;0
1449162;0
1449168;1
1449172;0
1449174;0
1449176;0
1449178;0
1449180;0
1449184;0
1449198;0
1449200;1
1449202;0
1449204;0
1449210;0
1449212;0
1449218;1
1449224;0
1449226;0
1449228;0
1449234;1
1449244;1
1449246;0
1449252;0
1449254;1
1449256;0
1449258;0
1449260;1
1449266;0
1449274;0
1449278;1
1449282;0
1449292;1
1449294;1
1449308;0
1449312;1
1449314;0
1449326;0
1449332;0
1449334;1
1449340;1
1449352;0
1449354;1
1449356;1
1449364;0
1449374;1
1449380;0
1449382;0
1449384;1
1449386;1
1449390;1
1449396;0
1449400;0
1449402;0
1449406;0
1449410;0
1449412;1
1449418;0
1449436;0
1449450;0
1449452;0
1449456;1
1449460;0
1449474;0
1449476;0
1449480;1
1449482;0
1449484;1
1449486;0
1449490;0
1449492;1
1449494;1
1449496;0
1449498;1
1449506;1
1449510;0
1449514;0
1449520;0
1449522;0
1449524;0
1449526;0
1449528;0
1449542;1
1449544;0
1449548;1
1449550;0
1449552;0
1449558;0
1449562;0
1449564;1
1449570;1
1449578;1
1449584;0
1449586;0
1449590;1
1449598;0
1449600;0
1449602;1
1449604;1
1449606;0
1449610;1
1449612;1
1449614;0
1449616;0
1449618;1
1449620;1
1449622;1
1449626;1
1449634;0
1449660;0
1449670;0
1449674;1
1449682;0
1449690;0
1449696;1
1449700;1
1449710;0
1449712;1
1449714;1
1449720;1
1449726;0
1449728;0
1449730;0
1449742;0
1449746;0
1449748;1
1449754;1
1449758;0
1449764;0
1449770;0
1449772;1
1449776;1
1449778;1
1449786;0
1449794;0
1449804;1
1449808;0
1449810;1
1449812;1
1449816;1
1449820;0
1449822;0
1449838;0
1449842;1
1449846;0
1449848;0
1449852;0
1449856;0
1449858;0
1449866;1
1449872;1
1449880;0
1449882;1
1449890;0
1449892;0
1449894;0
1449902;0
1449904;0
1449908;1
1449914;0
1449920;0
1449924;1
1449936;0
1449938;0
1449950;1
1449952;1
1449956;1
1449958;0
1449962;0
1449964;0
1449966;1
1449970;0
1449974;0
1449984;0
1449988;0
1449996;0
1449998;0
1450002;0
1450004;1
1450006;0
1450010;1
1450012;1
1450018;1
1450020;1
1450022;0
1450024;0
1450028;0
1450030;1
1450052;1
1450060;0
1450064;0
1450068;0
1450070;1
1450082;0
1450088;0
1450090;1
1450092;0
1450094;0
1450098;1
1450102;1
1450104;0
1450114;1
1450118;1
1450122;0
1450126;0
1450128;0
1450132;1
1450136;1
1450154;1
1450156;0
1450160;1
1450164;0
1450168;0
1450172;0
1450178;0
1450186;1
1450192;0
1450194;0
1450198;0
1450202;0
1450204;0
1450206;0
1450208;0
1450214;0
1450218;1
1450220;0
1450224;0
1450230;0
1450232;0
1450234;0
1450236;0
1450238;0
1450244;0
1450258;0
1450260;0
1450262;1
1450266;0
1450268;0
1450274;0
1450276;1
1450278;0
1450290;1
1450300;0
1450304;0
1450310;1
1450316;0
1450318;0
1450320;0
1450330;0
1450336;0
1450338;1
1450340;0
1450344;0
1450354;0
1450356;0
1450368;1
1450372;0
1450376;1
1450378;0
1450382;0
1450390;1
1450392;1
1450394;0
1450396;1
1450398;0
1450400;0
1450404;0
1450406;1
1450410;1
1450414;0
1450422;1
1450424;0
1450426;0
1450430;0
1450438;1
1450440;0
1450442;0
1450444;0
1450446;1
1450458;1
1450462;0
1450464;0
1450472;1
1450478;1
1450484;1
1450486;0
1450492;0
1450498;0
1450500;0
1450502;1
1450506;0
1450512;0
1450514;1
1450520;0
1450526;1
1450528;1
1450536;1
1450540;0
1450548;0
1450550;0
1450552;1
1450562;0
1450564;0
1450570;0
1450578;0
1450580;0
1450582;1
1450584;1
1450588;0
1450592;0
1450594;0
1450596;0
1450598;0
1450606;0
1450608;0
1450614;0
1450618;0
1450620;1
1450624;0
1450634;0
1450638;0
1450640;1
1450646;1
1450650;1
1450656;0
1450662;1
1450666;1
1450668;0
1450672;0
1450678;1
1450682;0
1450684;0
1450694;0
1450712;0
1450722;0
1450730;0
1450746;1
1450760;1
1450766;0
1450772;0
1450774;0
1450780;0
1450784;0
1450790;0
1450792;1
1450796;0
1450798;1
1450802;0
1450810;0
1450816;0
1450820;0
1450834;0
1450838;1
1450844;1
1450846;0
1450850;0
1450852;0
1450870;1
1450874;0
1450876;0
1450878;0
1450892;1
1450894;1
1450896;0
1450898;0
1450900;0
1450904;1
1450906;0
1450908;0
1450920;1
1450922;0
1450926;1
1450928;1
1450934;0
1450936;0
1450940;0
1450948;1
1450952;0
1450962;1
1450968;0
1450972;1
1450974;1
1450982;1
1450984;0
1450988;0
1450992;0
1450994;0
1450996;0
1451000;1
1451004;1
1451006;1
1451010;1
1451014;0
1451024;0
1451028;0
1451050;1
1451058;0
1451060;1
1451068;1
1451072;0
1451080;1
1451084;1
1451086;0
1451088;0
1451090;0
1451092;0
1451096;0
1451098;0
1451102;1
1451104;0
1451110;0
1451116;0
1451120;1
1451124;0
1451136;0
1451138;0
1451148;0
1451150;0
1451152;1
1451154;0
1451156;1
1451160;1
1451164;0
1451166;0
1451174;1
1451176;1
1451178;1
1451182;1
1451190;0
1451192;1
1451200;1
1451202;0
1451204;1
1451210;1
1451216;1
1451218;0
1451226;1
1451228;1
1451230;0
1451232;1
1451234;1
1451236;1
1451238;0
1451242;0
1451248;0
1451250;1
1451252;0
1451262;0
1451270;1
1451276;0
1451282;0
1451284;0
1451296;0
1451300;1
1451302;0
1451304;1
1451306;0
1451310;0
1451314;0
1451318;1
1451324;0
1451330;0
1451332;1
1451334;0
1451336;1
1451338;1
1451340;1
1451346;0
1451348;1
1451350;0
1451366;0
1451370;0
1451374;0
1451376;1
1451380;0
1451382;0
1451390;1
1451402;1
1451408;0
1451410;0
1451414;0
1451418;1
1451422;0
1451430;1
1451432;0
1451440;0
1451444;1
1451446;1
1451448;0
1451450;0
1451452;0
1451454;1
1451458;0
1451464;0
1451466;1
1451468;1
1451470;0
1451486;0
1451490;0
1451502;0
1451510;0
1451514;0
1451520;0
1451522;0
1451524;0
1451526;1
1451534;0
1451536;0
1451538;0
1451558;0
1451574;0
1451590;1
1451592;0
1451596;1
1451604;1
1451606;0
1451608;0
1451610;1
1451612;1
1451618;1
1451620;0
1451622;0
1451624;1
1451628;1
1451636;1
1451640;1
1451646;0
1451666;0
1451668;0
1451670;0
1451678;0
1451686;1
1451688;1
1451690;1
1451694;1
1451698;0
1451702;1
1451704;1
1451708;0
1451712;0
1451750;0
1451754;0
1451760;1
1451768;0
1451770;0
1451776;0
1451778;1
1451784;0
1451794;1
1451800;0
1451808;1
1451812;1
1451818;0
1451820;0
1451828;0
1451830;0
1451832;1
1451834;0
1451838;1
1451840;0
1451846;0
1451852;0
1451856;0
1451864;0
1451874;1
1451884;1
1451900;0
1451904;1
1451910;0
1451920;1
1451928;0
1451938;1
1451940;0
1451944;0
1451946;0
1451948;0
1451950;0
1451952;0
1451956;0
1451960;0
1451962;1
1451968;1
1451972;1
1451978;0
1451984;1
1451986;0
1451988;0
1451992;0
1452002;1
1452008;0
1452012;0
1452014;1
1452024;0
1452034;0
1452036;0
1452046;1
1452048;1
1452050;0
1452054;0
1452060;0
1452064;0
1452066;1
1452080;1
1452082;1
1452086;0
1452096;1
1452098;1
1452108;0
1452110;1
1452128;1
1452136;0
1452138;1
1452140;1
1452150;0
1452154;0
1452156;1
1452160;0
1452166;1
1452168;1
1452182;0
1452198;0
1452210;1
1452218;0
1452224;0
1452230;0
1452232;0
1452234;0
1452238;0
1452240;0
1452246;1
1452248;1
1452262;0
1452266;0
1452270;0
1452274;0
1452278;0
1452286;1
1452290;1
1452294;0
1452296;1
1452300;0
1452320;1
1452322;1
1452324;0
1452332;0
1452334;0
1452338;1
1452340;0
1452352;0
1452364;0
1452370;1
1452374;0
1452386;0
1452390;0
1452392;0
1452396;0
1452402;0
1452404;1
1452410;0
1452414;1
1452424;0
1452426;1
1452428;0
1452432;1
1452434;0
1452440;0
1452442;0
1452444;0
1452448;1
1452450;0
1452452;0
1452454;1
1452462;0
1452466;0
1452470;1
1452480;1
1452494;1
1452496;1
1452498;0
1452502;0
1452508;0
1452510;1
1452514;0
1452572;1
1452578;1
1452592;0
1452596;0
1452602;1
1452606;0
1452608;0
1452612;1
1452620;0
1452622;0
1452630;0
1452634;1
1452650;0
1452652;0
1452656;0
1452660;1
1452662;0
1452672;1
1452678;1
1452690;0
1452694;1
1452696;1
1452698;1
1452704;1
1452710;1
1452720;0
1452728;0
1452732;0
1452744;0
1452746;0
1452758;0
1452760;0
1452762;0
1452768;0
1452772;0
1452776;1
1452780;1
1452782;0
1452792;1
1452798;1
1452814;0
1452818;1
1452820;1
1452822;0
1452826;0
1452830;1
1452838;1
1452844;1
1452846;0
1452850;1
1452858;0
1452864;0
1452866;1
1452868;0
1452890;0
1452892;1
1452900;1
1452902;1
1452908;0
1452914;1
1452918;0
1452922;1
1452926;0
1452932;1
1452940;0
1452946;0
1452948;0
1452950;0
1452962;0
1452964;0
1452978;0
1452992;0
1452996;0
1452998;0
1453000;0
1453004;0
1453010;0
1453014;0
1453028;1
1453030;0
1453036;0
1453038;0
1453040;0
1453046;0
1453048;1
1453052;1
1453060;1
1453070;0
1453072;0
1453080;1
1453090;0
1453094;0
1453096;1
1453100;1
1453104;0
1453106;0
1453112;0
1453114;1
1453116;1
1453118;0
1453122;1
1453126;1
1453128;1
1453134;0
1453136;1
1453142;0
1453144;1
1453146;0
1453152;1
1453156;0
1453158;0
1453164;0
1453166;0
1453168;1
1453174;0
1453176;0
1453178;1
1453180;1
1453184;0
1453186;1
1453188;1
1453190;0
1453194;1
1453198;0
1453200;0
1453206;0
1453216;0
1453218;1
1453222;0
1453224;0
1453226;0
1453228;1
1453234;1
1453236;1
1453242;0
1453244;0
1453250;0
1453256;1
1453260;1
1453268;0
1453270;1
1453272;0
1453274;0
1453282;0
1453286;1
1453288;1
1453290;0
1453300;1
1453304;0
1453306;0
1453308;0
1453312;1
1453322;0
1453328;0
1453332;0
1453336;0
1453338;1
1453346;1
1453348;0
1453350;1
1453354;0
1453358;1
1453364;0
1453366;1
1453368;0
1453376;0
1453386;0
1453388;0
1453390;0
1453398;1
1453402;0
1453404;0
1453420;0
1453422;0
1453424;0
1453426;0
1453432;0
1453434;1
1453436;0
1453438;0
1453440;0
1453442;1
1453444;0
1453446;1
1453454;1
1453456;0
1453458;1
1453462;1
1453466;0
1453470;1
1453472;0
1453476;1
1453494;1
1453510;1
1453512;1
1453518;1
1453526;1
1453530;1
1453544;1
1453546;0
1453548;0
1453554;0
1453568;0
1453578;1
1453588;0
1453590;0
1453592;0
1453594;0
1453602;0
1453604;0
1453606;0
1453608;0
1453618;0
1453620;0
1453622;1
1453626;0
1453628;1
1453630;0
1453632;1
1453636;0
1453642;0
1453644;0
1453652;1
1453658;0
1453660;0
1453662;0
1453664;0
1453668;0
1453674;1
1453676;0
1453680;0
1453684;0
1453686;1
1453700;1
1453714;0
1453718;0
1453720;0
1453722;0
1453730;0
1453734;0
1453752;1
1453758;1
1453764;1
1453774;1
1453776;0
1453778;1
1453782;1
1453786;1
1453788;0
1453794;0
1453796;0
1453800;0
1453802;0
1453808;1
1453814;1
1453820;0
1453824;0
1453828;0
1453830;0
1453832;1
1453836;0
1453840;1
1453842;0
1453848;1
1453850;1
1453856;0
1453860;1
1453864;1
1453868;1
1453870;0
1453874;1
1453876;0
1453882;0
1453884;1
1453890;1
1453892;0
1453894;1
1453900;0
1453902;1
1453904;0
1453910;0
1453922;0
1453928;1
1453948;0
1453950;1
1453952;0
1453954;0
1453964;0
1453968;0
1453980;1
1453984;1
1453988;0
1453990;1
1453998;0
1454000;0
1454010;0
1454020;0
1454024;1
1454026;0
1454032;0
1454034;0
1454036;0
1454038;0
1454040;1
1454042;0
1454044;1
1454048;1
1454052;0
1454068;0
1454070;1
1454076;0
1454078;1
1454092;1
1454098;1
1454100;1
1454102;1
1454114;0
1454116;1
1454118;1
1454120;0
1454122;0
1454128;0
1454130;0
1454138;1
1454140;0
1454164;0
1454166;1
1454168;0
1454178;0
1454180;0
1454182;0
1454200;0
1454204;0
1454210;0
1454214;0
1454216;1
1454218;1
1454224;0
1454226;1
1454228;0
1454230;0
1454232;0
1454236;1
1454242;0
1454270;0
1454274;0
1454278;0
1454284;0
1454286;0
1454288;0
1454296;0
1454300;1
1454308;1
1454314;1
1454316;1
1454324;1
1454330;0
1454332;0
1454334;0
1454344;0
1454358;1
1454360;0
1454362;0
1454366;0
1454372;0
1454384;1
1454386;0
1454388;1
1454400;1
1454410;0
1454412;1
1454414;1
1454418;0
1454424;1
1454428;0
1454438;0
1454440;0
1454444;0
1454450;0
1454456;0
1454458;1
1454470;1
1454472;0
1454480;0
1454486;0
1454494;0
1454506;0
1454514;0
1454518;1
1454522;0
1454526;0
1454528;0
1454538;1
1454546;0
1454548;0
1454550;0
1454554;1
1454556;0
1454560;0
1454562;0
1454564;1
1454566;0
1454574;0
1454576;1
1454578;0
1454580;0
1454612;1
1454620;0
1454630;0
1454642;0
1454654;0
1454656;1
1454660;1
1454666;1
1454670;0
1454672;1
1454682;0
1454690;0
1454692;1
1454696;1
1454700;0
1454702;0
1454708;1
1454710;0
1454716;0
1454724;0
1454736;0
1454746;0
1454752;1
1454756;1
1454758;1
1454760;1
1454762;0
1454764;1
1454768;0
1454772;0
1454774;0
1454778;0
1454780;0
1454784;0
1454790;0
1454792;1
1454796;1
1454798;1
1454808;0
1454810;0
1454818;0
1454824;1
1454826;0
1454828;0
1454832;0
1454836;0
1454840;1
1454844;0
1454852;0
1454860;0
1454862;0
1454870;1
1454872;0
1454882;1
1454884;0
1454888;1
1454890;1
1454892;1
1454900;0
1454904;0
1454910;1
1454912;1
1454916;0
1454922;1
1454924;0
1454926;0
1454936;0
1454938;1
1454940;0
1454948;1
1454950;0
1454954;1
1454960;0
1454964;0
1454968;1
1454970;0
1454980;1
1454982;0
1454986;0
1454990;1
1454994;1
1454996;0
1454998;1
1455000;0
1455004;0
1455006;0
1455008;0
1455012;0
1455016;1
1455018;0
1455022;1
1455026;1
1455030;0
1455034;0
1455036;0
1455048;0
1455050;1
1455054;1
1455056;0
1455062;0
1455064;0
1455070;1
1455084;1
1455092;0
1455094;1
1455100;0
1455102;1
1455104;1
1455106;0
1455110;0
1455112;1
1455116;0
1455120;0
1455124;1
1455140;1
1455144;1
1455148;1
1455150;1
1455154;0
1455166;0
1455168;1
1455170;0
1455174;0
1455178;0
1455188;0
1455190;1
1455202;0
1455206;0
1455216;0
1455224;1
1455228;1
1455230;0
1455236;0
1455240;0
1455242;0
1455248;0
1455256;0
1455262;0
1455264;0
1455276;0
1455278;0
1455282;1
1455288;1
1455292;0
1455300;0
1455302;1
1455304;0
1455306;0
1455308;0
1455334;1
1455348;0
1455350;0
1455358;1
1455364;0
1455372;0
1455382;0
1455396;1
1455398;0
1455400;0
1455402;0
1455404;0
1455406;1
1455408;0
1455410;0
1455416;1
1455430;1
1455432;0
1455436;0
1455442;0
1455450;0
1455456;0
1455460;0
1455466;0
1455468;0
1455472;0
1455476;0
1455494;0
1455496;0
1455508;0
1455510;0
1455516;1
1455520;0
1455522;0
1455532;0
1455534;0
1455540;1
1455558;1
1455562;0
1455564;1
1455572;1
1455586;1
1455590;0
1455600;0
1455604;0
1455608;0
1455616;0
1455622;1
1455624;0
1455626;0
1455628;1
1455634;0
1455640;0
1455644;1
1455646;0
1455648;1
1455654;1
1455662;0
1455672;1
1455680;1
1455682;0
1455686;0
1455688;1
1455690;0
1455694;1
1455698;0
1455700;0
1455704;0
1455724;1
1455728;0
1455730;1
1455732;0
1455736;0
1455746;1
1455750;0
1455764;1
1455772;0
1455780;0
1455782;0
1455786;0
1455788;1
1455792;1
1455804;1
1455806;1
1455810;0
1455812;1
1455814;0
1455818;0
1455820;0
1455822;0
1455824;0
1455834;0
1455842;1
1455844;0
1455848;0
1455850;0
1455870;0
1455872;0
1455878;0
1455880;1
1455884;0
1455886;0
1455888;0
1455892;0
1455894;0
1455896;1
1455904;1
1455906;0
1455912;0
1455914;1
1455922;0
1455924;0
1455926;1
1455934;0
1455936;0
1455940;0
1455946;0
1455954;0
1455960;0
1455966;0
1455974;0
1455982;1
1455994;0
1455996;1
1455998;1
1456012;0
1456018;0
1456020;0
1456028;0
1456032;1
1456034;1
1456040;0
1456044;0
1456074;0
1456076;0
1456078;1
1456080;0
1456082;0
1456086;0
1456090;0
1456092;0
1456094;1
1456096;0
1456100;0
1456106;0
1456108;0
1456110;1
1456114;0
1456116;1
1456122;1
1456124;0
1456132;0
1456138;0
1456140;0
1456144;1
1456146;0
1456150;0
1456152;0
1456156;0
1456158;1
1456160;0
1456164;0
1456168;1
1456172;0
1456178;0
1456184;0
1456190;0
1456194;0
1456208;0
1456220;1
1456222;0
1456226;0
1456230;0
1456236;0
1456238;0
1456240;0
1456258;0
1456260;0
1456262;1
1456268;0
1456270;0
1456274;1
1456278;0
1456282;1
1456286;1
1456288;1
1456298;1
1456300;0
1456304;0
1456306;0
1456312;0
1456314;1
1456316;0
1456320;0
1456322;0
1456326;0
1456328;1
1456332;0
1456336;0
1456338;0
1456340;0
1456344;0
1456348;0
1456360;0
1456372;0
1456374;0
1456378;1
1456380;0
1456392;0
1456402;1
1456406;0
1456408;0
1456412;0
1456414;0
1456422;0
1456424;0
1456426;0
1456440;1
1456444;0
1456448;1
1456450;0
1456454;1
1456460;1
1456464;1
1456466;1
1456468;0
1456470;0
1456472;1
1456474;0
1456478;0
1456482;0
1456486;0
1456490;1
1456498;1
1456502;0
1456508;0
1456514;1
1456524;1
1456530;0
1456542;1
1456548;1
1456556;0
1456560;1
1456570;0
1456574;0
1456580;1
1456588;1
1456592;0
1456594;0
1456596;1
1456602;1
1456604;0
1456608;1
1456610;0
1456618;0
1456620;0
1456622;1
1456628;0
1456630;1
1456640;1
1456644;0
1456646;1
1456656;0
1456658;1
1456664;0
1456666;0
1456668;0
1456670;1
1456672;1
1456680;0
1456684;0
1456690;0
1456692;0
1456694;0
1456698;0
1456700;1
1456702;1
1456706;1
1456716;0
1456718;0
1456724;0
1456726;0
1456734;0
1456742;0
1456750;0
1456754;0
1456758;0
1456762;1
1456774;0
1456776;0
1456778;0
1456780;0
1456782;0
1456784;1
1456800;0
1456816;0
1456820;1
1456822;1
1456828;0
1456830;0
1456834;0
1456840;0
1456848;0
1456850;1
1456854;0
1456856;0
1456862;1
1456864;0
1456868;0
1456874;0
1456876;0
1456938;0
1456940;1
1456942;0
1456956;0
1456958;0
1456962;1
1456964;0
1456966;1
1456970;1
1456980;1
1456986;1
1456988;1
1456990;0
1456994;0
1456996;0
1457004;0
1457008;0
1457010;1
1457018;1
1457026;0
1457028;0
1457030;1
1457034;1
1457036;0
1457038;0
1457042;0
1457044;1
1457046;1
1457052;0
1457058;1
1457066;0
1457068;0
1457070;1
1457076;0
1457082;0
1457084;0
1457090;1
1457096;0
1457104;0
1457112;0
1457122;0
1457134;0
1457138;0
1457140;0
1457144;1
1457148;0
1457158;1
1457164;0
1457168;0
1457174;1
1457176;1
1457180;0
1457182;0
1457186;1
1457192;0
1457198;0
1457200;0
1457202;0
1457204;1
1457206;0
1457208;1
1457212;1
1457214;1
1457216;0
1457220;1
1457222;0
1457230;1
1457232;0
1457234;1
1457236;0
1457238;1
1457242;1
1457246;1
1457252;1
1457256;0
1457264;0
1457266;0
1457272;0
1457276;0
1457284;1
1457286;0
1457292;0
1457294;1
1457296;1
1457306;0
1457308;1
1457314;1
1457318;1
1457326;1
1457336;0
1457346;1
1457352;1
1457354;0
1457356;0
1457358;1
1457360;0
1457362;0
1457364;1
1457366;1
1457374;0
1457376;1
1457378;0
1457380;0
1457382;1
1457388;0
1457390;0
1457394;0
1457396;0
1457406;1
1457414;0
1457416;0
1457418;1
1457420;1
1457426;0
1457428;0
1457434;1
1457436;1
1457438;0
1457440;0
1457442;0
1457446;0
1457450;0
1457454;0
1457460;1
1457464;1
1457466;1
1457468;0
1457472;0
1457474;1
1457478;0
1457482;0
1457484;1
1457490;1
1457494;0
1457498;1
1457502;1
1457506;0
1457512;0
1457514;0
1457516;1
1457520;0
1457526;1
1457528;0
1457532;1
1457538;0
1457540;0
1457542;0
1457546;0
1457550;0
1457552;0
1457554;0
1457556;0
1457560;0
1457566;0
1457568;0
1457570;1
1457574;0
1457578;0
1457582;0
1457588;0
1457590;0
1457606;1
1457610;0
1457620;1
1457622;0
1457640;1
1457656;1
1457672;0
1457678;1
1457680;1
1457686;0
1457690;0
1457692;0
1457698;0
1457702;0
1457706;0
1457716;0
1457718;1
1457728;0
1457732;0
1457736;0
1457740;0
1457742;0
1457744;0
1457746;1
1457752;0
1457754;1
1457756;0
1457758;1
1457760;0
1457772;0
1457774;1
1457778;0
1457780;1
1457792;0
1457794;0
1457802;0
1457816;0
1457820;1
1457824;0
1457826;1
1457828;1
1457832;1
1457840;1
1457848;0
1457850;0
1457858;0
1457860;0
1457862;1
1457864;1
1457872;1
1457878;1
1457880;1
1457884;1
1457888;0
1457890;1
1457894;0
1457898;0
1457900;0
1457902;1
1457904;0
1457906;0
1457908;0
1457910;0
1457914;1
1457916;1
1457920;0
1457930;0
1457932;1
1457940;1
1457942;0
1457944;0
1457946;1
1457954;0
1457964;0
1457974;1
1457976;1
1457980;0
1457988;0
1457990;0
1457992;0
1458002;1
1458006;1
1458010;0
1458012;0
1458016;1
1458018;1
1458020;0
1458028;1
1458034;0
1458038;0
1458042;1
1458046;0
1458054;0
1458058;0
1458064;1
1458066;0
1458070;0
1458078;0
1458084;0
1458090;1
1458100;1
1458104;1
1458106;1
1458108;0
1458110;0
1458112;1
1458116;1
1458122;0
1458126;1
1458130;0
1458132;0
1458136;0
1458140;0
1458144;1
1458152;0
1458156;1
1458158;0
1458166;0
1458168;0
1458172;0
1458174;1
1458176;0
1458184;0
1458190;1
1458196;0
1458198;1
1458200;0
1458202;0
1458210;1
1458218;1
1458220;0
1458224;1
1458226;0
1458230;1
1458234;1
1458240;0
1458242;0
1458248;0
1458260;0
1458272;0
1458274;0
1458276;0
1458278;0
1458280;0
1458292;1
1458298;1
1458300;0
1458302;0
1458304;0
1458306;1
1458310;0
1458312;0
1458314;0
1458316;0
1458318;1
1458320;0
1458322;1
1458324;1
1458326;0
1458330;0
1458332;0
1458336;1
1458340;0
1458344;0
1458346;0
1458348;1
1458350;0
1458352;1
1458354;0
1458358;0
1458362;0
1458364;0
1458366;0
1458368;1
1458370;1
1458374;0
1458376;0
1458382;0
1458384;0
1458386;1
1458388;0
1458390;1
1458392;0
1458394;0
1458396;0
1458398;0
1458404;0
1458406;0
1458408;0
1458414;0
1458416;0
1458418;1
1458424;0
1458430;0
1458432;1
1458436;0
1458438;0
1458440;0
1458442;0
1458446;0
1458448;0
1458452;0
1458478;0
1458480;0
1458482;0
1458484;0
1458488;1
1458490;0
1458492;1
1458494;1
1458496;0
1458498;1
1458506;1
1458510;0
1458512;0
1458518;1
1458522;1
1458530;1
1458534;0
1458536;0
1458538;0
1458542;1
1458546;1
1458548;0
1458550;1
1458552;0
1458556;1
1458558;0
1458568;1
1458572;0
1458574;0
1458578;1
1458596;1
1458606;1
1458608;0
1458610;0
1458612;0
1458618;0
1458620;1
1458626;0
1458638;0
1458654;0
1458656;1
1458658;1
1458660;1
1458662;0
1458668;1
1458670;0
1458672;0
1458674;0
1458682;0
1458686;1
1458698;0
1458702;0
1458704;0
1458712;0
1458718;0
1458720;1
1458722;0
1458728;0
1458730;0
1458732;0
1458736;0
1458740;0
1458754;0
1458756;0
1458758;0
1458760;1
1458762;0
1458764;0
1458770;0
1458780;1
1458784;0
1458792;1
1458798;0
1458802;1
1458804;0
1458808;0
1458810;1
1458812;0
1458814;0
1458822;0
1458832;0
1458834;0
1458836;0
1458838;1
1458840;0
1458842;0
1458844;1
1458846;0
1458848;0
1458852;1
1458854;0
1458856;0
1458860;1
1458862;0
1458864;1
1458868;1
1458870;0
1458874;1
1458878;1
1458880;1
1458884;0
1458886;0
1458888;1
1458890;0
1458898;0
1458910;0
1458920;1
1458922;0
1458930;0
1458932;0
1458938;1
1458940;1
1458942;1
1458944;1
1458950;0
1458956;1
1458962;0
1458964;0
1458966;0
1458968;0
1458970;1
1458978;0
1458982;0
1458988;0
1458994;0
1459000;1
1459004;1
1459010;1
1459014;0
1459016;0
1459020;0
1459036;0
1459040;0
1459042;0
1459044;1
1459050;1
1459070;0
1459072;1
1459074;0
1459076;0
1459078;0
1459080;0
1459082;0
1459084;0
1459090;1
1459092;1
1459094;0
1459096;1
1459106;1
1459108;0
1459110;1
1459112;0
1459116;0
1459120;1
1459130;0
1459132;0
1459150;0
1459152;0
1459156;0
1459166;1
1459170;0
1459172;0
1459180;1
1459190;0
1459194;1
1459196;1
1459202;0
1459212;1
1459214;0
1459216;1
1459228;0
1459230;0
1459236;0
1459240;0
1459242;0
1459244;1
1459254;0
1459256;1
1459258;1
1459264;0
1459272;0
1459274;1
1459276;0
1459278;1
1459280;0
1459282;1
1459286;0
1459294;0
1459308;0
1459310;1
1459312;1
1459328;1
1459332;0
1459334;1
1459338;1
1459340;0
1459344;0
1459346;0
1459348;1
1459352;0
1459356;1
1459360;0
1459362;1
1459370;1
1459376;0
1459378;1
1459386;0
1459388;0
1459390;1
1459394;1
1459396;1
1459398;1
1459402;1
1459404;0
1459416;1
1459432;1
1459436;1
1459440;1
1459442;0
1459464;1
1459470;0
1459472;0
1459474;0
1459476;1
1459486;1
1459488;0
1459500;1
1459502;1
1459504;0
1459510;0
1459516;0
1459518;1
1459522;0
1459526;1
1459528;0
1459530;1
1459532;0
1459534;0
1459538;0
1459550;1
1459552;1
1459554;1
1459560;0
1459562;1
1459568;0
1459570;0
1459574;0
1459576;0
1459582;1
1459588;1
1459590;0
1459592;0
1459596;0
1459602;0
1459606;0
1459614;0
1459628;0
1459630;1
1459634;1
1459640;0
1459642;0
1459644;0
1459654;0
1459656;0
1459660;1
1459666;0
1459668;1
1459670;0
1459672;1
1459676;0
1459678;0
1459680;0
1459682;1
1459684;0
1459688;0
1459690;1
1459692;0
1459696;0
1459698;0
1459700;0
1459706;0
1459710;0
1459712;1
1459720;1
1459726;0
1459734;0
1459738;0
1459740;0
1459744;0
1459750;0
1459752;0
1459754;0
1459760;1
1459762;1
1459764;1
1459778;0
1459792;1
1459794;1
1459798;0
1459800;1
1459802;1
1459810;1
1459812;1
1459816;0
1459820;0
1459822;0
1459830;0
1459832;0
1459838;1
1459840;0
1459846;0
1459848;1
1459852;0
1459858;0
1459860;0
1459862;0
1459870;1
1459872;0
1459874;1
1459876;1
1459880;0
1459896;0
1459904;0
1459906;0
1459908;0
1459910;0
1459912;1
1459914;1
1459916;0
1459918;0
1459920;0
1459924;1
1459928;0
1459930;0
1459934;0
1459938;0
1459940;0
1459942;1
1459948;0
1459952;1
1459956;1
1459966;0
1459968;1
1459970;0
1459982;1
1459984;1
1459986;0
1459994;0
1460002;1
1460008;0
1460014;0
1460024;0
1460030;0
1460036;0
1460042;1
1460044;1
1460048;0
1460062;0
1460064;0
1460070;1
1460072;0
1460074;0
1460080;0
1460082;0
1460090;0
1460092;1
1460096;1
1460098;1
1460100;0
1460102;1
1460104;0
1460108;0
1460112;0
1460114;0
1460116;1
1460118;0
1460120;0
1460124;1
1460126;0
1460132;1
1460134;0
1460136;0
1460138;0
1460140;1
1460150;0
1460154;0
1460158;0
1460162;0
1460166;0
1460170;1
1460172;0
1460174;1
1460176;0
1460182;0
1460184;0
1460186;1
1460188;0
1460190;0
1460192;0
1460196;1
1460198;1
1460200;1
1460202;1
1460206;1
1460208;0
1460218;1
1460226;0
1460228;0
1460232;0
1460236;0
1460242;1
1460256;0
1460270;1
1460272;0
1460278;1
1460282;0
1460284;1
1460294;0
1460296;0
1460298;0
1460304;1
1460308;0
1460310;1
1460312;0
1460314;1
1460320;1
1460322;1
1460326;0
1460328;0
1460330;1
1460332;0
1460346;0
1460348;0
1460354;0
1460356;0
1460358;0
1460360;0
1460364;1
1460370;0
1460372;0
1460374;0
1460376;0
1460378;0
1460380;0
1460382;0
1460388;1
1460390;0
1460402;0
1460414;0
1460422;1
1460424;1
1460426;1
1460430;0
1460434;1
1460436;0
1460438;1
1460440;1
1460442;1
1460444;0
1460452;1
1460454;1
1460458;0
1460462;0
1460466;1
1460472;1
1460476;1
1460478;1
1460480;1
1460486;0
1460488;1
1460492;0
1460494;0
1460498;1
1460502;1
1460518;0
1460526;1
1460528;0
1460530;0
1460532;1
1460534;0
1460536;0
1460538;0
1460540;0
1460542;0
1460544;0
1460550;1
1460554;0
1460562;1
1460568;0
1460570;0
1460576;0
1460578;0
1460582;0
1460584;0
1460592;0
1460594;0
1460596;0
1460598;1
1460606;0
1460608;0
1460610;1
1460616;0
1460620;0
1460624;1
1460628;1
1460630;1
1460632;0
1460634;0
1460636;0
1460638;0
1460640;1
1460644;0
1460648;0
1460650;1
1460656;0
1460658;1
1460660;0
1460664;0
1460666;1
1460668;1
1460670;0
1460674;1
1460676;1
1460678;1
1460682;1
1460684;0
1460688;1
1460694;0
1460696;1
1460700;1
1460702;0
1460706;0
1460708;1
1460720;0
1460728;0
1460732;0
1460736;1
1460740;0
1460742;1
1460744;1
1460746;1
1460748;0
1460750;1
1460754;1
1460760;0
1460762;0
1460764;0
1460766;0
1460768;1
1460770;1
1460774;0
1460776;0
1460778;1
1460782;0
1460788;0
1460790;0
1460792;0
1460798;1
1460802;1
1460804;1
1460808;0
1460812;0
1460816;0
1460818;1
1460824;0
1460828;1
1460830;0
1460832;1
1460838;0
1460840;0
1460842;0
1460844;1
1460848;0
1460854;1
1460856;1
1460860;1
1460866;0
1460868;1
1460876;1
1460880;0
1460896;0
1460900;0
1460902;0
1460908;0
1460918;0
1460928;0
1460930;0
1460932;1
1460946;0
1460948;0
1460950;1
1460954;0
1460958;0
1460960;1
1460964;0
1460966;0
1460968;1
1460978;0
1460980;0
1460982;1
1460986;0
1460990;0
1460992;1
1461004;1
1461006;1
1461014;1
1461020;0
1461022;1
1461028;0
1461032;0
1461036;1
1461038;0
1461040;0
1461042;0
1461048;0
1461050;0
1461058;1
1461062;1
1461064;0
1461066;1
1461068;1
1461070;1
1461074;0
1461076;0
1461080;0
1461082;1
1461084;0
1461086;1
1461088;0
1461092;1
1461094;0
1461102;1
1461104;0
1461106;0
1461108;0
1461110;0
1461112;1
1461114;0
1461116;0
1461122;0
1461132;0
1461136;1
1461144;0
1461146;1
1461150;1
1461152;0
1461154;1
1461156;1
1461158;0
1461160;0
1461162;1
1461164;0
1461166;0
1461170;0
1461172;0
1461174;0
1461176;0
1461182;0
1461192;1
1461194;1
1461214;1
1461218;0
1461220;1
1461228;1
1461230;1
1461232;0
1461236;0
1461242;0
1461246;0
1461250;1
1461272;1
1461274;0
1461278;0
1461284;0
1461292;0
1461294;0
1461298;0
1461304;0
1461306;1
1461310;0
1461312;1
1461320;0
1461322;0
1461328;0
1461334;0
1461336;0
1461338;1
1461342;0
1461352;1
1461354;0
1461362;0
1461364;0
1461366;0
1461370;0
1461374;0
1461376;0
1461378;0
1461382;1
1461384;0
1461386;1
1461388;0
1461390;0
1461394;0
1461396;0
1461398;1
1461400;0
1461428;1
1461430;0
1461438;1
1461446;0
1461450;1
1461454;0
1461460;0
1461462;0
1461464;0
1461472;0
1461474;1
1461484;1
1461486;0
1461488;1
1461490;0
1461492;0
1461496;0
1461506;1
1461510;0
1461524;0
1461526;0
1461532;0
1461540;0
1461546;0
1461548;0
1461550;0
1461554;0
1461556;0
1461558;0
1461562;1
1461564;0
1461566;0
1461574;0
1461576;0
1461578;0
1461580;0
1461582;1
1461584;1
1461590;0
1461598;0
1461606;1
1461608;1
1461616;1
1461618;1
1461622;0
1461632;0
1461634;0
1461638;0
1461640;0
1461650;0
1461654;0
1461656;0
1461660;0
1461662;0
1461670;0
1461672;0
1461674;0
1461676;0
1461680;0
1461682;0
1461686;1
1461688;1
1461694;0
1461702;0
1461710;0
1461712;1
1461726;1
1461728;0
1461730;0
1461744;0
1461748;1
1461752;1
1461756;0
1461758;0
1461768;0
1461770;1
1461772;1
1461774;0
1461776;0
1461790;0
1461792;0
1461794;1
1461798;0
1461814;0
1461816;1
1461818;0
1461822;1
1461824;0
1461832;0
1461836;1
1461838;1
1461840;0
1461842;0
1461844;1
1461848;0
1461850;0
1461852;0
1461856;1
1461860;0
1461862;1
1461864;0
1461868;0
1461870;0
1461874;1
1461876;0
1461880;0
1461882;1
1461884;1
1461886;0
1461890;1
1461892;0
1461894;0
1461896;0
1461898;1
1461900;0
1461902;0
1461904;0
1461906;1
1461914;0
1461920;0
1461926;1
1461928;0
1461930;0
1461932;0
1461936;0
1461938;0
1461942;0
1461946;0
1461950;0
1461952;0
1461956;0
1461958;0
1461960;0
1461962;1
1461964;0
1461966;0
1461968;1
1461972;0
1461974;0
1461976;0
1461978;0
1461980;0
1461982;0
1461986;1
1461988;0
1461992;1
1461994;1
1461996;0
1461998;0
1462002;1
1462006;1
1462010;0
1462012;1
1462016;0
1462018;1
1462020;0
1462022;0
1462024;1
1462030;1
1462032;0
1462038;0
1462042;0
1462046;0
1462048;0
1462050;1
1462052;0
1462054;0
1462058;0
1462060;1
1462064;0
1462066;0
1462068;1
1462070;1
1462076;1
1462078;0
1462080;0
1462082;1
1462084;0
1462088;0
1462090;0
1462094;1
1462096;0
1462098;0
1462102;0
1462104;0
1462106;0
1462108;0
1462110;0
1462114;0
1462116;1
1462118;0
1462120;0
1462122;0
1462126;0
1462128;0
1462130;0
1462132;0
1462134;0
1462136;0
1462138;1
1462142;0
1462144;1
1462146;0
1462148;0
1462150;1
1462154;1
1462156;0
1462158;0
1462160;1
1462162;0
1462166;1
1462170;1
1462172;0
1462174;1
1462182;0
1462184;0
1462186;0
1462188;1
1462196;0
1462200;0
1462202;0
1462204;0
1462210;0
1462218;1
1462222;0
1462226;0
1462232;0
1462234;0
1462236;0
1462238;1
1462246;0
1462254;0
1462256;0
1462264;1
1462266;0
1462270;0
1462276;1
1462280;1
1462282;1
1462284;0
1462286;1
1462294;0
1462302;0
1462306;0
1462308;0
1462312;1
1462318;0
1462320;0
1462324;0
1462330;0
1462332;0
1462334;1
1462354;1
1462356;1
1462358;1
1462360;1
1462362;1
1462366;1
1462372;1
1462374;1
1462376;0
1462380;1
1462382;1
1462384;0
1462386;1
1462390;1
1462394;0
1462400;0
1462410;0
1462416;1
1462418;0
1462420;0
1462422;1
1462430;0
1462432;0
1462438;0
1462442;0
1462444;0
1462450;0
1462460;0
1462462;0
1462464;1
1462474;1
1462482;0
1462488;1
1462492;1
1462496;1
1462512;0
1462516;0
1462518;0
1462522;0
1462524;0
1462528;1
1462538;0
1462540;0
1462542;0
1462550;1
1462552;1
1462554;1
1462556;0
1462558;1
1462562;1
1462564;0
1462566;0
1462568;0
1462574;0
1800452;0
1801276;0
1801414;1
1801416;0
1802024;0
1802268;1
1802540;0
1802582;1
1802852;1
1803290;0
1803768;1
1805380;0
1805382;1
1806214;0
1807710;0
1807782;0
1808198;0
1809318;0
1809414;0
1809902;0
1809978;1
1810094;0
1810134;1
1810994;1
1811208;1
1811518;0
1812018;1
1813254;0
1813594;0
1814290;0
1815482;1
1817412;1
1817810;0
1818460;0
1818670;0
1818720;0
1819244;1
1819386;1
1819552;1
1819918;1
1820546;0
1822440;0
1822550;0
1823194;1
1823268;1
1823968;0
1824446;1
1824978;0
1826382;0
1826596;1
1826764;0
1827350;0
1828022;1
1828030;0
1828554;1
1829404;0
1829460;1
1829542;0
1829624;0
1829668;0
1829700;0
1830012;1
1831718;0
1831842;1
1832530;0
1832546;1
1834416;0
1835326;1
1835804;0
1836558;0
1837350;0
1837624;0
1837634;0
1837688;0
1837696;0
1837828;1
1837920;0
1838456;0
1838512;0
1838684;0
1839316;0
1839690;1
1839892;1
1840464;1
1840702;0
1840730;0
1840754;1
1841314;0
1842544;0
1843570;0
1844336;1
1844888;0
1845400;0
1845444;0
1846110;0
1846744;0
1846908;0
1849290;0
1849820;1
1850096;0
1850308;0
1851518;0
1851824;0
1852056;0
1852528;0
1852590;0
1853036;0
1853128;0
1853376;0
1854926;1
1854940;0
1855126;0
1858404;0
1858990;1
1859406;1
1859994;0
1859998;1
1861022;1
1861134;0
1861378;0
1861452;0
1861722;1
1861740;0
1862694;0
1862702;0
1863400;1
1863470;1
1863912;0
1864176;1
1864192;0
1864214;0
1864266;1
1865218;1
1865220;0
1865224;0
1865228;1
1865230;0
1865234;0
1865236;0
1865238;1
1865242;0
1865244;1
1865246;1
1865248;1
1865250;1
1865252;0
1865254;1
1865256;1
1865258;0
1865260;0
1865262;0
1865264;0
1865266;0
1865268;0
1865270;1
1865278;0
1865340;0
1865502;1
1866554;0
1866604;1
1866720;1
1866772;0
1866856;1
1867352;0
1868046;0
1868408;0
1868430;1
1869204;1
1870772;0
1870778;0
1870812;1
1871398;0
1873946;1
1874192;0
1874488;1
1874962;0
1875238;1
1875794;1
1875882;0
1876208;0
1877214;0
1878284;0
1878372;0
1878902;0
1880292;0
1880904;1
1881414;1
1882818;0
1882852;0
1882858;1
1883136;0
1883150;1
1884348;0
1884426;0
1885794;0
1886038;1
1886050;0
1887172;0
1887176;0
1887800;0
1888574;0
1889094;0
1889184;0
1889248;0
1889294;1
1889300;1
1889854;0
1890020;0
1890660;1
1890704;0
1891170;1
1891404;1
1891962;1
1892152;1
1892218;0
1892496;1
1893860;0
1894318;0
1895160;0
1895862;1
1895868;0
1895872;0
1896154;1
1897074;0
1897234;0
1897664;0
1897666;1
1900282;1
1900290;0
1900620;0
1900636;0
1900990;1
1903196;0
1903220;1
1904150;0
1904734;0
1907490;0
1907502;0
1907742;0
1907854;0
1910476;1
1910478;1
1910754;0
1910778;0
1911460;1
1913394;0
1914566;1
1915666;0
1916016;1
1916182;0
1917460;1
1917478;0
1917684;1
1917688;0
1918006;1
1918114;0
1918760;0
1919904;0
1920486;1
1922212;0
1922234;0
1923876;0
1924014;1
1925114;1
1925822;1
1929830;1
1930214;0
1930696;0
1930828;0
1931588;0
1933382;0
1934922;0
1936552;0
1936566;1
1937120;1
1937976;1
1939274;0
1939558;0
1939758;0
1939994;0
1940848;1
1941196;0
1941488;1
1941958;1
1942684;0
1942978;0
1942982;1
1943324;0
1943454;0
1943748;0
1944728;0
1945196;0
1945232;0
1945378;0
1946360;1
1946700;1
1946884;0
1947188;0
1947764;0
1947772;0
1947798;1
1948126;0
1948140;0
1948874;0
1949438;0
1949986;1
1950586;1
1950692;0
1950910;1
1950978;0
1951382;0
1951428;1
1952146;1
1953264;0
1953446;0
1953888;0
1953902;1
1954766;1
1955498;0
1955920;1
1956468;0
1956684;1
1958124;1
1962596;0
1963274;0
1963606;0
1963914;0
1964710;1
1964792;0
1965436;0
1965498;0
1965560;0
1965848;0
1965928;1
1965964;1
1966200;0
1966678;0
1966946;1
1967226;0
1967970;0
1968048;0
1968386;0
1968738;1
1968762;0
1968852;0
1969924;1
1969940;0
1969950;0
1970190;1
1970422;1
1970806;0
1971150;0
1971946;0
1972238;0
1972240;1
1973546;1
1974150;0
1974620;0
1974864;0
1974950;0
1975474;0
1975712;0
1976082;1
1976426;0
1976444;1
1976860;1
1977020;1
1977480;0
1977742;0
1978514;1
1978516;0
1978996;0
1979026;0
1979530;1
1979546;0
1979588;0
1980146;0
1980358;0
1980622;1
1980642;0
1980750;0
1980980;1
1981958;0
1982016;0
1982120;0
1982134;0
1982138;0
1982368;0
1982370;0
1982766;0
1982780;1
1983300;1
1983318;0
1983472;0
1983818;1
1984680;0
1985144;1
1985274;0
1985276;1
1985298;1
1985758;1
1986428;1
1986734;1
1986746;1
1986756;0
1987034;0
1987140;0
1987238;1
1987532;0
1987718;1
1987724;0
1987750;0
1987790;1
1987970;0
1988118;0
1988198;0
1988766;1
1988910;1
1989032;0
1989412;1
1989414;0
1989760;1
1990410;0
1990444;0
1990898;0
1991484;0
1991530;0
1991622;0
1991676;0
1991694;0
1991696;0
1991752;0
1992006;1
1992188;0
1992420;1
1992466;0
1992562;0
1992570;1
1993296;1
1993408;1
1993834;0
1993972;0
1994090;0
1994286;0
1994346;0
1994528;1
1994582;1
1994634;0
1994764;0
1995096;0
1995294;0
1995910;0
1996482;0
1996562;0
1996676;1
1996816;0
1996874;1
1996922;0
1997050;1
1997196;1
1997292;0
1998132;0
1998146;0
1998652;0
1998658;1
1998916;0
1998976;1
1999436;0
1999696;0
1999842;1
18000112;0
18000562;0
18000640;0
18001082;1
18001316;0
18001318;0
18001346;0
18001908;0
18002234;0
18002504;0
18002712;1
18002864;1
18003008;0
18003192;0
18003202;1
18003312;0
18003368;0
18003446;0
18003778;1
18004024;0
18004254;1
18004348;0
18004472;1
18004554;0
18004728;0
18005082;0
18005208;0
18005340;1
18005752;0
18005950;0
18006012;1
18006118;0
18006468;0
18006508;0
18006736;0
18006774;0
18006850;0
18007080;0
18007174;1
18007176;0
18007400;0
18007402;1
18007482;1
18007586;1
18007630;0
18007746;1
18007878;0
18008160;0
18008478;0
18008554;0
18008622;1
18008956;0
18009140;0
18009422;0
18009426;1
18009428;0
18009430;0
18009432;0
18009436;0
18009442;1
18009444;0
18009446;1
18009452;1
18009456;0
18009460;0
18009464;0
18009466;1
18009468;1
18009470;0
18009472;1
18009480;0
18009566;0
18009572;1
18009592;0
18009594;0
18009600;1
18009622;0
18009624;1
18009662;0
18009668;0
18009670;1
18009676;1
18009678;1
18009680;0
18009688;1
18009692;0
18009726;0
18009778;0
18009788;0
18009790;0
18009792;0
18009794;0
18009796;0
18009812;1
18009818;0
18009820;0
18009826;0
18009828;0
18009838;0
18009840;0
18009846;0
18009848;1
18009854;0
18009856;0
18009860;0
18009866;0
18009868;0
18009872;0
18009878;1
18009880;1
18009884;0
18009892;1
18009896;0
18009898;0
18009902;1
18009906;0
18009908;0
18009910;0
18009916;1
18009918;0
18009922;0
18009924;0
18009926;0
18009928;1
18009930;0
18009932;1
18009936;1
18009938;1
18009940;1
18009942;1
18009952;1
18009958;0
18009960;0
18009962;0
18009964;1
18009966;0
18009972;1
18009978;0
18009980;1
18009984;0
18009988;0
18009994;0
18010000;1
18010002;1
18010004;0
18010010;0
18010012;0
18010018;1
18010022;0
18010024;1
18010030;1
18010048;0
18010054;1
18010058;0
18010060;0
18010068;1
18010070;1
18010076;1
18010082;0
18010084;0
18010086;0
18010088;0
18010092;0
18010096;0
18010102;0
18010106;1
18010110;0
18010112;0
18010114;0
18010116;1
18010118;1
18010120;0
18010126;1
18010130;0
18010134;1
18010138;1
18010140;0
18010142;0
18010144;0
18010146;0
18010150;1
18010152;0
18010156;1
18010160;0
18010162;1
18010164;0
18010170;0
18010176;1
18010178;0
18010182;1
18010190;0
18010192;1
18010194;1
18010200;1
18010202;0
18010204;0
18010212;0
18010214;0
18010218;0
18010220;0
18010226;0
18010230;1
18010238;0
18010244;1
18010246;0
18010252;0
18010254;0
18010262;0
18010264;0
18010272;0
18010274;1
18010288;1
18010304;0
18010306;0
18010308;0
18010310;0
18010312;1
18010316;0
18010318;0
18010320;1
18010322;1
18010326;1
18010328;1
18010330;0
18010340;0
18010342;0
18010398;0
18010402;1
18010410;0
18010428;0
18010432;0
18010462;0
18010486;0
18010496;0
18010518;1
18010636;0
18010662;1
18010664;0
18010666;0
18010676;0
18010678;0
18010680;0
18010682;0
18010688;0
18010690;1
18010718;0
18010724;0
18010726;0
18010760;1
18010776;1
18010780;0
18010788;1
18010790;0
18010792;0
18010796;0
18010798;0
18010800;0
18010804;0
18010808;1
18010810;0
18010812;0
18010828;0
18010832;0
18010840;1
18010846;0
18010848;1
18010854;0
18010858;1
18010860;1
18010904;0
18010908;1
18010934;0
18010936;0
18010974;0
18010976;0
18011008;0
18011016;0
18011028;0
18011042;0
18011044;1
18011046;0
18011052;1
18011060;0
18011068;0
18011082;0
18011090;1
18011092;1
18011112;0
18011124;0
18011130;0
18011132;0
18011184;1
18011198;0
18011200;0
18011222;0
18011224;0
18011278;1
18011296;0
18011316;0
18011318;0
18011332;0
18011362;0
18011480;1
18011490;1
18011492;1
18011530;0
18011532;0
18011546;1
18011588;1
18011590;0
18011592;0
18011594;0
18011596;0
18011598;1
18011600;0
18011602;1
18011604;1
18011606;0
18011610;0
18011612;1
18011620;1
18011622;1
18011624;0
18011634;1
18011666;0
18011670;0
18011686;0
18011700;1
18011754;1
18011766;0
18011770;1
18011776;0
18011780;0
18011786;0
18011788;0
18011790;0
18011796;1
18011802;0
18011808;0
18011820;0
18011822;0
18011828;0
18011834;1
18011838;1
18011840;1
18011842;0
18011846;0
18011850;0
18011852;1
18011856;0
18011858;1
18011860;1
18011862;0
18011880;1
18011900;0
18011924;0
18011926;1
18011928;0
18011930;0
18011934;0
18011936;0
18011956;0
18011968;0
18011970;0
18011988;0
18012006;0
18012026;1
18012030;1
18012032;1
18012044;1
18012054;1
18012056;1
18012058;0
18012060;1
18012068;1
18012070;1
18012072;0
18012084;0
18012086;1
18012088;1
18012094;0
18012098;0
18012100;0
18012106;0
18012108;0
18012110;1
18012118;1
18012120;0
18012126;1
18012138;1
18012140;0
18012142;0
18012144;0
18012146;1
18012150;0
18012152;0
18012154;1
18012160;0
18012164;0
18012166;0
18012168;0
18012172;0
18012200;0
18012206;0
18012216;1
18012284;1
18012286;0
18012288;0
18012290;0
18012300;0
18012306;0
18012316;0
18012326;0
18012388;0
18012392;1
18012394;1
18012402;0
18012412;0
18012414;0
18012416;0
18012418;0
18012420;0
18012422;1
18012426;1
18012452;1
18012456;0
18012478;1
18012480;0
18012482;0
18012490;0
18012506;0
18012508;0
18012512;0
18012514;0
18012524;0
18012526;0
18012528;1
18012534;1
18012538;0
18012540;0
18012542;1
18012544;0
18012548;0
18012550;0
18012552;0
18012560;0
18012566;0
18012574;1
18012576;0
18012578;0
18012584;1
18012594;0
18012600;1
18012604;1
18012634;1
18012636;1
18012646;0
18012648;0
18012656;0
18012662;0
18012664;1
18012678;1
18012708;0
18012710;0
18012712;1
18012716;0
18012718;0
18012732;0
18012756;0
18012758;0
18012760;0
18012762;1
18012764;0
18012800;0
18012802;1
18012806;1
18012808;1
18012810;0
18012812;0
18012818;0
18012828;0
18012858;0
18012884;1
18012892;1
18012898;1
18012900;0
18012902;0
18012904;0
18012906;0
18012908;0
18012912;0
18012914;0
18012922;0
18012936;0
18012944;0
18012946;0
18012962;0
18012978;0
18012988;0
18012992;0
18013006;0
18013008;0
18013014;0
18013020;0
18013022;0
18013026;0
18013030;1
18013032;0
18013034;0
18013048;1
18013050;0
18013064;0
18013066;0
18013068;0
18013072;0
18013074;0
18013076;0
18013084;0
18013086;0
18013090;0
18013102;1
18013112;0
18013120;1
18013122;0
18013126;1
18013132;0
18013134;0
18013136;0
18013138;0
18013142;1
18013144;1
18013146;0
18013148;0
18013150;0
18013152;0
18013154;0
18013156;0
18013158;0
18013162;1
18013168;1
18013170;0
18013176;1
18013178;0
18013180;1
18013186;1
18013188;0
18013196;0
18013222;0
18013224;1
18013226;0
18013310;0
18013312;0
18013342;0
18013358;1
18013360;0
18013362;0
18013464;0
18013478;1
18013486;0
18013492;0
18013496;0
18013512;0
18013514;1
18013516;0
18013520;0
18013526;1
18013532;0
18013534;0
18013550;1
18013594;0
18013628;0
18013630;1
18013666;1
18013668;0
18013702;0
18013726;0
18013798;0
18013812;0
18013820;0
18013860;0
18013866;1
18013872;1
18013874;0
18013878;0
18013880;0
18013886;0
18013890;0
18013902;1
18013906;1
18013908;0
18013912;0
18013914;0
18013918;0
18013920;1
18013928;1
18013932;0
18013936;0
18013938;0
18013940;0
18013942;1
18013946;0
18013954;0
18013960;0
18013972;0
18013974;1
18013976;0
18013980;0
18013986;1
18013990;1
18013996;0
18014000;1
18014002;1
18014006;1
18014018;0
18014022;1
18014030;0
18014032;0
18014034;0
18014038;1
18014042;1
18014044;1
18014050;1
18014056;1
18014062;1
18014064;0
18014072;0
18014094;1
18014098;0
18014106;0
18014110;0
18014120;1
18014122;1
18014128;0
18014134;0
18014148;0
18014154;0
18014156;1
18014158;1
18014164;0
18014166;0
18014182;1
18014186;0
18014188;0
18014198;0
18014208;0
18014212;1
18014238;0
18014240;0
18014292;0
18014318;0
18014332;0
18014334;0
18014336;0
18014356;0
18014380;1
18014430;0
18014432;1
18014436;1
18014448;0
18014462;1
18014466;0
18014468;0
18014472;0
18014476;1
18014484;1
18014502;0
18014576;0
18014600;0
18014602;1
18014604;0
18014606;1
18014608;1
18014610;0
18014624;1
18014626;1
18014630;0
18014634;0
18014636;1
18014640;0
18014658;0
18014696;1
18014754;1
18014760;0
18014766;0
18014768;0
18014770;1
18014772;1
18014774;0
18014776;0
18014780;1
18014784;1
18014786;0
18014820;1
18014822;0
18014832;0
18014834;0
18014846;0
18014858;1
18014862;0
18014870;1
18014874;0
18014880;0
18014882;0
18014884;0
18014886;1
18014888;1
18014896;0
18014898;1
18014904;1
18014910;0
18014912;1
18014918;0
18014922;1
18014924;0
18014930;1
18014932;0
18014934;1
18014936;0
18014938;0
18014940;0
18014942;0
18014944;0
18014948;1
18014950;0
18014952;0
18014958;1
18014960;1
18014962;1
18014968;0
18014972;1
18014978;0
18014994;0
18014996;1
18014998;0
18015000;0
18015002;1
18015004;0
18015006;0
18015010;1
18015012;0
18015062;0
18015068;1
18015078;0
18015080;1
18015082;0
18015084;0
18015086;1
18015130;0
18015134;0
18015282;1
18015286;1
18015308;0
18015312;0
18015314;1
18015316;0
18015318;0
18015322;1
18015324;1
18015328;0
18015332;0
18015334;0
18015336;1
18015346;1
18015350;1
18015352;1
18015356;0
18015364;0
18015366;1
18015368;0
18015370;0
18015380;1
18015382;0
18015384;0
18015388;0
18015398;0
18015402;1
18015404;0
18015408;0
18015416;1
18015424;1
18015438;1
18015458;1
18015460;1
18015464;0
18015466;1
18015470;0
18015474;1
18015476;0
18015478;0
18015484;0
18015492;0
18015494;1
18015496;0
18015498;1
18015500;1
18015502;1
18015506;0
18015510;1
18015514;0
18015516;1
18015520;0
18015522;1
18015524;0
18015526;1
18015532;1
18015534;0
18015564;0
18015576;1
18015582;1
18015584;0
18015592;0
18015600;0
18015614;0
18015644;0
18015646;1
18015652;0
18015658;0
18015666;0
18015670;0
18015674;1
18015678;0
18015680;1
18015702;0
18015716;0
18015766;1
18015814;1
18015818;0
18015838;0
18015840;1
18015842;0
18015848;0
18015850;1
18015852;0
18015858;0
18015860;0
18015862;0
18015876;1
18015888;0
18015896;0
18015908;0
18015912;1
18015914;0
18015922;1
18015924;1
18015928;0
18015930;0
18015936;0
18015940;0
18015942;0
18015944;1
18015946;0
18015948;1
18015956;0
18015958;0
18015960;1
18015962;0
18015970;1
18015972;1
18015974;1
18015978;0
18015980;0
18015984;1
18015986;1
18015988;0
18015990;1
18015992;0
18015998;0
18016000;0
18016030;0
18016042;0
18016044;0
18016138;0
18016140;0
18016232;0
18016234;0
18016246;1
18016256;0
18016258;0
18016260;0
18016262;0
18016270;0
18016298;0
18016306;1
18016328;1
18016390;0
18016416;0
18016420;1
18016430;1
18016434;0
18016438;0
18016440;0
18016520;0
18016524;0
18016526;0
18016556;1
18016568;1
18016602;1
18016626;0
18016630;0
18016632;0
18016638;0
18016640;0
18016642;0
18016648;0
18016650;1
18016654;1
18016656;0
18016658;1
18016664;0
18016666;0
18016672;0
18016676;1
18016678;0
18016686;0
18016694;1
18016702;0
18016714;0
18016718;0
18016722;1
18016724;0
18016730;0
18016738;1
18016742;0
18016744;0
18016746;0
18016754;1
18016758;0
18016760;0
18016762;0
18016766;1
18016778;1
18016788;0
18016816;1
18016818;1
18016838;0
18016840;0
18016846;0
18016848;0
18016850;1
18016854;0
18016864;1
18016876;0
18016878;1
18016880;1
18016886;1
18016888;1
18016894;1
18016900;0
18016902;1
18016924;0
18016926;0
18016972;0
18017000;0
18017016;0
18017028;0
18017036;1
18017040;0
18017050;1
18017056;0
18017084;0
18017114;0
18017116;0
18017118;0
18017128;1
18017130;0
18017132;1
18017140;0
18017150;0
18017152;1
18017154;1
18017160;1
18017162;1
18017166;0
18017168;1
18017200;0
18017204;0
18017206;1
18017212;1
18017214;1
18017220;0
18017238;0
18017246;1
18017254;0
18017278;1
18017280;0
18017282;1
18017284;1
18017286;0
18017288;0
18017290;1
18017296;0
18017298;0
18017300;1
18017306;1
18017308;1
18017318;1
18017320;1
18017324;0
18017338;0
18017340;0
18017360;1
18017368;1
18017372;0
18017374;0
18017382;0
18017384;0
18017388;1
18017390;0
18017392;0
18017396;1
18017406;0
18017414;1
18017426;0
18017446;1
18017448;1
18017450;0
18017452;1
18017470;0
18017534;1
18017568;1
18017588;0
18017604;0
18017646;1
18017688;1
18017690;0
18017692;0
18017694;0
18017702;0
18017712;0
18017716;0
18017720;0
18017722;0
18017726;0
18017728;0
18017730;0
18017734;1
18017754;1
18017756;1
18017768;0
18017770;1
18017784;0
18017792;0
18017824;0
18017826;1
18017838;1
18017914;1
18017974;0
18017988;1
18017990;0
18017994;0
18017996;1
18018004;1
18018008;1
18018016;0
18018030;1
18018032;0
18018034;0
18018036;1
18018042;0
18018048;1
18018052;1
18018054;1
18018106;0
18018152;0
18018174;0
18018178;0
18018180;1
18018182;0
18018186;0
18018188;0
18018194;0
18018196;0
18018198;0
18018200;0
18018204;0
18018212;0
18018216;1
18018218;1
18018220;1
18018224;1
18018232;0
18018240;0
18018244;0
18018248;1
18018250;0
18018280;1
18018344;0
18018346;0
18018354;1
18018358;1
18018360;1
18018364;1
18018368;0
18018370;0
18018382;0
18018384;0
18018386;0
18018388;1
18018394;1
18018398;0
18018400;1
18018404;1
18018408;0
18018410;0
18018412;1
18018416;0
18018418;0
18018422;1
18018424;1
18018428;0
18018432;1
18018434;0
18018446;0
18018452;0
18018458;0
18018460;1
18018462;0
18018464;0
18018470;0
18018472;0
18018490;0
18018498;0
18018500;1
18018510;0
18018514;0
18018526;0
18018532;0
18018538;1
18018542;0
18018544;0
18018546;1
18018554;0
18018576;0
18018602;0
18018604;0
18018606;1
18018666;0
18018670;1
18018688;0
18018694;0
18018742;0
18018756;0
18018762;1
18018812;1
18018816;0
18018834;0
18018836;0
18018866;0
18018868;0
18018872;0
18018876;0
18018878;0
18018880;1
18018882;0
18018884;1
18018890;0
18018892;0
18018894;0
18018896;0
18018898;0
18018906;0
18018914;0
18018918;0
18018926;0
18018930;0
18018932;0
18018934;0
18018936;0
18018938;1
18018940;1
18018948;0
18018950;1
18018952;0
18018954;1
18018962;0
18018966;0
18018972;1
18018982;0
18018984;0
18018990;0
18018998;1
18019002;1
18019004;0
18019008;0
18019010;0
18019014;1
18019016;0
18019020;1
18019024;1
18019026;1
18019028;1
18019030;0
18019036;0
18019042;1
18019044;0
18019046;1
18019048;1
18019050;0
18019052;0
18019054;0
18019062;0
18019064;0
18019070;0
18019072;0
18019076;0
18019080;1
18019090;1
18019106;0
18019110;0
18019112;1
18019118;0
18019120;0
18019122;0
18019124;1
18019134;1
18019136;0
18019138;0
18019142;1
18019144;0
18019148;0
18019150;0
18019152;0
18019164;0
18019166;1
18019168;0
18019188;0
18019192;0
18019194;0
18019196;0
18019284;0
18019298;0
18019300;0
18019304;1
18019326;0
18019342;1
18019370;1
18019372;0
18019374;0
18019376;0
18019380;0
18019382;0
18019398;1
18019402;0
18019404;1
18019406;1
18019408;0
18019412;0
18019414;0
18019426;0
18019430;0
18019436;0
18019440;1
18019450;0
18019474;0
18019522;1
18019526;0
18019568;1
18019570;1
18019572;0
18019574;1
18019578;0
18019584;0
18019586;0
18019588;0
18019592;0
18019598;0
18019606;0
18019608;0
18019614;0
18019616;0
18019624;0
18019660;0
18019670;0
18019700;1
18019702;1
18019704;0
18019706;1
18019734;1
18019752;0
18019754;0
18019756;0
18019772;1
18019774;1
18019776;0
18019784;1
18019806;1
18019808;0
18019816;0
18019828;1
18019840;1
18019842;0
18019856;0
18019930;1
18019950;1
18019952;1
18019962;1
18019968;1
18019970;1
18019990;0
18019992;0
18019996;0
18020000;0
18020008;0
18020010;0
18020012;1
18020014;0
18020016;0
18020034;0
18020036;1
18020058;0
18020062;0
18020064;1
18020070;0
18020074;1
18020076;0
18020078;1
18020080;1
18020084;1
18020086;0
18020092;1
18020104;1
18020106;0
18020108;1
18020112;0
18020118;1
18020126;1
18020130;0
18020136;0
18020138;1
18020142;0
18020146;0
18020154;0
18020158;1
18020160;1
18020162;0
18020164;1
18020166;0
18020178;1
18020192;0
18020194;0
18020196;0
18020200;1
18020202;1
18020204;1
18020214;1
18020216;0
18020222;1
18020230;1
18020242;0
18020244;1
18020248;1
18020252;1
18020256;0
18020258;0
18020270;1
18020294;0
18020302;0
18020308;0
18020340;0
18020360;0
18020362;0
18020364;0
18020386;0
18020400;0
18020412;0
18020414;1
18020420;1
18020424;0
18020426;0
18020428;0
18020432;1
18020434;1
18020436;0
18020498;1
18020500;0
18020502;0
18020504;1
18020506;0
18020508;0
18020512;0
18020514;0
18020518;0
18020530;0
18020550;0
18020574;1
18020592;1
18020594;1
18020596;1
18020622;0
18020638;1
18020654;0
18020656;1
18020662;0
18020666;0
18020668;0
18020670;0
18020672;0
18020686;0
18020692;1
18020696;1
18020708;0
18020712;0
18020714;1
18020718;1
18020726;0
18020728;0
18020740;0
18020744;0
18020746;0
18020748;0
18020750;0
18020756;0
18020758;1
18020764;0
18020766;0
18020768;0
18020778;0
18020780;0
18020786;0
18020794;0
18020824;0
18020826;0
18020848;0
18020880;1
18020988;1
18021014;0
18021016;1
18021022;0
18021024;0
18021038;1
18021040;1
18021042;0
18021044;0
18021048;1
18021056;1
18021058;0
18021060;0
18021062;1
18021070;0
18021072;1
18021078;0
18021082;0
18021090;0
18021092;0
18021098;1
18021100;0
18021104;0
18021106;0
18021110;1
18021112;1
18021114;0
18021116;0
18021124;0
18021126;0
18021128;0
18021130;0
18021134;0
18021136;0
18021146;0
18021152;1
18021154;1
18021158;0
18021160;0
18021164;1
18021168;0
18021172;0
18021178;1
18021180;0
18021184;0
18021186;0
18021188;0
18021192;0
18021194;0
18021196;1
18021200;1
18021206;0
18021208;0
18021212;0
18021214;0
18021218;1
18021222;0
18021224;1
18021230;0
18021232;1
18021234;0
18021238;1
18021240;0
18021248;0
18021254;0
18021262;0
18021264;0
18021266;0
18021272;0
18021274;0
18021276;1
18021278;0
18021282;1
18021286;0
18021324;0
18021326;0
18021364;1
18021366;1
18021410;0
18021412;1
18021414;0
18021416;1
18021418;0
18021422;0
18021426;1
18021428;0
18021430;1
18021432;1
18021436;0
18021448;0
18021450;1
18021454;0
18021468;0
18021472;1
18021474;1
18021476;1
18021478;0
18021480;0
18021484;0
18021486;1
18021488;1
18021490;0
18021496;0
18021498;1
18021512;1
18021540;0
18021542;1
18021544;0
18021564;0
18021570;0
18021572;0
18021576;0
18021584;0
18021586;1
18021590;0
18021592;0
18021594;0
18021608;1
18021652;1
18021656;0
18021698;0
18021700;1
18021702;1
18021704;0
18021706;0
18021716;0
18021722;1
18021728;0
18021734;1
18021736;0
18021742;0
18021754;0
18021758;0
18021762;0
18021770;1
18021780;1
18021784;1
18021786;0
18021788;1
18021790;1
18021792;0
18021794;1
18021796;0
18021846;0
18021870;1
18021882;0
18021966;0
18021972;1
18021976;1
18021984;0
18021986;0
18021992;0
18021994;0
18021996;0
18021998;0
18022000;0
18022002;0
18022006;0
18022008;0
18022014;1
18022016;0
18022018;1
18022022;0
18022024;0
18022026;0
18022028;1
18022032;1
18022036;1
18022040;1
18022042;0
18022044;0
18022046;0
18022070;0
18022096;1
18022098;1
18022102;0
18022108;1
18022110;0
18022114;1
18022116;0
18022120;0
18022122;0
18022130;0
18022134;0
18022144;0
18022148;0
18022150;0
18022154;0
18022158;0
18022162;0
18022164;0
18022166;1
18022178;1
18022180;1
18022188;0
18022190;1
18022192;1
18022196;0
18022208;0
18022210;0
18022232;0
18022238;0
18022242;0
18022244;1
18022286;0
18022290;1
18022292;0
18022294;1
18022312;1
18022314;1
18022316;0
18022322;0
18022324;1
18022326;0
18022328;0
18022334;1
18022336;1
18022344;0
18022346;1
18022348;0
18022350;0
18022356;0
18022358;0
18022364;1
18022378;1
18022400;1
18022402;0
18022404;1
18022410;0
18022412;0
18022428;0
18022432;1
18022436;0
18022438;1
18022442;1
18022444;0
18022448;0
18022452;1
18022454;0
18022456;1
18022460;1
18022462;1
18022464;0
18022466;0
18022468;0
18022470;1
18022472;0
18022474;0
18022476;1
18022492;0
18022494;0
18022538;1
18022542;0
18022554;1
18022558;1
18022564;1
18022584;0
18022596;0
18022598;1
18022604;1
18022612;0
18022614;1
18022616;1
18022636;1
18022678;1
18022684;1
18022686;0
18022688;0
18022690;0
18022712;0
18022732;0
18022738;0
18022742;1
18022744;1
18022746;1
18022762;0
18022766;1
18022768;0
18022780;0
18022786;1
18022788;0
18022790;0
18022792;0
18022798;1
18022802;1
18022806;1
18022808;0
18022820;1
18022828;0
18022832;1
18022836;0
18022840;1
18022844;1
18022856;0
18022858;1
18022860;0
18022874;1
18022876;0
18022878;0
18022880;0
18022882;0
18022884;1
18022886;0
18022892;0
18022896;0
18022904;0
18022906;0
18022908;0
18022910;1
18022914;0
18022916;0
18022918;0
18022920;0
18022922;0
18022924;0
18022926;0
18022936;0
18022942;0
18022946;1
18022950;0
18022952;0
18022956;1
18022960;1
18022964;0
18022968;1
18022972;0
18022974;0
18022976;0
18022982;0
18022986;0
18022988;1
18022990;1
18022992;0
18022994;1
18022998;0
18023002;0
18023006;0
18023008;0
18023014;0
18023018;0
18023024;1
18023028;1
18023030;0
18023032;0
18023034;1
18023040;1
18023044;0
18023048;0
18023052;0
18023054;0
18023058;0
18023060;1
18023062;1
18023064;0
18023066;1
18023070;1
18023082;0
18023086;1
18023094;0
18023098;1
18023100;0
18023102;0
18023104;0
18023118;0
18023120;1
18023150;1
18023154;1
18023156;0
18023160;0
18023162;0
18023220;1
18023222;0
18023226;0
18023304;0
18023308;1
18023310;1
18023314;0
18023316;0
18023322;0
18023324;1
18023326;1
18023328;0
18023332;0
18023334;1
18023338;0
18023346;0
18023348;1
18023350;1
18023358;0
18023362;0
18023368;0
18023370;0
18023378;0
18023388;0
18023392;1
18023396;1
18023398;0
18023400;1
18023402;0
18023404;0
18023408;0
18023412;0
18023416;0
18023426;0
18023430;1
18023434;1
18023436;0
18023438;1
18023444;0
18023446;1
18023448;0
18023456;0
18023458;0
18023464;0
18023498;1
18023500;0
18023502;0
18023506;1
18023508;1
18023510;0
18023512;1
18023516;0
18023518;1
18023520;0
18023528;0
18023532;0
18023536;1
18023538;1
18023540;1
18023542;1
18023550;0
18023552;0
18023554;1
18023556;0
18023558;0
18023560;0
18023564;1
18023566;0
18023568;1
18023570;0
18023572;0
18023574;0
18023576;0
18023578;0
18023582;0
18023584;0
18023592;0
18023596;0
18023600;1
18023606;0
18023608;1
18023614;1
18023618;1
18023620;1
18023624;0
18023646;0
18023664;0
18023672;0
18023680;0
18023694;0
18023696;0
18023700;1
18023702;1
18023704;0
18023718;1
18023720;0
18023722;1
18023726;0
18023728;0
18023730;1
18023732;0
18023738;1
18023740;0
18023746;0
18023748;1
18023752;0
18023754;0
18023758;0
18023760;1
18023764;0
18023804;0
18023834;0
18023840;0
18023896;1
18023900;1
18023906;0
18023912;0
18023914;1
18023916;0
18023918;0
18023928;0
18023938;0
18023948;1
18023950;1
18023952;0
18023974;0
18023992;0
18024012;0
18024108;0
18024110;1
18024118;0
18024128;1
18024142;0
18024144;1
18024146;1
18024150;0
18024164;1
18024168;1
18024170;1
18024172;1
18024182;0
18024186;0
18024190;1
18024196;0
18024204;1
18024206;0
18024212;1
18024222;0
18024224;1
18024226;0
18024230;0
18024234;0
18024244;1
18024250;1
18024252;0
18024264;1
18024268;0
18024270;0
18024278;1
18024284;0
18024286;1
18024288;0
18024290;0
18024306;1
18024308;0
18024312;0
18024314;0
18024316;1
18024326;1
18024366;0
18024372;0
18024374;0
18024386;0
18024388;1
18024390;0
18024392;0
18024418;0
18024424;1
18024426;1
18024428;0
18024430;0
18024432;1
18024434;1
18024438;0
18024440;1
18024444;1
18024446;1
18024450;0
18024458;0
18024460;0
18024462;1
18024464;0
18024466;1
18024468;0
18024472;0
18024478;0
18024484;0
18024486;1
18024490;0
18024496;0
18024498;0
18024502;1
18024514;0
18024518;0
18024520;1
18024524;1
18024526;1
18024532;0
18024534;0
18024536;1
18024538;0
18024544;1
18024550;0
18024552;0
18024554;0
18024558;1
18024560;0
18024564;0
18024566;1
18024572;0
18024574;1
18024580;0
18024584;0
18024588;1
18024590;1
18024592;0
18024594;0
18024648;0
18024650;0
18024652;0
18024654;0
18024656;0
18024658;0
18024664;1
18024666;1
18024678;1
18024680;0
18024694;0
18024704;0
18024706;1
18024710;1
18024712;0
18024714;0
18024716;1
18024728;1
18024734;1
18024740;0
18024756;0
18024774;1
18024782;0
18024794;1
18024798;0
18024802;1
18024808;0
18024816;0
18024824;1
18024826;0
18024828;0
18024830;0
18024838;0
18024842;0
18024852;1
18024856;0
18024860;0
18024866;0
18024870;1
18024880;0
18024882;1
18024890;1
18024898;1
18024902;0
18024904;0
18024908;0
18024910;1
18024914;0
18024916;1
18024954;0
18024956;0
18025048;1
18025062;1
18025064;1
18025066;0
18025068;0
18025070;1
18025074;0
18025076;0
18025082;1
18025096;0
18025110;0
18025120;1
18025124;0
18025128;0
18025132;0
18025134;0
18025136;0
18025138;1
18025140;0
18025144;0
18025146;1
18025148;0
18025150;1
18025154;1
18025160;0
18025162;0
18025168;0
18025170;0
18025172;1
18025178;0
18025182;0
18025192;0
18025194;0
18025198;0
18025202;0
18025214;0
18025220;1
18025224;0
18025228;0
18025232;0
18025234;0
18025236;0
18025240;0
18025244;0
18025246;1
18025250;0
18025258;0
18025264;0
18025268;0
18025280;0
18025282;0
18025286;1
18025294;0
18025296;0
18025300;0
18025388;1
18025390;1
18025394;1
18025400;1
18025440;1
18025442;0
18025444;0
18025448;0
18025450;0
18025454;1
18025462;0
18025464;1
18025484;0
18025486;0
18025508;1
18025510;0
18025526;0
18025536;1
18025538;1
18025540;0
18025542;0
18025544;0
18025548;0
18025552;1
18025558;0
18025562;0
18025568;0
18025570;0
18025572;0
18025574;0
18025576;0
18025582;0
18025586;0
18025588;0
18025590;0
18025594;1
18025596;0
18025598;1
18025608;0
18025620;0
18025628;1
18025632;1
18025640;0
18025644;1
18025648;1
18025654;0
18025666;0
18025668;0
18025680;0
18025684;0
18025686;1
18025688;0
18025694;1
18025696;1
18025698;1
18025702;0
18025704;1
18025706;0
18025714;0
18025752;1
18025758;0
18025762;0
18025764;1
18025766;1
18025768;1
18025774;1
18025776;0
18025818;0
18025824;1
18025826;1
18025828;1
18025832;0
18025834;0
18025840;1
18025842;0
18025844;1
18025848;0
18025852;1
18025858;1
18025898;0
18025900;0
18025902;0
18025904;0
18025906;0
18025908;0
18025910;0
18025916;1
18025926;0
18025940;0
18025950;0
18025952;0
18025954;0
18025958;0
18025960;0
18025972;1
18025978;0
18025980;1
18025982;0
18025984;0
18026000;0
18026004;1
18026024;1
18026086;1
18026088;0
18026090;0
18026092;1
18026114;0
18026116;1
18026122;1
18026164;0
18026170;1
18026172;1
18026174;1
18026176;1
18026196;0
18026218;0
18026226;0
18026228;1
18026234;0
18026240;1
18026244;0
18026248;1
18026250;1
18026252;0
18026254;0
18026258;0
18026260;1
18026262;0
18026264;1
18026266;1
18026268;1
18026270;1
18026272;1
18026274;1
18026278;0
18026284;0
18026286;0
18026292;0
18026294;0
18026296;1
18026306;1
18026308;0
18026338;0
18026356;0
18026402;1
18026418;1
18026420;1
18026422;1
18026458;1
18026460;1
18026478;0
18026502;0
18026506;1
18026510;1
18026518;0
18026520;1
18026522;0
18026526;0
18026528;0
18026532;0
18026538;1
18026540;1
18026542;1
18026546;0
18026548;1
18026550;0
18026552;1
18026554;1
18026556;1
18026562;0
18026564;0
18026568;0
18026572;0
18026574;1
18026576;0
18026584;0
18026590;1
18026596;1
18026598;0
18026600;1
18026602;0
18026606;1
18026622;0
18026644;1
18026648;1
18026664;1
18026674;1
18026678;1
18026692;0
18026702;0
18026716;0
18026720;1
18026722;1
18026736;1
18026738;0
18026740;0
18026742;1
18026744;1
18026748;0
18026768;1
18026780;1
18026790;0
18026792;1
18026794;0
18026796;0
18026800;1
18026802;0
18026806;0
18026808;0
18026812;0
18026814;0
18026816;0
18026818;1
18026824;0
18026828;0
18026830;0
18026842;0
18026844;0
18026846;1
18026848;1
18026852;0
18026854;1
18026858;0
18026860;0
18026864;0
18026872;0
18026874;1
18026878;0
18026896;0
18026898;0
18026902;1
18026904;0
18026910;1
18026914;0
18026916;0
18026918;0
18026920;0
18026922;0
18026924;0
18026932;0
18026942;1
18026946;0
18026948;0
18026950;0
18026954;0
18026958;0
18026972;0
18026976;0
18026990;1
18026994;0
18026996;0
18027008;0
18027010;0
18027012;0
18027014;0
18027018;0
18027088;0
18027106;0
18027112;0
18027122;0
18027330;1
18027332;0
18027334;0
18027336;0
18027374;1
18027376;1
18027380;0
18027386;0
18027388;0
18027390;0
18027392;1
18027394;0
18027398;0
18027400;0
18027404;0
18027408;0
18027412;1
18027424;1
18027426;0
18027436;0
18027438;1
18027440;0
18027454;1
18027456;0
18027460;0
18027462;1
18027468;1
18027474;0
18027476;1
18027478;0
18027480;0
18027482;1
18027486;0
18027488;0
18027490;0
18027492;0
18027494;1
18027496;0
18027500;0
18027502;0
18027504;0
18027508;0
18027514;0
18027516;0
18027520;1
18027522;0
18027528;0
18027536;0
18027548;0
18027550;1
18027552;1
18027554;0
18027566;0
18027568;0
18027586;1
18027590;0
18027592;1
18027598;0
18027600;0
18027602;0
18027604;0
18027606;1
18027610;0
18027614;0
18027626;0
18027630;0
18027632;0
18027634;0
18027640;0
18027642;1
18027644;0
18027680;1
18027698;1
18027702;1
18027776;1
18027780;0
18027782;0
18027784;0
18027786;1
18027806;0
18027818;0
18027824;1
18027826;0
18027828;1
18027830;0
18027832;1
18027836;0
18027838;1
18027840;0
18027848;0
18027850;0
18027854;1
18027868;0
18027870;0
18027896;0
18027938;0
18027940;1
18027942;0
18027948;0
18027950;0
18027952;1
18027954;0
18027956;0
18027964;1
18027966;0
18027968;0
18027972;0
18027978;0
18027980;0
18027982;1
18027984;0
18027986;0
18027988;0
18027994;0
18027998;0
18028000;0
18028004;1
18028008;0
18028012;1
18028014;0
18028020;0
18028022;0
18028024;0
18028030;0
18028036;0
18028040;0
18028042;1
18028044;0
18028060;1
18028064;1
18028076;0
18028090;0
18028096;0
18028106;0
18028108;0
18028130;0
18028134;1
18028136;0
18028140;1
18028142;1
18028148;1
18028156;0
18028160;0
18028164;0
18028168;0
18028174;1
18028180;0
18028184;0
18028190;0
18028194;1
18028196;0
18028198;1
18028200;1
18028202;0
18028204;0
18028208;1
18028216;0
18028226;0
18028228;1
18028232;1
18028242;1
18028246;0
18028250;1
18028252;0
18028256;1
18028262;1
18028264;0
18028268;0
18028318;1
18028322;1
18028328;0
18028332;0
18028334;0
18028338;1
18028350;1
18028378;1
18028384;0
18028388;0
18028390;1
18028392;0
18028398;1
18028408;0
18028412;1
18028416;0
18028420;1
18028422;1
18028424;1
18028436;0
18028438;0
18028444;1
18028464;0
18028466;0
18028484;1
18028494;0
18028498;0
18028508;1
18028518;0
18028520;1
18028524;1
18028526;0
18028528;1
18028532;1
18028534;1
18028542;1
18028544;0
18028548;0
18028556;1
18028558;0
18028562;0
18028564;1
18028570;0
18028592;0
18028594;0
18028596;1
18028598;1
18028604;0
18028606;0
18028608;0
18028612;0
18028614;0
18028616;0
18028618;0
18028620;0
18028622;1
18028632;0
18028640;1
18028642;1
18028644;1
18028652;0
18028658;0
18028660;1
18028664;1
18028668;0
18028670;0
18028678;0
18028680;1
18028682;1
18028692;1
18028694;0
18028700;0
18028702;0
18028756;0
18028800;1
18028826;1
18028830;0
18028832;1
18028838;0
18029010;1
18029012;0
18029054;0
18029058;0
18029106;0
18029124;1
18029126;1
18029128;1
18029130;0
18029144;1
18029148;1
18029182;0
18029184;0
18029234;1
18029236;1
18029240;0
18029244;0
18029246;0
18029308;0
18029310;0
18029312;1
18029314;0
18029320;0
18029324;1
18029326;0
18029330;0
18029332;1
18029336;0
18029340;1
18029348;1
18029350;0
18029354;0
18029356;0
18029358;0
18029360;0
18029366;1
18029412;0
18029414;0
18029416;0
18029422;0
18029428;0
18029430;0
18029436;0
18029440;0
18029442;0
18029444;1
18029446;0
18029448;0
18029450;1
18029456;1
18029458;0
18029460;1
18029462;0
18029468;0
18029472;0
18029476;0
18029480;1
18029484;0
18029486;0
18029490;1
18029492;0
18029494;0
18029496;0
18029498;1
18029510;1
18029512;0
18029514;0
18029516;1
18029520;1
18029522;0
18029524;0
18029526;0
18029534;0
18029536;0
18029538;0
18029546;1
18029560;1
18029562;0
18029566;0
18029586;0
18029588;1
18029590;1
18029592;1
18029614;0
18029616;0
18029630;1
18029634;1
18029648;0
18029650;0
18029654;1
18029656;0
18029660;0
18029662;1
18029664;1
18029666;0
18029668;0
18029670;1
18029672;0
18029676;0
18029678;0
18029680;1
18029682;0
18029684;0
18029686;0
18029688;1
18029728;0
18029732;0
18029734;0
18029736;0
18029740;0
18029742;0
18029746;1
18029750;1
18029754;0
18029758;0
18029762;1
18029764;0
18029766;0
18029770;0
18029776;0
18029778;1
18029780;0
18029784;0
18029826;0
18029850;1
18029892;0
18029908;1
18029910;1
18029914;0
18029916;0
18029918;0
18029930;0
18029956;0
18029958;0
18029974;0
18029978;0
18029984;0
18029986;0
18029988;1
18029990;1
18029992;0
18029994;0
18030016;0
18030054;0
18030084;0
18030086;1
18030092;1
18030094;1
18030104;0
18030106;0
18030108;0
18030110;0
18030166;0
18030170;0
18030238;0
18030244;0
18030248;1
18030250;0
18030258;0
18030286;0
18030294;1
18030300;0
18030356;0
18030358;0
18030364;1
18030368;0
18030370;0
18030372;0
18030384;0
18030388;0
18030392;0
18030434;0
18030456;0
18030460;1
18030466;0
18030468;0
18030472;0
18030482;0
18030484;1
18030486;1
18030488;0
18030490;0
18030492;0
18030494;0
18030506;0
18030508;1
18030510;0
18030512;1
18030516;0
18030518;0
18030520;0
18030522;0
18030534;0
18030536;1
18030546;0
18030550;0
18030556;0
18030566;0
18030568;1
18030574;0
18030576;0
18030584;0
18030588;1
18030590;0
18030594;0
18030596;0
18030598;1
18030600;0
18030602;0
18030622;0
18030626;0
18030628;0
18030770;0
18030776;1
18030778;0
18030790;1
18030792;0
18030800;0
18030802;0
18030804;1
18030806;1
18030808;0
18030812;0
18030818;1
18030832;1
18030840;1
18030842;0
18030844;1
18030846;1
18030848;1
18030850;0
18030852;1
18030862;0
18030868;0
18030872;0
18030874;1
18030876;0
18030878;0
18030882;1
18030884;0
18030888;1
18030896;0
18030898;0
18030900;0
18030906;0
18030910;0
18030916;0
18030918;0
18030920;0
18030930;0
18030940;1
18030942;0
18030946;0
18030948;0
18030950;1
18030956;0
18030958;1
18030960;1
18030966;0
18030968;0
18030972;0
18030974;1
18030976;1
18030978;1
18030980;1
18031004;1
18031012;1
18031032;0
18031038;1
18031040;0
18031042;0
18031044;0
18031046;0
18031048;1
18031050;1
18031054;0
18031058;0
18031060;1
18031062;1
18031066;0
18031072;0
18031074;1
18031082;0
18031086;0
18031088;1
18031090;1
18031102;0
18031104;0
18031106;0
18031110;0
18031114;0
18031116;0
18031118;1
18031120;1
18031124;1
18031126;0
18031166;0
18031208;1
18031226;1
18031232;0
18031240;0
18031250;1
18031260;0
18031266;0
18031268;1
18031270;0
18031276;1
18031280;0
18031286;0
18031294;0
18031296;1
18031298;0
18031300;0
18031304;0
18031312;1
18031316;1
18031318;1
18031324;0
18031326;0
18031336;1
18031338;0
18031340;1
18031344;1
18031346;0
18031348;0
18031350;1
18031352;1
18031356;0
18031364;0
18031368;1
18031370;0
18031374;0
18031376;0
18031382;1
18031388;0
18031390;0
18031394;0
18031398;0
18031402;0
18031404;1
18031408;1
18031448;0
18031454;1
18031540;0
18031564;0
18031566;1
18031568;0
18031570;1
18031588;1
18031604;1
18031610;0
18031616;0
18031618;0
18031620;0
18031622;0
18031624;0
18031626;0
18031628;1
18031632;0
18031636;1
18031648;1
18031650;1
18031652;0
18031654;0
18031656;0
18031672;0
18031704;1
18031706;1
18031708;0
18031710;1
18031712;0
18031714;0
18031728;0
18031734;0
18031738;0
18031742;1
18031744;1
18031746;1
18031748;0
18031752;0
18031754;0
18031758;0
18031760;1
18031762;1
18031764;0
18031766;1
18031772;0
18031796;1
18031806;1
18031814;0
18031824;1
18031828;1
18031832;0
18031834;0
18031838;0
18031840;0
18031844;0
18031846;1
18031848;0
18031854;1
18031856;0
18031864;0
18031876;1
18031880;0
18031882;1
18031906;0
18031912;1
18031914;0
18031936;0
18031938;1
18031940;0
18031950;1
18031954;1
18032020;1
18032032;1
18032034;0
18032040;0
18032042;0
18032044;0
18032048;1
18032050;0
18032058;1
18032060;0
18032068;0
18032070;0
18032074;0
18032076;0
18032140;1
18032142;0
18032144;1
18032146;1
18032160;0
18032162;0
18032164;0
18032166;0
18032180;1
18032194;0
18032196;0
18032200;0
18032202;1
18032204;0
18032208;0
18032218;1
18032220;0
18032226;0
18032228;0
18032230;0
18032232;1
18032240;0
18032252;0
18032256;1
18032260;1
18032262;0
18032266;1
18032332;0
18032334;0
18032338;0
18032342;1
18032344;1
18032346;0
18032368;0
18032370;0
18032374;1
18032386;0
18032396;0
18032400;0
18032406;0
18032416;0
18032420;0
18032422;0
18032424;0
18032428;0
18032446;1
18032454;1
18032458;0
18032460;0
18032470;1
18032472;0
18032476;0
18032478;1
18032482;0
18032488;0
18032490;0
18032492;1
18032496;0
18032500;0
18032510;0
18032514;0
18032694;0
18032706;1
18032708;0
18032736;0
18032738;1
18032742;0
18032744;1
18032748;0
18032750;0
18032752;1
18032758;0
18032768;0
18032770;0
18032778;1
18032782;0
18032790;1
18032792;0
18032796;1
18032798;1
18032800;0
18032802;1
18032804;0
18032808;1
18032812;1
18032818;0
18032826;0
18032828;1
18032830;0
18032834;0
18032842;0
18032844;0
18032846;0
18032858;0
18032868;0
18032876;1
18032882;0
18032926;0
18032966;0
18032988;0
18032992;0
18032994;0
18032996;1
18033002;1
18033012;0
18033020;0
18033026;0
18033038;0
18033046;1
18033096;1
18033098;0
18033100;0
18033104;0
18033108;0
18033110;1
18033122;0
18033126;0
18033128;0
18033132;1
18033168;1
18033170;0
18033186;0
18033220;1
18033224;0
18033228;1
18033230;0
18033234;1
18033238;0
18033240;0
18033242;0
18033244;0
18033246;0
18033248;0
18033256;0
18033258;0
18033260;0
18033262;0
18033264;0
18033268;0
18033272;0
18033278;1
18033282;0
18033284;0
18033300;1
18033302;0
18033306;0
18033312;1
18033390;0
18033434;0
18033464;0
18033466;0
18033470;0
18033480;0
18033482;0
18033488;0
18033520;0
18033534;0
18033536;0
18033540;0
18033546;0
18033550;0
18033582;0
18033588;0
18033590;0
18033622;0
18033676;1
18033682;0
18033684;0
18033688;0
18033692;0
18033696;0
18033700;1
18033708;0
18033710;0
18033714;0
18033718;1
18033720;1
18033722;1
18033726;0
18033728;0
18033732;1
18033736;0
18033740;0
18033742;0
18033748;1
18033750;0
18033756;0
18033758;1
18033768;1
18033770;0
18033776;1
18033778;0
18033780;1
18033784;1
18033790;0
18033796;0
18033800;1
18033804;1
18033808;0
18033812;1
18033814;0
18033816;0
18033830;0
18033836;1
18033842;0
18033848;1
18033862;0
18033864;1
18033866;0
18033876;0
18033884;0
18033886;0
18033892;0
18033896;0
18033902;1
18033906;0
18033912;0
18033918;0
18033922;0
18033924;0
18033928;1
18033930;0
18033932;0
18033934;0
18033936;1
18033938;0
18033940;1
18033944;1
18033946;1
18033948;1
18033950;0
18033952;1
18033954;0
18033956;1
18033958;1
18033962;0
18033966;1
18033968;0
18033970;1
18033972;0
18033974;0
18033978;1
18033980;1
18033982;0
18033984;0
18033986;1
18033996;0
18034000;1
18034002;0
18034008;1
18034020;0
18034032;0
18034034;0
18034036;0
18034040;1
18034042;0
18034052;0
18034054;0
18034058;0
18034060;0
18034062;0
18034066;0
18034068;0
18034074;0
18034080;1
18034082;1
18034084;0
18034088;1
18034102;1
18034110;1
18034114;0
18034118;1
18034120;0
18034130;0
18034132;0
18034134;0
18034142;1
18034144;0
18034156;1
18034162;0
18034168;1
18034170;1
18034176;0
18034180;1
18034182;0
18034202;0
18034206;1
18034210;0
18034216;0
18034218;0
18034220;1
18034222;0
18034224;0
18034228;0
18034230;0
18034232;0
18034234;0
18034240;0
18034248;1
18034250;0
18034252;1
18034254;0
18034256;1
18034260;0
18034268;0
18034280;1
18034282;0
18034290;1
18034346;1
18034354;1
18034358;0
18034364;0
18034368;1
18034370;0
18034372;1
18034376;0
18034380;0
18034384;0
18034386;0
18034390;0
18034392;0
18034396;0
18034398;0
18034400;0
18034402;0
18034404;1
18034410;0
18034412;0
18034430;0
18034432;0
18034434;0
18034436;0
18034446;0
18034450;1
18034452;1
18034454;0
18034484;1
18034490;1
18034502;0
18034508;0
18034510;0
18034512;1
18034516;0
18034522;0
18034524;1
18034526;0
18034534;0
18034538;0
18034540;1
18034656;0
18034658;1
18034660;0
18034664;1
18034666;0
18034672;1
18034674;0
18034678;1
18034682;1
18034684;1
18034688;1
18034690;1
18034696;1
18034702;0
18034704;1
18034706;1
18034710;0
18034716;0
18034724;0
18034728;1
18034732;0
18034736;1
18034740;1
18034742;1
18034748;0
18034750;0
18034754;0
18034756;0
18034758;1
18034766;0
18034776;0
18034778;1
18034786;0
18034788;0
18034790;0
18034792;0
18034800;1
18034802;1
18034806;0
18034808;0
18034816;0
18034822;1
18034828;1
18034834;0
18034838;0
18034840;0
18034842;0
18034846;1
18034852;1
18034856;1
18034862;0
18034872;0
18034882;0
18034884;0
18034886;0
18034888;1
18034896;1
18034898;0
18034900;0
18034904;0
18034906;1
18034914;0
18034920;0
18034922;1
18034924;0
18034934;0
18034936;1
18034938;1
18035020;0
18035026;1
18035036;0
18035040;1
18035044;1
18035096;0
18035108;0
18035120;1
18035144;1
18035192;1
18035200;1
18035202;0
18035204;1
18035218;0
18035236;0
18035278;0
18035280;1
18035282;0
18035284;0
18035286;1
18035326;1
18035348;0
18035350;0
18035394;1
18035396;0
18035400;1
18035402;0
18035406;0
18035428;1
18035436;1
18035452;0
18035454;0
18035466;1
18035478;1
18035480;0
18035482;1
18035488;1
18035492;0
18035494;0
18035506;0
18035510;0
18035512;1
18035514;0
18035516;1
18035518;0
18035520;1
18035522;1
18035524;1
18035528;1
18035534;0
18035536;1
18035540;0
18035542;0
18035546;0
18035548;1
18035550;1
18035566;0
18035578;0
18035584;0
18035588;0
18035592;0
18035596;0
18035604;0
18035606;0
18035608;0
18035610;0
18035612;0
18035614;1
18035616;0
18035618;1
18035620;1
18035628;0
18035672;1
18035712;0
18035718;1
18035722;0
18035758;0
18035760;1
18035766;0
18035770;0
18035778;0
18035780;0
18035802;0
18035804;0
18035808;0
18035810;1
18035812;0
18035926;1
18035958;1
18035960;0
18035962;1
18035966;0
18035972;1
18036008;0
18036130;1
18036132;1
18036136;0
18036178;0
18036206;1
18036210;0
18036212;0
18036214;0
18036216;1
18036224;0
18036232;0
18036240;1
18036244;0
18036248;0
18036308;1
18036310;1
18036314;1
18036380;0
18036384;0
18036386;0
18036388;0
18036396;0
18036408;0
18036412;0
18036414;1
18036416;0
18036458;0
18036472;0
18036544;1
18036550;0
18036552;0
18036560;0
18036564;1
18036568;0
18036584;0
18036586;0
18036590;1
18036592;0
18036594;0
18036598;0
18036620;0
18036640;0
18036642;0
18036648;1
18036668;0
18036674;1
18036696;0
18036698;0
18036700;0
18036712;0
18036716;0
18036720;0
18036724;0
18036726;0
18036730;1
18036732;0
18036742;0
18036744;1
18036746;0
18036752;1
18036756;1
18036758;0
18036764;0
18036766;1
18036774;0
18036780;0
18036782;1
18036790;0
18036792;0
18036798;0
18036804;0
18036808;1
18036814;1
18036816;0
18036830;0
18036832;1
18036840;0
18036842;1
18036846;0
18036848;0
18036850;0
18036852;0
18036854;0
18036856;1
18036858;0
18036860;1
18036872;0
18036878;0
18036880;1
18036882;1
18036902;0
18036908;0
18036912;1
18036922;0
18037016;0
18037018;0
18037020;0
18037080;0
18037082;0
18037124;0
18037142;0
18037146;1
18037150;0
18037152;0
18037162;1
18037164;1
18037166;1
18037168;1
18037170;0
18037190;0
18037192;0
18037194;0
18037196;0
18037200;0
18037202;1
18037206;0
18037218;0
18037222;0
18037224;0
18037226;1
18037228;0
18037242;0
18037244;0
18037246;1
18037248;1
18037250;1
18037252;1
18037278;0
18037288;1
18037312;0
18037430;0
18037444;1
18037464;0
18037476;0
18037486;0
18037492;0
18037496;1
18037502;1
18037508;1
18037510;1
18037514;0
18037518;0
18037522;1
18037524;0
18037530;1
18037532;0
18037540;0
18037560;0
18037568;0
18037570;0
18037574;0
18037578;1
18037582;0
18037586;0
18037588;0
18037590;0
18037602;0
18037604;0
18037608;0
18037610;0
18037614;0
18037620;1
18037624;0
18037626;0
18037630;0
18037632;0
18037636;0
18037642;1
18037644;1
18037648;1
18037656;0
18037658;0
18037662;1
18037664;0
18037666;1
18037668;0
18037670;0
18037676;1
18037684;1
18037688;1
18037690;0
18037692;0
18037698;1
18037754;0
18037766;1
18037778;0
18037782;0
18037784;0
18037786;1
18037794;1
18037796;1
18037806;1
18037812;1
18037820;0
18037822;1
18037826;0
18037828;0
18037834;1
18037836;1
18037842;0
18037848;1
18037850;0
18037864;0
18037868;0
18037880;1
18037882;0
18037884;1
18037890;1
18037894;1
18037898;0
18037948;1
18037952;1
18037960;0
18037970;0
18037974;1
18038006;1
18038028;0
18038030;1
18038034;0
18038038;0
18038040;0
18038044;0
18038048;0
18038050;0
18038072;1
18038074;0
18038078;1
18038084;0
18038086;0
18038092;0
18038094;0
18038096;0
18038100;1
18038104;0
18038106;1
18038110;1
18038112;1
18038114;0
18038116;0
18038118;0
18038120;0
18038122;0
18038124;0
18038126;1
18038168;1
18038180;0
18038182;0
18038188;0
18038192;0
18038194;0
18038198;0
18038202;0
18038244;1
18038246;0
18038258;0
18038264;0
18038270;0
18038272;0
18038278;0
18038280;0
18038282;0
18038286;0
18038288;0
18038290;1
18038296;0
18038298;1
18038304;0
18038306;0
18038308;0
18038310;0
18038312;0
18038320;1
18038322;0
18038328;0
18038330;0
18038332;1
18038336;0
18038348;1
18038350;1
18038352;1
18038388;0
18038394;0
18038438;0
18038466;1
18038480;1
18038488;0
18038492;1
18038498;0
18038500;0
18038502;0
18038506;1
18038508;1
18038512;0
18038516;0
18038518;0
18038520;1
18038522;0
18038526;1
18038528;1
18038530;0
18038534;0
18038540;1
18038546;0
18038550;1
18038552;0
18038554;0
18038580;0
18038582;0
18038588;1
18038610;0
18038618;0
18038620;0
18038632;1
18038634;0
18038636;0
18038650;0
18038654;1
18038656;0
18038658;1
18038662;0
18038684;0
18038686;0
18038734;1
18038736;0
18038738;0
18038744;1
18038750;0
18038754;1
18038756;1
18038796;1
18038798;1
18038800;1
18038806;1
18038814;1
18038820;0
18038828;0
18038830;0
18038832;0
18038882;1
18038884;1
18038886;0
18038914;0
18038916;0
18038920;1
18038954;0
18038972;1
18039010;1
18039032;0
18039034;1
18039082;1
18039120;0
18039144;0
18039146;0
18039202;0
18039204;0
18039206;0
18039212;1
18039218;0
18039220;0
18039224;0
18039280;0
18039282;0
18039284;0
18039286;0
18039294;0
18039312;1
18039332;1
18039338;1
18039342;0
18039346;0
18039348;1
18039350;0
18039352;0
18039354;0
18039356;1
18039358;0
18039364;0
18039368;1
18039370;0
18039372;1
18039374;0
18039376;1
18039378;1
18039444;1
18039452;0
18039510;0
18039512;1
18039528;0
18039532;0
18039592;0
18039594;1
18039596;0
18039598;1
18039656;1
18039670;0
18039672;0
18039678;0
18039680;0
18039684;1
18039686;0
18039696;0
18039700;1
18039702;1
18039708;0
18039712;0
18039714;0
18039716;0
18039720;1
18039728;0
18039780;1
18039786;0
18039814;0
18039828;1
18039858;0
18039860;0
18039862;0
18039864;1
18039868;0
18039870;0
18039878;0
18039882;0
18039884;0
18039904;0
18039910;1
18039922;1
18039924;1
18039956;0
18039960;1
18039962;1
18040012;1
18040014;1
18040028;1
18040034;1
18040064;1
18040084;0
18040086;0
18040108;0
18040110;1
18040114;0
18040116;0
18040118;0
18040120;0
18040124;1
18040126;0
18040132;1
18040142;0
18040144;0
18040146;0
18040148;1
18040150;1
18040152;1
18040154;1
18040158;1
18040160;0
18040180;0
18040182;0
18040186;0
18040192;0
18040194;1
18040196;1
18040198;1
18040202;1
18040204;0
18040206;1
18040208;0
18040236;0
18040242;0
18040244;0
18040248;1
18040252;1
18040258;0
18040260;1
18040262;0
18040266;1
18040270;1
18040272;1
18040278;1
18040280;0
18040282;1
18040284;0
18040286;0
18040308;0
18040310;0
18040312;0
18040316;1
18040320;0
18040322;1
18040414;1
18040418;0
18040420;0
18040424;1
18040428;0
18040432;1
18040436;0
18040440;1
18040444;1
18040446;1
18040448;0
18040450;1
18040452;0
18040454;0
18040458;0
18040460;0
18040462;0
18040464;0
18040466;0
18040470;0
18040472;1
18040474;1
18040476;0
18040478;0
18040480;1
18040486;0
18040488;0
18040502;0
18040508;0
18040512;1
18040514;1
18040516;1
18040558;0
18040562;0
18040566;1
18040572;1
18040576;1
18040580;1
18040582;1
18040590;0
18040596;0
18040600;1
18040602;0
18040608;1
18040614;0
18040620;0
18040622;0
18040670;1
18040676;1
18040682;0
18040684;0
18040688;0
18040696;0
18040702;1
18040704;1
18040706;0
18040738;1
18040748;0
18040760;0
18040764;1
18040766;1
18040768;1
18040772;1
18040784;1
18040786;1
18040790;1
18040798;1
18040810;1
18040812;1
18040816;0
18040824;0
18040834;0
18040844;0
18040846;1
18040848;1
18040854;0
18040858;0
18040868;0
18040870;0
18040872;1
18040882;0
18040884;1
18040888;0
18040910;0
18040978;0
18040980;1
18040982;0
18040984;1
18040986;1
18041038;0
18041040;1
18041042;1
18041044;1
18041082;1
18041092;0
18041100;0
18041106;0
18041110;0
18041112;0
18041114;0
18041116;1
18041118;1
18041122;1
18041124;0
18041126;1
18041128;0
18041132;0
18041136;0
18041140;0
18041162;1
18041164;1
18041172;0
18041196;1
18041202;1
18041206;1
18041208;0
18041218;1
18041220;0
18041224;1
18041226;0
18041232;0
18041238;0
18041242;0
18041248;0
18041254;1
18041258;0
18041260;1
18041264;0
18041266;1
18041270;0
18041272;0
18041278;1
18041284;0
18041290;1
18041314;1
18041358;0
18041376;0
18041386;0
18041394;0
18041396;1
18041400;0
18041402;0
18041404;0
18041406;0
18041408;1
18041414;0
18041416;0
18041418;0
18041430;0
18041432;1
18041440;0
18041444;1
18041446;0
18041448;0
18041450;1
18041456;0
18041458;0
18041462;0
18041464;0
18041466;0
18041468;0
18041470;1
18041472;1
18041474;0
18041476;1
18041478;0
18041484;1
18041486;0
18041492;0
18041496;0
18041500;0
18041504;0
18041514;0
18041520;1
18041522;0
18041526;0
18041530;0
18041532;1
18041534;1
18041542;0
18041544;1
18041546;1
18041548;0
18041640;1
18041642;0
18041644;1
18041670;0
18041672;0
18041680;0
18041684;0
18041712;1
18041736;0
18041742;1
18041750;0
18041760;0
18041770;0
18041772;0
18041774;0
18041778;1
18041780;1
18041900;0
18041902;0
18041944;0
18041954;0
18041956;1
18041962;1
18041968;0
18041972;0
18041974;0
18041976;1
18041978;1
18041984;0
18041988;0
18041992;0
18041994;0
18041996;0
18041998;0
18042000;0
18042002;0
18042004;1
18042006;1
18042018;0
18042022;0
18042032;0
18042034;1
18042058;0
18042094;0
18042144;0
18042160;0
18042162;1
18042164;1
18042180;1
18042182;1
18042188;1
18042190;1
18042192;0
18042196;0
18042198;1
18042202;0
18042204;0
18042210;0
18042218;1
18042220;0
18042226;0
18042230;1
18042244;1
18042246;0
18042248;1
18042250;1
18042254;1
18042260;1
18042264;0
18042266;0
18042268;1
18042272;1
18042274;0
18042278;0
18042280;0
18042286;0
18042288;1
18042292;1
18042298;0
18042308;0
18042326;0
18042328;1
18042332;0
18042334;0
18042336;1
18042338;0
18042344;1
18042348;0
18042350;1
18042358;1
18042372;1
18042376;1
18042380;0
18042384;1
18042386;1
18042390;0
18042392;1
18042394;0
18042398;0
18042400;1
18042402;1
18042404;0
18042408;0
18042410;1
18042418;0
18042420;1
18042424;1
18042426;0
18042438;0
18042440;0
18042450;0
18042452;1
18042470;0
18042496;1
18042500;0
18042502;0
18042504;1
18042508;0
18042510;0
18042514;1
18042516;0
18042518;1
18042522;1
18042542;0
18042544;0
18042546;0
18042568;0
18042574;0
18042596;0
18042644;1
18042646;1
18042650;0
18042652;0
18042654;0
18042656;0
18042658;0
18042660;1
18042666;1
18042672;0
18042674;1
18042680;1
18042682;0
18042688;1
18042708;1
18042710;1
18042712;1
18042714;0
18042716;0
18042718;0
18042726;0
18042728;0
18042776;0
18042782;1
18042796;0
18042838;0
18042894;0
18042918;0
18042920;0
18042922;1
18042924;0
18042926;0
18042928;1
18042930;1
18042934;1
18042946;0
18042958;1
18042962;0
18042964;0
18042968;0
18042972;0
18042976;0
18042980;0
18042988;0
18042990;0
18043010;0
18043012;0
18043014;0
18043016;0
18043018;0
18043022;0
18043024;0
18043058;1
18043068;0
18043072;1
18043074;0
18043078;0
18043082;0
18043108;1
18043148;0
18043194;0
18043202;0
18043204;0
18043206;0
18043208;0
18043214;0
18043228;0
18043230;0
18043232;1
18043242;1
18043244;0
18043246;0
18043252;1
18043282;0
18043284;1
18043286;0
18043300;1
18043304;0
18043310;0
18043314;1
18043316;0
18043322;1
18043324;1
18043328;0
18043334;0
18043336;1
18043340;0
18043342;0
18043360;1
18043362;1
18043364;0
18043368;0
18043382;1
18043384;0
18043386;0
18043400;0
18043414;0
18043424;1
18043428;0
18043430;0
18043436;0
18043450;0
18043468;0
18043470;0
18043472;0
18043474;1
18043478;0
18043506;1
18043520;1
18043528;0
18043540;0
18043556;0
18043558;0
18043568;0
18043578;0
18043580;1
18043582;1
18043584;1
18043586;1
18043588;0
18043738;0
18043740;0
18043742;0
18043744;0
18043746;0
18043752;1
18043754;1
18043758;0
18043760;0
18043762;1
18043764;0
18043772;0
18043774;1
18043776;0
18043784;0
18043786;0
18043788;1
18043790;0
18043792;1
18043796;1
18043798;1
18043800;0
18043802;0
18043806;0
18043838;0
18043840;0
18043842;1
18043844;0
18043850;1
18043896;0
18043898;0
18043910;0
18043912;0
18043916;1
18043956;0
18043962;0
18043964;0
18043968;0
18043970;1
18043974;0
18044020;0
18044030;1
18044038;1
18044042;0
18044054;0
18044170;1
18044224;0
18044262;0
18044268;1
18044272;0
18044276;1
18044278;0
18044284;0
18044286;0
18044288;1
18044298;1
18044344;0
18044396;0
18044398;1
18044400;0
18044406;0
18044408;0
18044412;0
18044414;0
18044418;1
18044420;0
18044422;0
18044426;1
18044428;0
18044432;0
18044434;0
18044436;1
18044438;1
18044446;0
18044448;1
18044454;0
18044456;0
18044458;0
18044460;1
18044462;0
18044464;0
18044468;0
18044476;0
18044478;1
18044480;1
18044482;0
18044484;1
18044486;0
18044488;0
18044490;1
18044492;1
18044494;0
18044498;1
18044500;0
18044504;1
18044508;0
18044510;1
18044516;0
18044518;0
18044520;0
18044524;0
18044526;0
18044530;1
18044532;0
18044534;1
18044536;0
18044538;0
18044540;1
18044548;0
18044560;0
18044564;1
18044568;0
18044572;1
18044574;1
18044578;1
18044582;1
18044584;0
18044586;0
18044588;0
18044590;1
18044592;0
18044594;0
18044600;0
18044606;0
18044612;0
18044614;0
18044618;0
18044622;0
18044628;0
18044632;1
18044652;0
18044654;0
18044686;0
18044714;1
18044726;1
18044750;0
18044752;1
18044754;0
18044760;0
18044762;0
18044766;1
18044768;0
18044800;0
18044824;0
18044848;0
18044850;0
18044852;1
18044854;1
18044858;0
18044860;0
18044862;0
18044864;0
18044866;1
18044870;1
18044876;0
18044878;0
18044902;0
18044922;1
18044962;0
18044990;0
18045016;1
18045028;0
18045032;0
18045036;0
18045054;0
18045064;1
18045070;1
18045074;0
18045076;0
18045078;1
18045082;0
18045084;1
18045088;0
18045092;0
18045094;1
18045096;0
18045102;0
18045106;0
18045110;0
18045114;0
18045116;1
18045118;0
18045126;1
18045128;0
18045130;0
18045134;1
18045136;0
18045138;0
18045142;0
18045144;0
18045148;0
18045150;0
18045152;1
18045154;1
18045156;0
18045158;0
18045162;0
18045168;1
18045182;0
18045184;0
18045186;0
18045188;0
18045190;1
18045192;1
18045196;1
18045198;0
18045200;0
18045202;0
18045208;1
18045210;1
18045212;1
18045228;0
18045230;0
18045232;0
18045234;0
18045236;0
18045240;1
18045252;0
18045254;1
18045310;1
18045438;0
18045440;0
18045442;0
18045444;0
18045450;1
18045452;1
18045454;0
18045458;1
18045462;1
18045464;0
18045466;1
18045468;0
18045470;0
18045476;0
18045478;1
18045482;0
18045486;0
18045488;0
18045492;0
18045496;1
18045498;1
18045516;1
18045518;1
18045526;1
18045528;0
18045532;1
18045538;0
18045542;0
18045544;1
18045548;1
18045554;1
18045556;1
18045560;1
18045586;0
18045622;0
18045636;0
18045702;0
18045704;0
18045706;0
18045708;0
18045718;0
18045724;1
18045726;0
18045732;0
18045734;1
18045742;0
18045748;1
18045750;1
18045752;0
18045754;0
18045772;0
18045798;1
18045800;0
18045870;0
18045880;0
18045888;0
18045892;0
18045894;1
18045910;1
18045912;1
18045914;0
18045944;0
18045946;0
18045956;1
18045970;0
18045972;1
18045974;0
18045976;1
18045978;0
18045980;0
18045982;1
18045984;0
18045988;0
18046148;0
18046176;0
18046278;1
18046312;0
18046314;0
18046326;0
18046328;0
18046358;0
18046360;1
18046366;0
18046370;1
18046378;0
18046386;0
18046394;0
18046396;0
18046402;0
18046408;0
18046416;0
18046418;0
18046420;0
18046490;0
18046530;0
18046544;1
18046552;0
18046574;1
18046594;1
18046608;1
18046610;1
18046628;1
18046630;1
18046634;0
18046636;0
18046638;0
18046642;0
18046646;0
18046688;1
18046692;0
18046694;0
18046708;0
18046710;1
18046722;0
18046734;0
18046736;0
18046742;0
18046744;1
18046748;0
18046808;1
18046840;0
18046844;0
18046860;0
18046998;1
18047016;0
18047018;0
18047020;0
18047022;1
18047024;0
18047044;0
18047046;0
18047338;0
18047344;1
18047346;1
18047394;1
18047482;0
18047520;0
18047524;0
18047526;0
18047562;0
18047600;1
18047602;0
18047604;0
18047606;1
18047610;1
18047616;1
18047618;1
18047634;1
18047646;1
18047674;0
18047676;0
18047692;0
18047698;1
18047742;1
18047776;0
18047778;0
18047790;0
18047792;1
18047820;0
18047822;0
18047826;1
18047848;0
18047882;0
18047896;0
18047898;0
18047908;0
18047918;1
18047922;0
18047950;0
18047964;1
18047966;1
18047976;1
18047978;1
18047982;0
18048008;0
18048024;0
18048048;1
18048068;0
18048070;1
18048074;0
18048082;0
18048084;1
18048094;1
18048108;0
18048120;1
18048124;1
18048126;0
18048128;0
18048138;1
18048140;0
18048162;1
18048178;0
18048186;0
18048214;0
18048222;0
18048306;0
18048308;0
18048310;0
18048312;0
18048316;0
18048318;0
18048324;1
18048330;1
18048364;1
18048368;0
18048398;0
18048406;0
18048408;0
18048410;1
18048412;1
18048416;0
18048446;1
18048448;0
18048458;0
18048492;0
18048516;1
18048518;1
18048520;0
18048524;1
18048532;0
18048534;1
18048536;1
18048542;0
18048546;0
18048548;0
18048554;0
18048556;0
18048558;0
18048564;1
18048578;0
18048580;0
18048582;0
18048584;0
18048598;0
18048602;0
18048608;0
18048610;0
18048612;0
18048678;1
18048680;0
18048682;0
18048700;0
18048724;0
18048726;0
18048746;0
18048748;0
18048750;0
18048752;0
18048754;0
18048758;1
18048762;0
18048768;0
18048770;1
18048772;1
18048782;1
18048790;0
18048792;1
18048794;0
18048796;1
18048800;1
18048814;0
18048818;0
18048822;1
18048824;0
18048834;0
18048838;0
18048840;1
18048844;0
18048862;1
18048868;0
18048870;0
18048872;0
18048878;0
18048880;0
18048882;0
18048884;0
18048886;0
18048900;0
18048908;1
18048936;0
18048938;1
18048940;1
18048942;0
18048944;0
18048950;0
18048974;0
18049092;0
18049094;1
18049100;0
18049108;0
18049112;0
18049178;1
18049180;0
18049184;0
18049188;0
18049192;0
18049194;0
18049198;1
18049202;0
18049204;1
18049212;1
18049216;0
18049218;0
18049220;1
18049226;0
18049230;1
18049234;0
18049236;1
18049238;0
18049240;0
18049252;1
18049254;0
18049256;0
18049276;0
18049288;0
18049312;0
18049314;1
18049326;1
18049334;1
18049340;1
18049344;0
18049346;1
18049352;0
18049354;0
18049358;1
18049372;0
18049374;1
18049376;1
18049380;0
18049382;1
18049384;0
18049392;0
18049400;0
18049402;0
18049408;1
18049450;1
18049454;1
18049480;1
18049484;0
18049500;0
18049514;0
18049516;0
18049544;1
18049546;0
18049548;0
18049554;0
18049556;0
18049558;0
18049560;1
18049562;0
18049564;0
18049566;0
18049568;1
18049570;0
18049572;1
18049588;0
18049590;0
18049592;1
18049594;1
18049598;0
18049602;0
18049624;1
18049678;0
18049682;1
18049686;0
18049688;0
18049690;1
18049692;1
18049694;1
18049702;0
18049714;0
18049716;0
18049738;1
18049742;0
18049744;1
18049748;0
18049750;0
18049816;1
18049852;1
18049854;0
18049856;1
18049858;1
18049860;0
18049866;1
18049868;1
18049872;1
18049878;0
18049882;0
18049884;0
18049886;0
18049888;0
18049892;0
18049896;1
18049900;0
18049902;0
18049906;1
18049926;0
18049930;0
18049936;0
18049952;0
18049954;0
18049956;1
18049958;0
18049960;1
18049964;0
18049966;0
18049968;1
18049976;0
18049980;1
18049982;0
18050002;1
18050038;0
18050040;1
18050044;1
18050050;1
18050052;0
18050056;1
18050058;1
18050060;0
18050062;0
18050066;0
18050068;1
18050074;1
18050144;0
18050166;0
18050168;1
18050170;0
18050194;0
18050196;1
18050208;0
18050214;0
18050216;1
18050220;0
18050224;0
18050228;0
18050230;0
18050240;0
18050242;0
18050244;1
18050248;0
18050254;0
18050258;0
18050260;1
18050264;1
18050268;1
18050270;0
18050272;1
18050274;0
18050276;0
18050282;1
18050284;1
18050286;1
18050290;1
18050302;0
18050306;1
18050308;0
18050310;1
18050314;0
18050316;0
18050322;1
18050324;0
18050326;1
18050328;1
18050334;0
18050340;1
18050344;0
18050346;0
18050348;0
18050350;1
18050352;0
18050356;0
18050358;0
18050360;0
18050362;0
18050366;1
18050368;0
18050372;1
18050380;0
18050402;1
18050416;0
18050468;0
18050470;1
18050474;0
18050476;1
18050482;0
18050484;0
18050486;1
18050488;0
18050490;0
18050492;0
18050502;1
18050506;1
18050516;1
18050522;1
18050532;1
18050538;0
18050546;1
18050564;1
18050566;0
18050570;0
18050576;1
18050578;0
18050580;1
18050582;0
18050586;0
18050608;1
18050610;0
18050614;1
18050646;0
18050676;0
18050718;0
18050720;1
18050728;1
18050748;0
18050792;0
18050794;0
18050804;0
18050832;0
18050840;1
18050844;0
18050846;0
18050848;0
18050868;0
18050870;0
18050876;0
18050878;0
18050880;0
18050884;0
18050886;0
18050910;0
18050914;0
18050916;1
18050918;0
18050924;0
18050944;1
18050972;0
18050974;0
18050976;0
18050978;1
18050990;0
18050992;1
18050996;1
18051002;0
18051004;1
18051006;0
18051018;0
18051024;1
18051026;0
18051028;1
18051030;1
18051032;1
18051038;1
18051086;1
18051088;0
18051090;0
18051094;0
18051096;0
18051098;0
18051100;0
18051104;0
18051106;0
18051108;0
18051110;0
18051114;0
18051116;1
18051120;0
18051124;0
18051126;0
18051130;0
18051132;1
18051134;0
18051138;0
18051140;1
18051146;1
18051150;0
18051152;1
18051154;0
18051156;0
18051158;0
18051160;0
18051162;0
18051164;0
18051166;1
18051172;0
18051174;0
18051176;1
18051178;0
18051180;0
18051184;1
18051186;1
18051192;1
18051194;1
18051196;1
18051206;0
18051212;1
18051214;0
18051216;0
18051218;1
18051220;1
18051226;0
18051228;1
18051234;1
18051236;0
18051238;1
18051240;1
18051244;0
18051258;0
18051262;0
18051292;0
18051296;0
18051298;0
18051308;0
18051312;1
18051318;1
18051370;0
18051386;0
18051398;0
18051400;0
18051402;0
18051412;0
18051414;0
18051416;0
18051420;0
18051422;0
18051424;0
18051426;1
18051428;0
18051444;0
18051448;0
18051480;0
18051482;0
18051502;0
18051506;0
18051518;0
18051520;1
18051522;0
18051524;0
18051532;0
18051534;0
18051538;0
18051542;0
18051544;0
18051548;0
18051550;0
18051558;0
18051564;1
18051566;0
18051570;0
18051582;0
18051584;0
18051586;1
18051596;1
18051602;1
18051604;1
18051606;1
18051608;1
18051610;0
18051612;1
18051614;1
18051616;1
18051620;0
18051622;0
18051626;0
18051630;0
18051634;0
18051636;0
18051638;0
18051640;0
18051646;0
18051648;1
18051650;0
18051652;1
18051654;0
18051658;1
18051660;1
18051662;0
18051666;1
18051670;0
18051674;0
18051676;1
18051680;0
18051682;1
18051684;0
18051686;1
18051688;0
18051692;0
18051694;0
18051696;0
18051698;0
18051700;0
18051704;0
18051706;1
18051708;0
18051716;1
18051722;0
18051726;1
18051728;0
18051730;1
18051732;1
18051736;1
18051742;1
18051746;0
18051750;1
18051758;1
18051760;1
18051762;1
18051768;0
18051774;0
18051776;1
18051782;0
18051784;1
18051786;0
18051788;0
18051790;1
18051792;0
18051796;1
18051798;0
18051800;1
18051802;0
18051804;0
18051806;0
18051810;1
18051818;0
18051822;0
18051826;0
18051832;1
18051834;1
18051836;0
18051838;1
18051840;1
18051842;0
18051852;1
18051854;0
18051858;0
18051862;0
18051864;0
18051868;0
18051870;1
18051872;0
18051874;1
18051876;1
18051878;1
18051880;0
18051886;0
18051888;0
18051890;0
18051892;0
18051894;1
18051896;0
18051898;0
18051904;1
18051908;0
18051910;1
18051912;1
18051914;0
18051916;0
18051918;0
18051924;0
18051926;0
18051928;0
18051930;0
18051932;0
18051936;1
18051940;0
18051942;1
18051944;0
18051946;0
18051950;0
18051952;0
18051954;0
18051960;0
18051964;0
18051966;0
18051970;0
18051972;0
18051976;1
18051978;1
18051982;0
18051986;0
18052000;0
18052002;1
18052018;1
18052020;1
18052022;0
18052024;0
18052026;0
18052028;0
18052032;1
18052038;1
18052042;1
18052044;0
18052048;1
18052050;1
18052052;0
18052054;0
18052056;0
18052058;0
18052060;1
18052062;0
18052064;0
18052066;1
18052068;1
18052072;1
18052076;0
18052078;1
18052080;1
18052082;0
18052084;0
18052086;0
18052090;1
18052094;0
18052096;0
18052100;1
18052102;1
18052106;0
18052112;1
18052118;1
18052122;1
18052126;0
18052132;1
18052134;0
18052136;0
18052138;1
18052140;1
18052142;1
18052144;0
18052146;0
18052148;0
18052150;0
18052152;0
18052156;0
18052162;0
18052164;1
18052168;0
18052170;0
18052174;0
18052178;0
18052180;0
18052182;0
18052188;1
18052190;0
18052192;0
18052196;0
18052198;0
18052200;0
18052202;0
18052204;1
18052206;0
18052208;0
18052210;1
18052212;1
18052216;0
18052218;1
18052220;0
18052222;1
18052224;0
18052226;1
18052230;1
18052232;0
18052248;1
18052250;1
18052254;0
18052256;0
18052260;0
18052264;0
18052268;1
18052270;0
18052272;0
18052274;0
18052276;0
18052278;0
18052282;0
18052284;1
18052286;1
18052288;1
18052290;1
18052292;1
18052294;0
18052298;0
18052300;0
18052302;0
18052304;1
18052312;0
18052314;0
18052334;0
18052336;0
18052342;1
18052344;0
18052350;1
18052352;0
18052354;1
18052360;0
18052362;0
18052372;0
18052376;0
18052378;0
18052380;0
18052386;0
18052406;0
18052410;0
18052426;0
18052428;0
18052430;0
18052432;0
18052436;1
18052438;0
18052440;0
18052442;1
18052520;0
18052524;0
18052548;1
18052550;0
18052552;0
18052554;1
18052556;0
18052558;1
18052560;1
18052562;0
18052564;1
18052570;0
18052572;0
18052574;0
18052578;0
18052580;0
18052586;0
18052588;1
18052592;0
18052598;1
18052600;1
18052602;1
18052604;1
18052608;0
18052614;1
18052620;0
18052624;1
18052626;0
18052628;0
18052630;0
18052636;0
18052638;0
18052644;0
18052646;0
18052648;0
18052650;1
18052658;1
18052662;1
18052666;0
18052668;0
18052676;0
18052772;0
18052774;0
18052814;1
18052816;1
18052836;1
18052846;0
18052848;1
18052850;1
18052858;0
18052860;0
18052862;0
18052864;0
18052866;1
18052868;0
18052870;0
18052872;1
18052896;0
18052900;0
18052902;0
18052904;0
18052906;1
18052910;1
18052914;0
18052916;0
18052920;1
18052922;0
18052926;1
18052930;0
18052950;0
18052952;1
18052970;0
18052998;0
18053000;0
18053002;0
18053004;0
18053010;0
18053012;0
18053018;1
18053022;1
18053026;0
18053028;0
18053030;0
18053124;0
18053126;0
18053134;0
18053158;0
18053162;0
18053182;0
18053210;0
18053212;0
18053214;0
18053216;1
18053220;1
18053226;1
18053240;0
18053242;0
18053244;0
18053246;1
18053250;0
18053252;0
18053256;0
18053258;1
18053260;0
18053274;1
18053278;0
18053280;0
18053282;0
18053284;0
18053286;0
18053290;1
18053292;0
18053294;0
18053304;1
18053310;0
18053312;1
18053314;1
18053316;0
18053320;0
18053324;1
18053336;1
18053362;1
18053366;0
18053368;1
18053372;1
18053374;0
18053376;0
18053380;0
18053386;0
18053388;0
18053436;1
18053448;0
18053452;1
18053454;0
18053460;1
18053462;0
18053464;0
18053466;0
18053470;0
18053472;0
18053474;0
18053476;0
18053478;1
18053480;1
18053482;0
18053486;1
18053488;0
18053492;0
18053494;0
18053498;1
18053500;1
18053502;0
18053504;0
18053506;0
18053510;0
18053522;0
18053530;1
18053534;0
18053542;0
18053544;0
18053548;0
18053560;1
18053564;0
18053578;0
18053580;1
18053582;0
18053590;1
18053592;0
18053594;0
18053596;1
18053598;1
18053604;1
18053608;0
18053610;0
18053612;0
18053614;1
18053616;0
18053620;0
18053622;0
18053624;0
18053626;0
18053628;0
18053630;1
18053646;1
18053658;0
18053672;0
18053680;1
18053684;0
18053686;0
18053694;0
18053710;1
18053728;0
18053786;0
18053788;0
18053790;0
18053792;1
18053798;0
18053814;1
18053818;0
18053824;1
18053832;0
18053838;0
18053840;0
18053842;0
18053846;1
18053854;1
18053856;0
18053858;1
18053860;0
18053864;0
18053870;0
18053874;1
18053880;1
18053884;0
18053886;1
18053888;0
18053890;0
18053892;0
18053894;1
18053896;1
18053898;1
18053900;1
18053904;1
18053910;0
18053912;1
18053914;1
18053916;0
18053924;0
18053926;1
18053928;1
18053930;0
18053934;0
18053936;0
18053938;0
18053940;1
18053944;0
18053946;1
18053954;1
18053956;0
18053960;0
18053962;0
18053964;0
18053968;1
18053970;1
18053974;0
18053976;1
18053980;0
18053986;0
18053992;1
18053996;0
18054002;1
18054004;1
18054006;0
18054012;1
18054014;0
18054016;0
18054018;0
18054020;0
18054022;1
18054024;0
18054026;1
18054028;0
18054030;0
18054034;1
18054036;0
18054038;1
18054040;0
18054042;1
18054044;1
18054046;0
18054048;1
18054054;0
18054056;0
18054060;0
18054062;1
18054070;1
18054072;0
18054076;0
18054078;0
18054080;0
18054084;1
18054088;0
18054090;1
18054094;0
18054102;0
18054104;0
18054106;1
18054110;0
18054112;1
18054114;0
18054118;0
18054120;0
18054124;0
18054128;0
18054130;1
18054132;1
18054134;0
18054138;0
18054140;0
18054144;0
18054146;1
18054148;1
18054152;0
18054156;1
18054158;1
18054160;1
18054162;0
18054166;0
18054168;1
18054170;0
18054174;0
18054178;0
18054180;1
18054184;1
18054192;0
18054198;1
18054204;1
18054206;0
18054208;0
18054210;1
18054212;0
18054214;0
18054216;0
18054218;0
18054228;0
18054230;1
18054236;1
18054238;1
18054240;0
18054244;1
18054246;1
18054250;0
18054252;1
18054258;0
18054266;1
18054268;0
18054282;0
18054284;0
18054286;0
18054290;0
18054298;0
18054300;0
18054302;0
18054314;1
18054316;1
18054318;1
18054320;0
18054324;1
18054332;1
18054338;0
18054344;1
18054348;0
18054350;0
18054352;1
18054354;0
18054360;1
18054362;0
18054364;0
18054366;1
18054376;1
18054380;0
18054382;0
18054384;0
18054386;1
18054388;0
18054396;0
18054398;0
18054400;0
18054402;1
18054404;1
18054406;0
18054410;0
18054416;0
18054418;1
18054420;0
18054430;0
18054432;1
18054438;0
18054450;0
18054452;0
18054454;0
18054456;1
18054458;1
18054460;0
18054462;1
18054464;0
18054470;0
18054472;0
18054474;1
18054478;1
18054482;0
18054486;1
18054488;0
18054490;0
18054492;1
18054494;1
18054496;0
18054510;0
18054512;1
18054532;0
18054554;0
18054642;0
18054658;1
18054660;0
18054662;1
18054664;0
18054666;1
18054674;0
18054692;0
18054694;1
18054716;1
18054722;0
18054730;1
18054740;1
18054776;1
18054780;0
18054782;1
18054786;0
18054808;0
18054810;0
18054814;1
18054818;0
18054822;1
18054824;0
18054854;0
18054856;1
18054860;1
18054876;0
18054880;1
18054890;1
18054910;1
18054922;0
18054934;0
18054936;0
18054946;1
18054950;0
18054972;0
18054974;0
18054976;0
18054978;0
18054980;1
18054982;0
18054984;0
18054986;0
18054990;1
18055030;1
18055032;0
18055034;1
18055036;0
18055046;0
18055090;1
18055094;0
18055096;0
18055100;1
18055104;1
18055106;0
18055116;0
18055122;0
18055124;0
18055126;0
18055134;0
18055136;0
18055138;1
18055140;0
18055144;1
18055148;0
18055150;0
18055154;0
18055158;1
18055162;1
18055164;0
18055170;0
18055172;1
18055180;0
18055182;0
18055184;1
18055192;1
18055198;1
18055210;1
18055212;0
18055218;0
18055220;1
18055222;0
18055224;0
18055226;1
18055228;0
18055232;1
18055234;1
18055236;1
18055238;0
18055240;0
18055242;1
18055244;1
18055250;0
18055254;0
18055256;0
18055258;0
18055260;1
18055264;0
18055266;1
18055268;0
18055274;0
18055278;0
18055280;1
18055282;0
18055286;0
18055290;0
18055296;0
18055298;0
18055300;0
18055302;0
18055304;0
18055306;1
18055310;1
18055312;1
18055322;0
18055328;1
18055336;0
18055338;0
18055340;1
18055342;0
18055346;0
18055352;0
18055356;1
18055358;0
18055362;0
18055366;0
18055368;1
18055370;0
18055372;0
18055384;1
18055386;0
18055390;1
18055392;0
18055396;0
18055402;0
18055404;1
18055406;0
18055408;0
18055414;1
18055418;0
18055422;0
18055424;0
18055426;0
18055430;1
18055432;1
18055434;0
18055436;0
18055438;1
18055440;0
18055448;0
18055450;1
18055456;0
18055458;1
18055460;0
18055462;0
18055466;1
18055470;0
18055476;0
18055478;0
18055480;0
18055486;0
18055490;0
18055494;0
18055496;0
18055500;0
18055506;0
18055508;1
18055512;0
18055516;0
18055518;0
18055522;0
18055524;1
18055526;0
18055538;0
18055572;0
18055582;1
18055584;1
18055594;1
18055596;1
18055600;1
18055604;0
18055606;1
18055608;0
18055610;1
18055612;0
18055614;0
18055626;0
18055628;1
18055630;0
18055632;1
18055634;0
18055636;0
18055638;1
18055642;1
18055648;1
18055650;0
18055652;0
18055678;1
18055682;0
18055684;1
18055700;1
18055702;1
18055716;0
18055726;1
18055732;0
18055738;0
18055740;0
18055742;0
18055744;0
18055746;0
18055748;1
18055750;0
18055756;0
18055758;0
18055764;0
18055766;0
18055776;0
18055782;0
18055788;0
18055838;1
18055840;0
18055842;0
18055846;1
18055848;0
18055854;0
18055858;0
18055860;0
18055862;0
18055868;1
18055870;1
18055902;1
18055906;1
18055912;0
18055914;0
18055916;1
18055918;1
18055956;0
18055958;1
18055966;0
18055970;1
18055976;0
18056028;0
18056030;0
18056032;0
18056034;1
18056036;0
18056038;0
18056040;1
18056044;1
18056048;0
18056054;1
18056058;0
18056060;0
18056064;0
18056068;0
18056166;1
18056168;0
18056178;0
18056180;0
18056182;0
18056184;1
18056188;1
18056190;0
18056192;0
18056198;0
18056202;0
18056204;0
18056208;1
18056210;1
18056216;1
18056218;1
18056226;0
18056228;0
18056238;0
18056240;0
18056242;0
18056302;0
18056306;0
18056308;1
18056310;0
18056312;0
18056396;0
18056428;0
18056442;0
18056444;0
18056446;0
18056448;1
18056450;0
18056452;1
18056470;1
18056476;0
18056478;0
18056486;0
18056488;0
18056496;0
18056506;1
18056510;1
18056514;0
18056516;0
18056614;0
18056616;0
18056620;1
18056622;1
18056624;0
18056626;0
18056628;0
18056632;0
18056634;0
18056636;0
18056638;0
18056640;0
18056648;1
18056650;0
18056652;0
18056654;0
18056656;1
18056658;1
18056662;0
18056664;1
18056668;1
18056670;1
18056672;0
18056674;0
18056676;0
18056680;1
18056682;1
18056684;1
18056686;0
18056688;0
18056690;0
18056692;0
18056694;0
18056696;1
18056706;0
18056712;0
18056716;0
18056726;0
18056730;0
18056734;0
18056740;1
18056748;0
18056756;0
18056762;1
18056764;0
18056766;0
18056786;0
18056798;0
18056800;0
18056804;0
18056816;0
18056904;0
18056906;0
18056910;0
18056914;0
18056920;1
18056922;0
18056926;0
18056928;1
18056932;1
18056934;0
18056938;0
18056942;0
18056944;0
18056948;0
18056950;0
18056956;0
18056958;0
18056968;1
18056970;0
18056972;0
18056974;0
18056976;1
18056982;1
18056988;0
18056992;1
18057002;1
18057004;1
18057006;1
18057010;0
18057014;0
18057022;0
18057024;0
18057026;1
18057028;0
18057032;1
18057034;0
18057038;0
18057040;0
18057042;1
18057044;0
18057046;0
18057048;0
18057050;1
18057054;0
18057056;1
18057070;0
18057086;1
18057094;0
18057096;0
18057106;0
18057108;0
18057110;1
18057112;0
18057114;1
18057116;0
18057118;0
18057128;0
18057130;0
18057132;0
18057138;0
18057140;0
18057142;1
18057146;0
18057150;1
18057152;0
18057154;1
18057160;0
18057164;1
18057166;0
18057168;0
18057172;0
18057174;0
18057176;0
18057178;0
18057182;0
18057184;0
18057186;1
18057190;0
18057194;0
18057198;1
18057200;1
18057202;0
18057206;1
18057212;0
18057216;0
18057220;0
18057222;0
18057224;0
18057226;1
18057230;0
18057232;1
18057234;1
18057236;0
18057238;0
18057242;1
18057248;1
18057250;1
18057252;0
18057256;0
18057262;0
18057264;0
18057266;0
18057268;0
18057274;1
18057278;1
18057280;0
18057282;0
18057284;1
18057286;1
18057288;0
18057290;0
18057294;0
18057296;0
18057300;0
18057302;0
18057304;0
18057308;0
18057312;0
18057320;0
18057322;0
18057328;0
18057332;0
18057334;0
18057336;1
18057338;0
18057346;1
18057348;0
18057350;0
18057354;1
18057356;1
18057358;1
18057360;0
18057362;1
18057364;1
18057366;0
18057368;0
18057372;0
18057376;1
18057378;0
18057382;1
18057384;0
18057386;0
18057388;0
18057392;0
18057394;0
18057396;0
18057398;0
18057402;0
18057408;1
18057412;0
18057414;0
18057426;1
18057436;0
18057438;0
18057440;0
18057444;0
18057446;1
18057448;0
18057452;1
18057454;0
18057456;1
18057458;0
18057460;0
18057462;1
18057466;0
18057470;1
18057472;0
18057478;1
18057480;0
18057482;0
18057484;1
18057486;0
18057488;0
18057494;1
18057496;0
18057508;0
18057510;1
18057514;0
18057518;0
18057520;1
18057522;0
18057526;1
18057528;0
18057530;0
18057532;0
18057534;0
18057536;0
18057540;1
18057544;1
18057546;0
18057548;0
18057550;0
18057552;0
18057558;0
18057560;1
18057564;0
18057568;0
18057570;0
18057572;1
18057578;0
18057580;0
18057582;1
18057586;0
18057588;0
18057592;1
18057598;1
18057600;0
18057602;0
18057604;0
18057606;0
18057608;0
18057610;1
18057614;0
18057616;1
18057628;0
18057630;0
18057634;1
18057636;0
18057640;0
18057654;0
18057660;1
18057668;1
18057676;0
18057684;1
18057686;1
18057688;0
18057690;0
18057694;0
18057696;0
18057698;1
18057700;0
18057704;1
18057712;0
18057714;1
18057730;1
18057746;0
18057752;0
18057756;1
18057772;0
18057786;1
18057816;0
18057818;0
18057820;1
18057832;0
18057836;1
18057840;0
18057842;0
18057848;0
18057850;0
18057858;1
18057864;0
18057866;1
18057868;0
18057972;1
18057978;1
18057980;1
18057992;0
18057994;1
18057996;1
18057998;0
18058002;1
18058008;0
18058010;0
18058012;1
18058016;0
18058022;0
18058024;1
18058030;1
18058034;0
18058040;1
18058042;0
18058044;1
18058046;1
18058048;0
18058058;0
18058060;0
18058064;0
18058066;0
18058070;1
18058072;1
18058078;0
18058080;0
18058082;0
18058084;1
18058088;1
18058090;0
18058092;0
18058094;0
18058096;1
18058098;0
18058100;0
18058102;1
18058104;1
18058106;0
18058110;0
18058116;1
18058122;0
18058134;0
18058136;1
18058148;0
18058156;1
18058160;0
18058166;1
18058168;1
18058170;0
18058174;0
18058176;1
18058178;1
18058200;1
18058202;0
18058204;0
18058206;0
18058232;1
18058234;0
18058236;1
18058240;0
18058248;1
18058250;1
18058252;0
18058254;0
18058256;0
18058262;0
18058268;0
18058274;0
18058280;0
18058298;0
18058322;1
18058386;0
18058388;0
18058390;0
18058416;1
18058418;1
18058430;0
18058432;0
18058460;1
18058470;0
18058472;0
18058474;0
18058478;1
18058482;0
18058484;0
18058486;0
18058490;0
18058492;0
18058494;0
18058496;1
18058498;0
18058500;1
18058502;1
18058504;0
18058506;0
18058508;1
18058512;1
18058514;0
18058516;0
18058522;1
18058526;1
18058528;0
18058532;0
18058534;0
18058538;0
18058542;1
18058544;0
18058546;0
18058548;0
18058552;1
18058554;0
18058558;0
18058564;0
18058568;0
18058570;1
18058572;0
18058574;1
18058576;1
18058578;0
18058580;1
18058582;0
18058584;0
18058592;0
18058594;0
18058602;0
18058604;0
18058614;0
18058648;0
18058686;0
18058722;1
18058724;0
18058766;1
18058768;1
18058798;1
18058800;0
18058806;0
18058820;1
18058824;1
18058832;0
18058836;0
18058854;0
18058856;1
18058858;1
18058878;0
18058882;0
18058884;1
18058888;0
18058928;0
18058956;1
18058960;0
18058962;1
18058982;1
18059020;0
18059034;0
18059052;0
18059068;1
18059094;0
18059116;1
18059118;1
18059170;0
18059182;1
18059184;1
18059200;0
18059216;0
18059228;1
18059230;0
18059232;0
18059234;0
18059248;0
18059256;0
18059264;1
18059328;1
18059360;0
18059366;1
18059368;1
18059372;1
18059376;1
18059412;0
18059454;0
18059456;0
18059464;1
18059466;1
18059478;1
18059480;0
18059502;0
18059548;0
18059576;0
18059588;1
18059592;1
18059594;0
18059602;0
18059604;1
18059688;0
18059698;0
18059700;0
18059724;1
18059762;0
18059780;1
18059798;1
18059800;0
18059802;0
18059804;1
18059806;0
18059808;0
18059812;1
18059828;0
18059856;1
18059880;1
18059888;0
18059908;1
18059962;0
18059964;0
18059966;0
18059980;1
18059984;1
18059992;0
18059994;0
18060002;0
18060004;0
18060006;0
18060072;1
18060090;0
18060092;0
18060094;1
18060096;0
18060098;0
18060102;0
18060104;1
18060110;0
18060118;1
18060120;1
18060122;0
18060128;0
18060134;0
18060166;0
18060178;1
18060180;1
18060182;0
18060202;0
18060218;1
18060226;0
18060228;1
18060250;1
18060262;0
18060300;0
18060320;1
18060324;0
18060328;1
18060336;1
18060406;0
18060410;0
18060412;1
18060414;1
18060416;1
18060438;0
18060446;1
18060460;0
18060478;0
18060500;1
18060510;1
18060530;0
18060550;1
18060558;1
18060560;0
18060572;0
18060576;0
18060578;1
18060588;0
18060622;0
18060624;0
18060638;0
18060640;0
18060642;1
18060646;1
18060656;0
18060658;0
18060662;0
18060664;0
18060666;0
18060672;1
18060676;0
18060678;0
18060704;1
18060790;0
18060792;1
18060794;0
18060798;0
18060804;0
18060810;0
18060812;0
18060814;0
18060816;0
18060820;1
18060822;0
18060824;0
18060848;1
18060850;0
18060856;1
18060870;1
18060872;0
18060874;1
18060876;0
18060888;0
18060902;1
18060928;0
18060932;0
18060938;0
18060942;0
18060944;0
18060956;1
18060974;1
18060978;0
18060980;0
18060982;0
18060986;0
18061000;0
18061002;1
18061004;0
18061006;1
18061008;1
18061012;1
18061024;0
18061026;1
18061030;0
18061038;0
18061040;0
18061080;0
18061082;0
18061084;1
18061100;0
18061102;0
18061118;1
18061190;0
18061242;0
18061244;0
18061246;1
18061252;0
18061254;0
18061264;1
18061298;1
18061332;0
18061356;0
18061362;1
18061364;0
18061366;0
18061390;0
18061400;0
18061402;1
18061432;0
18061436;0
18061438;0
18061440;0
18061450;0
18061452;0
18061472;0
18061474;0
18061476;0
18061478;1
18061480;1
18061482;0
18061484;0
18061486;1
18061488;0
18061490;1
18061492;1
18061494;0
18061496;0
18061498;0
18061500;0
18061506;0
18061508;1
18061510;0
18061514;0
18061516;0
18061518;0
18061522;1
18061524;1
18061526;1
18061606;0
18061618;0
18061620;1
18061624;0
18061626;0
18061628;0
18061630;0
18061632;0
18061634;0
18061656;0
18061722;0
18061726;0
18061732;1
18061736;0
18061738;0
18061748;1
18061756;0
18061758;0
18061762;0
18061792;1
18061796;1
18061840;1
18061842;0
18061850;0
18061852;1
18061854;0
18061896;1
18061904;0
18061910;0
18061912;1
18061914;0
18061916;0
18061920;1
18061938;0
18061940;0
18061950;1
18061952;0
18061954;0
18061956;1
18061964;1
18062008;1
18062016;0
18062028;0
18062030;1
18062032;0
18062034;0
18062038;0
18062112;0
18062114;0
18062124;1
18062126;1
18062128;0
18062130;0
18062132;0
18062136;0
18062138;0
18062140;1
18062160;1
18062162;0
18062164;1
18062166;1
18062170;1
18062172;1
18062174;1
18062176;1
18062180;1
18062182;0
18062184;1
18062186;1
18062188;0
18062190;0
18062192;0
18062198;0
18062202;1
18062210;0
18062212;1
18062214;1
18062216;0
18062218;0
18062222;1
18062226;0
18062232;1
18062234;0
18062302;0
18062304;0
18062312;1
18062328;1
18062330;0
18062332;1
18062334;0
18062338;0
18062344;1
18062346;0
18062348;0
18062352;1
18062354;0
18062356;1
18062358;0
18062366;1
18062382;0
18062384;0
18062386;0
18062388;0
18062390;1
18062392;1
18062394;0
18062398;0
18062422;0
18062424;1
18062426;0
18062428;0
18062430;0
18062444;1
18062452;0
18062456;0
18062458;1
18062468;0
18062470;0
18062482;0
18062486;0
18062500;1
18062606;0
18062628;0
18062630;1
18062640;1
18062648;1
18062650;0
18062674;0
18062684;0
18062692;0
18062708;0
18062710;0
18062712;0
18062714;0
18062716;1
18062738;0
18062742;1
18062746;1
18062748;1
18062762;1
18062764;0
18062766;0
18062770;0
18062772;0
18062774;0
18062778;1
18062780;0
18062784;0
18062786;0
18062790;1
18062796;0
18062800;1
18062802;0
18062808;0
18062810;1
18062812;0
18062816;0
18062828;1
18062830;0
18062842;1
18062844;0
18062846;0
18062854;0
18062856;1
18062860;0
18062868;0
18062870;0
18062872;0
18062876;0
18062880;0
18062882;0
18062886;0
18062888;0
18062890;0
18062892;1
18062948;0
18062950;0
18062958;0
18062962;0
18062964;1
18062974;0
18062978;0
18062980;0
18062982;0
18062986;1
18062990;0
18063004;0
18063032;0
18063034;0
18063036;0
18063038;1
18063072;1
18063078;0
18063090;0
18063092;1
18063096;1
18063116;0
18063118;0
18063122;0
18063124;0
18063130;1
18063138;1
18063142;1
18063148;0
18063152;1
18063160;1
18063162;0
18063172;0
18063192;1
18063196;1
18063244;0
18063246;0
18063266;0
18063268;1
18063276;1
18063278;0
18063280;1
18063286;1
18063334;1
18063336;0
18063338;0
18063340;0
18063380;1
18063498;1
18063506;0
18063508;0
18063510;0
18063514;0
18063518;0
18063522;0
18063524;0
18063526;0
18063528;0
18063530;0
18063538;1
18063542;1
18063546;0
18063550;0
18063554;0
18063556;0
18063562;0
18063574;0
18063580;0
18063582;1
18063584;0
18063592;1
18063624;0
18063626;0
18063630;0
18063632;0
18063634;0
18063638;0
18063640;1
18063644;0
18063674;0
18063704;1
18063708;0
18063752;1
18063754;0
18063756;1
18063758;0
18063804;1
18063872;1
18063876;0
18063882;0
18063884;0
18063904;0
18063906;0
18063914;1
18063920;1
18063922;0
18063924;1
18063926;0
18063928;0
18063930;1
18063932;1
18063934;1
18063938;0
18063940;0
18063942;0
18063948;1
18063950;0
18063952;0
18063954;0
18063956;0
18063958;0
18063968;0
18063974;0
18063976;0
18063978;0
18063980;0
18063982;1
18063984;1
18063986;1
18063988;0
18063990;1
18063992;0
18063994;0
18063996;0
18064000;1
18064002;0
18064004;0
18064010;0
18064012;0
18064014;1
18064018;1
18064022;0
18064024;1
18064032;0
18064034;0
18064046;1
18064048;1
18064052;0
18064054;0
18064056;1
18064076;0
18064102;0
18064104;1
18064106;0
18064124;1
18064128;0
18064130;1
18064194;0
18064198;0
18064200;1
18064202;0
18064204;0
18064206;1
18064208;0
18064210;0
18064212;0
18064214;1
18064242;0
18064248;0
18064290;0
18064292;0
18064356;0
18064364;1
18064366;0
18064376;0
18064378;0
18064380;0
18064382;1
18064384;0
18064388;0
18064392;1
18064396;0
18064400;1
18064424;0
18064426;0
18064438;1
18064440;1
18064448;0
18064450;0
18064544;0
18064546;0
18064548;0
18064550;0
18064552;1
18064554;0
18064562;0
18064564;0
18064584;1
18064590;0
18064592;1
18064594;0
18064596;1
18064678;0
18064682;0
18064684;0
18064686;0
18064688;0
18064690;0
18064692;0
18064704;1
18064720;1
18064724;1
18064726;0
18064730;0
18064736;0
18064758;0
18064766;1
18064768;0
18064772;1
18064846;0
18064866;0
18064878;1
18064880;0
18064882;1
18064886;1
18064898;0
18064900;0
18064904;0
18064906;1
18064908;0
18064910;0
18064916;0
18064924;1
18064926;0
18064928;1
18064940;0
18064964;0
18064966;0
18064970;0
18064974;1
18065032;1
18065038;1
18065040;0
18065042;0
18065044;0
18065046;0
18065064;0
18065080;0
18065168;1
18065170;0
18065174;1
18065176;0
18065178;1
18065182;0
18065184;1
18065190;1
18065192;1
18065194;0
18065196;1
18065200;1
18065202;1
18065210;1
18065212;1
18065214;1
18065216;1
18065224;0
18065248;0
18065252;1
18065262;1
18065264;1
18065266;0
18065272;0
18065276;1
18065308;1
18065310;0
18065312;1
18065322;0
18065324;0
18065328;0
18065342;1
18065388;1
18065392;0
18065406;1
18065412;0
18065414;0
18065438;1
18065440;0
18065444;1
18065454;0
18065456;0
18065488;0
18065490;0
18065496;0
18065548;0
18065578;1
18065580;0
18065584;1
18065586;1
18065590;0
18065592;1
18065594;1
18065596;1
18065598;0
18065600;0
18065602;0
18065606;0
18065608;0
18065616;0
18065624;0
18065626;0
18065684;0
18065688;1
18065744;1
18065746;1
18065752;1
18065770;0
18065772;0
18065774;0
18065790;0
18065808;0
18065812;0
18065814;0
18065816;0
18065818;1
18065822;1
18065856;0
18065892;1
18065894;1
18065898;0
18065938;0
18065942;0
18065944;1
18065948;0
18065952;1
18065954;0
18065958;1
18065960;0
18065962;1
18065972;0
18065974;1
18065978;1
18065980;0
18065984;0
18065986;0
18065988;1
18065990;1
18065992;0
18065996;0
18066002;0
18066004;0
18066008;0
18066010;1
18066012;1
18066014;1
18066030;1
18066032;1
18066034;1
18066038;0
18066042;0
18066046;0
18066050;0
18066052;1
18066054;0
18066056;0
18066062;1
18066064;0
18066066;0
18066068;1
18066070;0
18066074;0
18066076;0
18066078;1
18066088;0
18066090;1
18066092;1
18066096;0
18066102;1
18066104;0
18066112;1
18066114;0
18066116;0
18066120;0
18066124;1
18066126;1
18066128;1
18066130;1
18066134;0
18066150;0
18066152;1
18066154;0
18066164;0
18066170;0
18066172;0
18066174;0
18066186;0
18066188;0
18066192;0
18066196;1
18066208;0
18066224;0
18066226;0
18066250;0
18066252;0
18066256;0
18066258;0
18066262;0
18066264;0
18066266;0
18066270;0
18066272;1
18066280;1
18066286;1
18066288;0
18066304;0
18066306;0
18066310;0
18066314;1
18066320;0
18066322;0
18066324;1
18066326;0
18066328;0
18066338;1
18066340;0
18066342;1
18066346;0
18066360;0
18066362;0
18066390;0
18066394;0
18066396;0
18066438;0
18066442;1
18066444;0
18066446;1
18066448;1
18066450;0
18066452;1
18066454;0
18066464;1
18066470;0
18066476;1
18066488;0
18066490;1
18066492;0
18066498;0
18066500;0
18066504;0
18066506;0
18066510;0
18066512;1
18066514;1
18066518;1
18066522;0
18066524;0
18066528;1
18066534;0
18066536;0
18066538;0
18066544;0
18066546;0
18066548;0
18066554;1
18066592;1
18066594;1
18066596;0
18066604;0
18066608;1
18066610;1
18066612;0
18066614;0
18066666;0
18066678;0
18066682;1
18066728;1
18066730;0
18066732;1
18066744;1
18066752;0
18066756;0
18066760;1
18066766;1
18066810;1
18066812;0
18066814;0
18066820;0
18066822;0
18066824;0
18066830;1
18066832;0
18066834;0
18066838;1
18066840;0
18066842;0
18066848;1
18066850;1
18066866;1
18066868;0
18066870;0
18066872;1
18066874;1
18066876;1
18066878;0
18066880;1
18066882;0
18066884;0
18066886;0
18066888;0
18066890;1
18066892;1
18066896;0
18066906;1
18066910;1
18066912;0
18066914;1
18066920;1
18066922;1
18066926;0
18066932;1
18066934;0
18066936;0
18066938;0
18066940;1
18066946;0
18066952;1
18066954;0
18066956;0
18066960;1
18066962;0
18066964;1
18066966;0
18066968;1
18066970;0
18066972;1
18066974;0
18066976;0
18066978;1
18066982;0
18066984;0
18066990;0
18066996;1
18066998;0
18067000;1
18067002;0
18067008;0
18067012;0
18067014;1
18067016;0
18067018;1
18067024;0
18067028;1
18067030;0
18067042;0
18067044;1
18067046;1
18067052;0
18067056;1
18067062;0
18067068;1
18067072;0
18067076;0
18067080;1
18067082;1
18067084;0
18067094;0
18067098;0
18067102;0
18067104;0
18067106;1
18067112;0
18067124;0
18067126;0
18067128;1
18067130;0
18067132;0
18067134;0
18067138;1
18067140;0
18067142;0
18067144;1
18067146;0
18067148;0
18067152;0
18067154;1
18067158;1
18067160;1
18067172;0
18067174;0
18067178;1
18067180;0
18067182;0
18067184;1
18067198;0
18067200;1
18067202;0
18067204;1
18067208;0
18067210;0
18067212;0
18067214;0
18067216;0
18067218;1
18067220;1
18067222;0
18067272;0
18067300;1
18067308;1
18067310;1
18067314;0
18067316;0
18067318;1
18067320;0
18067322;1
18067324;0
18067326;0
18067328;0
18067330;1
18067340;0
18067342;1
18067346;0
18067348;1
18067350;1
18067352;0
18067354;0
18067356;0
18067360;0
18067370;0
18067376;0
18067378;0
18067380;0
18067382;0
18067386;0
18067432;1
18067454;0
18067456;0
18067490;1
18067492;0
18067494;0
18067496;0
18067500;1
18067508;0
18067510;0
18067512;1
18067528;1
18067532;0
18067534;1
18067552;1
18067556;0
18067600;0
18067602;0
18067634;1
18067636;0
18067642;1
18067644;0
18067646;0
18067648;0
18067652;0
18067654;0
18067662;0
18067664;0
18067666;1
18067668;0
18067680;0
18067684;0
18067690;1
18067692;0
18067694;0
18067696;1
18067698;0
18067702;0
18067704;0
18067706;0
18067708;1
18067710;0
18067712;1
18067714;0
18067716;1
18067718;1
18067720;0
18067722;0
18067724;0
18067726;0
18067728;0
18067732;0
18067734;0
18067736;0
18067738;0
18067742;1
18067744;0
18067746;0
18067752;0
18067754;0
18067756;1
18067762;0
18067764;0
18067766;1
18067774;0
18067780;0
18067784;0
18067786;0
18067788;1
18067790;1
18067796;0
18067798;0
18067800;1
18067808;0
18067812;1
18067818;0
18067820;1
18067822;1
18067824;0
18067840;1
18067842;0
18067844;0
18067848;1
18067852;1
18067854;1
18067860;0
18067862;1
18067866;1
18067870;1
18067874;0
18067876;0
18067878;0
18067880;0
18067882;0
18067884;1
18067886;1
18067898;1
18067900;1
18067904;0
18067906;0
18067910;0
18067914;1
18067916;0
18067918;0
18067920;1
18067924;1
18067932;1
18067934;0
18067940;0
18067946;0
18067958;0
18067960;0
18067962;0
18067964;0
18067970;0
18067972;1
18067974;1
18067976;1
18067978;1
18067980;1
18067984;0
18067986;1
18067988;0
18068006;0
18068016;0
18068070;0
18068072;0
18068074;1
18068116;0
18068118;0
18068120;0
18068122;1
18068126;1
18068128;0
18068132;0
18068134;0
18068136;0
18068142;0
18068144;1
18068148;0
18068150;0
18068152;1
18068156;1
18068158;0
18068160;0
18068166;0
18068168;1
18068172;0
18068174;0
18068176;0
18068178;0
18068180;0
18068184;1
18068186;1
18068188;1
18068190;1
18068192;0
18068196;1
18068198;0
18068200;0
18068202;0
18068204;0
18068206;0
18068214;0
18068218;0
18068220;1
18068224;0
18068226;0
18068228;0
18068230;0
18068232;0
18068234;0
18068236;0
18068240;0
18068242;1
18068244;1
18068246;0
18068250;0
18068252;0
18068254;0
18068258;1
18068262;0
18068264;1
18068266;0
18068272;1
18068280;0
18068292;1
18068294;1
18068318;1
18068320;1
18068322;0
18068324;0
18068326;0
18068328;0
18068332;1
18068334;0
18068336;1
18068338;0
18068408;0
18068412;0
18068416;0
18068420;0
18068424;1
18068442;1
18068444;1
18068456;0
18068458;0
18068460;1
18068462;1
18068508;0
18068510;0
18068512;0
18068516;1
18068518;1
18068566;0
18068588;1
18068592;0
18068594;0
18068608;1
18068610;1
18068618;0
18068622;0
18068634;1
18068636;0
18068640;1
18068642;1
18068648;1
18068650;1
18068652;1
18068662;0
18068666;0
18068668;0
18068670;1
18068672;1
18068674;0
18068676;0
18068678;1
18068680;0
18068682;0
18068688;1
18068690;1
18068694;1
18068702;0
18068706;0
18068708;0
18068710;1
18068712;0
18068714;0
18068752;1
18068756;0
18068786;0
18068790;1
18068792;1
18068828;0
18068834;1
18068836;0
18068838;0
18068840;0
18068848;1
18068850;0
18068852;0
18068854;0
18068856;0
18068858;0
18068860;1
18068862;0
18068864;0
18068866;0
18068868;0
18068874;0
18068876;0
18068882;1
18068884;1
18068930;0
18068934;0
18068938;0
18068940;0
18068942;1
18068944;0
18068950;0
18068952;0
18068954;0
18068958;0
18068960;1
18068962;1
18068966;1
18068968;1
18068972;0
18068978;0
18068980;0
18068982;1
18068984;1
18068986;0
18068988;0
18068990;1
18068992;0
18068994;0
18068996;0
18069000;1
18069002;0
18069004;1
18069006;0
18069008;1
18069012;0
18069016;1
18069020;0
18069024;0
18069026;0
18069032;0
18069034;0
18069036;0
18069038;1
18069040;0
18069042;1
18069044;1
18069046;0
18069050;0
18069056;1
18069062;0
18069064;1
18069066;0
18069070;1
18069072;0
18069074;0
18069078;0
18069082;0
18069098;0
18069106;0
18069108;1
18069110;1
18069112;1
18069134;0
18069138;1
18069140;1
18069142;1
18069144;1
18069148;1
18069150;0
18069152;1
18069156;0
18069162;0
18069166;0
18069170;0
18069216;1
18069248;0
18069254;0
18069264;0
18069266;0
18069268;0
18069270;1
18069272;0
18069274;1
18069278;0
18069282;1
18069286;0
18069288;0
18069290;0
18069292;0
18069294;1
18069296;1
18069298;0
18069300;1
18069306;1
18069312;0
18069314;0
18069316;0
18069318;0
18069320;0
18069322;0
18069324;0
18069328;0
18069330;1
18069332;1
18069334;1
18069336;0
18069340;1
18069344;0
18069348;0
18069350;1
18069352;1
18069356;1
18069358;1
18069360;1
18069364;0
18069366;1
18069380;0
18069384;0
18069386;1
18069388;0
18069390;0
18069396;1
18069400;0
18069402;0
18069406;1
18069410;0
18069412;0
18069414;1
18069416;0
18069418;1
18069420;0
18069426;1
18069428;1
18069432;0
18069436;0
18069438;0
18069440;1
18069442;0
18069450;1
18069454;1
18069456;0
18069458;0
18069462;0
18069464;0
18069466;0
18069474;1
18069476;0
18069480;1
18069484;1
18069486;0
18069488;1
18069490;1
18069492;0
18069494;0
18069496;0
18069498;1
18069504;0
18069506;0
18069508;0
18069510;1
18069514;1
18069518;1
18069520;0
18069522;0
18069526;1
18069530;1
18069532;1
18069534;1
18069536;0
18069540;0
18069542;0
18069544;0
18069546;0
18069548;1
18069552;1
18069554;0
18069556;1
18069558;0
18069560;0
18069562;1
18069564;0
18069566;1
18069568;1
18069572;0
18069574;0
18069576;0
18069584;0
18069590;1
18069598;0
18069602;0
18069620;1
18069624;1
18069626;0
18069636;0
18069638;0
18069640;1
18069646;0
18069648;0
18069650;0
18069658;1
18069662;1
18069664;0
18069670;0
18069684;0
18069730;0
18069732;1
18069734;0
18069736;0
18069738;0
18069740;0
18069742;0
18069744;1
18069750;1
18069758;0
18069762;0
18069764;0
18069766;1
18069784;0
18069786;0
18069792;0
18069794;1
18069800;0
18069802;1
18069804;0
18069806;0
18069808;0
18069812;0
18069814;1
18069826;1
18069830;0
18069832;0
18069834;1
18069838;0
18069850;1
18069864;0
18069866;1
18069868;0
18069872;0
18069922;0
18069946;1
18069978;1
18070026;0
18070028;0
18070030;0
18070032;0
18070038;0
18070040;0
18070046;0
18070048;0
18070050;0
18070052;0
18070054;0
18070056;1
18070062;1
18070064;0
18070066;0
18070068;0
18070074;0
18070076;0
18070078;0
18070082;1
18070084;1
18070086;0
18070092;0
18070098;1
18070100;0
18070102;0
18070108;1
18070116;0
18070120;0
18070122;1
18070130;0
18070134;1
18070136;1
18070138;0
18070142;0
18070144;0
18070146;1
18070152;1
18070156;0
18070158;0
18070160;0
18070162;1
18070168;0
18070170;1
18070174;1
18070176;1
18070178;0
18070180;0
18070182;1
18070188;1
18070190;0
18070192;0
18070210;0
18070212;1
18070214;0
18070216;0
18070218;0
18070220;1
18070224;1
18070226;0
18070230;0
18070232;1
18070234;0
18070238;0
18070240;1
18070242;1
18070244;1
18070246;0
18070248;0
18070290;0
18070292;1
18070304;0
18070310;1
18070312;0
18070314;1
18070316;0
18070318;0
18070328;1
18070330;0
18070334;1
18070338;0
18070342;0
18070348;1
18070350;0
18070352;1
18070356;0
18070360;0
18070362;0
18070366;1
18070398;0
18070400;1
18070402;0
18070404;0
18070406;1
18070424;1
18070436;0
18070438;0
18070440;0
18070444;0
18070446;1
18070448;1
18070450;0
18070454;1
18070456;1
18070458;0
18070460;0
18070464;0
18070466;1
18070492;0
18070494;0
18070496;0
18070498;0
18070500;0
18070502;0
18070530;0
18070532;0
18070534;1
18070536;0
18070538;1
18070542;0
18070544;0
18070550;1
18070552;0
18070556;0
18070558;1
18070560;1
18070562;0
18070566;1
18070568;1
18070570;1
18070580;0
18070584;0
18070588;0
18070594;0
18070596;0
18070598;0
18070602;0
18070604;0
18070606;1
18070608;1
18070610;1
18070612;1
18070614;0
18070616;1
18070618;0
18070622;1
18070632;0
18070636;0
18070638;0
18070640;0
18070642;0
18070644;1
18070646;0
18070650;0
18070652;1
18070656;0
18070658;1
18070660;0
18070662;1
18070664;1
18070668;1
18070670;0
18070672;1
18070678;0
18070680;0
18070682;1
18070686;1
18070688;0
18070690;1
18070692;0
18070694;0
18070698;0
18070700;0
18070702;0
18070704;1
18070706;0
18070708;1
18070710;1
18070712;0
18070714;0
18070718;0
18070722;0
18070724;0
18070726;0
18070728;0
18070732;0
18070734;0
18070736;0
18070738;0
18070740;0
18070742;0
18070744;1
18070750;0
18070752;0
18070754;0
18070756;0
18070758;0
18070760;0
18070762;0
18070766;1
18070776;0
18070784;1
18070802;0
18070804;1
18070806;0
18070812;1
18070814;0
18070818;1
18070820;0
18070824;0
18070826;1
18070832;0
18070834;0
18070836;0
18070838;0
18070840;0
18070844;1
18070846;0
18070852;0
18070854;0
18070858;0
18070862;1
18070868;0
18070870;1
18070874;0
18070876;0
18070878;0
18070880;0
18070882;0
18070884;0
18070886;1
18070888;0
18070890;0
18070892;0
18070894;0
18070896;0
18070900;0
18070902;0
18070906;0
18070908;1
18070918;1
18070920;1
18070922;0
18070924;0
18070926;0
18070930;0
18070932;0
18070934;0
18070936;0
18070940;0
18070942;0
18070946;1
18070948;1
18070952;1
18070954;0
18070958;0
18070960;1
18070962;1
18070968;1
18070970;0
18070976;0
18070980;0
18070982;1
18070984;0
18070988;1
18070990;0
18070992;1
18070996;1
18071000;1
18071002;1
18071004;1
18071006;0
18071008;1
18071010;1
18071012;1
18071016;0
18071018;0
18071020;1
18071022;0
18071024;0
18071028;0
18071030;0
18071036;0
18071038;1
18071040;0
18071042;1
18071044;1
18071046;1
18071052;1
18071054;0
18071060;0
18071062;0
18071064;1
18071066;1
18071072;0
18071074;0
18071078;0
18071080;0
18071082;0
18071086;1
18071092;1
18071094;0
18071100;0
18071104;0
18071106;0
18071108;0
18071110;0
18071112;0
18071114;0
18071116;1
18071118;0
18071120;0
18071122;1
18071124;0
18071126;0
18071128;0
18071130;0
18071134;0
18071142;0
18071144;0
18071146;0
18071154;0
18071162;0
18071164;1
18071168;0
18071170;0
18071178;0
18071184;0
18071186;1
18071188;0
18071190;1
18071192;1
18071194;0
18071196;0
18071198;1
18071204;0
18071206;1
18071210;0
18071216;0
18071218;0
18071232;0
18071234;0
18071236;1
18071248;1
18071250;0
18071252;1
18071260;0
18071262;1
18071266;1
18071272;1
18071274;0
18071276;1
18071278;0
18071280;0
18071282;0
18071284;0
18071286;0
18071292;1
18071294;1
18071296;0
18071300;1
18071302;1
18071310;0
18071312;0
18071316;0
18071320;0
18071322;0
18071324;1
18071326;0
18071328;0
18071330;0
18071332;1
18071336;1
18071340;1
18071342;0
18071346;0
18071352;0
18071354;0
18071356;0
18071366;0
18071368;1
18071370;0
18071374;1
18071376;1
18071378;0
18071380;0
18071382;0
18071384;0
18071386;1
18071390;0
18071396;1
18071400;0
18071402;1
18071408;1
18071410;0
18071416;0
18071418;0
18071420;0
18071422;1
18071424;1
18071426;0
18071428;1
18071434;0
18071438;1
18071440;0
18071442;0
18071444;1
18071448;0
18071450;0
18071452;0
18071454;0
18071456;0
18071458;1
18071462;0
18071466;0
18071468;0
18071472;1
18071474;1
18071476;0
18071482;1
18071486;0
18071488;0
18071490;1
18071498;0
18071502;1
18071504;0
18071506;1
18071508;0
18071510;0
18071514;0
18071516;1
18071520;0
18071522;0
18071524;0
18071526;0
18071528;1
18071530;0
18071536;0
18071538;1
18071540;1
18071542;0
18071548;0
18071550;1
18071554;0
18071558;0
18071568;1
18071574;1
18071576;0
18071584;0
18071596;0
18071598;1
18071600;1
18071602;0
18071604;0
18071606;0
18071608;1
18071612;0
18071614;0
18071616;0
18071622;1
18071624;1
18071626;1
18071628;1
18071630;1
18071636;1
18071656;1
18071658;0
18071660;1
18071662;1
18071664;0
18071666;0
18071668;1
18071672;0
18071680;0
18071682;1
18071686;1
18071690;1
18071694;0
18071698;0
18071700;0
18071702;1
18071708;1
18071710;1
18071712;0
18071714;0
18071716;0
18071722;0
18071724;0
18071778;1
18071784;0
18071820;0
18071828;0
18071844;0
18071860;0
18071872;1
18071894;1
18071896;0
18071904;1
18071950;1
18071986;0
18071990;0
18072036;1
18072042;0
18072056;1
18072058;0
18072136;1
18072172;0
18072182;1
18072226;1
18072272;0
18072280;0
18072282;0
18072292;0
18072294;0
18072296;0
18072298;0
18072304;0
18072306;0
18072316;0
18072320;0
18072322;0
18072326;1
18072328;1
18072330;1
18072334;0
18072342;0
18072346;1
18072348;0
18072358;1
18072362;0
18072368;0
18072376;1
18072378;0
18072414;0
18072418;0
18072420;0
18072468;0
18072470;0
18072474;1
18072480;0
18072486;1
18072490;0
18072492;0
18072506;0
18072508;0
18072516;0
18072528;1
18072556;0
18072558;1
18072572;1
18072574;0
18072576;1
18072608;0
18072616;0
18072628;1
18072630;0
18072652;1
18072656;0
18072662;0
18072684;0
18072710;0
18072712;0
18072734;0
18072748;1
18072750;0
18072762;0
18072768;0
18072776;0
18072778;0
18072782;0
18072788;0
18072790;0
18072792;0
18072794;0
18072796;0
18072800;0
18072802;1
18072818;1
18072820;0
18072832;1
18072836;0
18072838;0
18072840;0
18072864;0
18072868;1
18072872;0
18072876;0
18072884;0
18072900;0
18072910;1
18072922;1
18072924;1
18072926;0
18072930;0
18072938;0
18072940;1
18072942;1
18072944;0
18072962;1
18072974;1
18072978;0
18072990;0
18073032;0
18073034;1
18073040;0
18073042;0
18073048;0
18073054;0
18073056;0
18073058;0
18073060;1
18073066;1
18073092;0
18073094;1
18073100;0
18073102;0
18073104;0
18073108;1
18073112;0
18073120;1
18073128;0
18073136;0
18073140;0
18073142;0
18073144;0
18073152;0
18073158;0
18073160;0
18073164;1
18073166;0
18073170;0
18073174;1
18073176;0
18073180;0
18073182;0
18073184;1
18073186;0
18073188;1
18073202;1
18073204;0
18073208;0
18073210;1
18073222;0
18073228;0
18073232;1
18073252;1
18073270;0
18073274;0
18073276;0
18073282;0
18073286;0
18073292;0
18073294;0
18073298;0
18073300;1
18073302;0
18073308;1
18073310;0
18073312;0
18073316;1
18073318;0
18073320;0
18073322;0
18073324;0
18073330;1
18073332;1
18073336;0
18073340;0
18073346;0
18073354;1
18073358;1
18073362;0
18073382;1
18073388;0
18073392;0
18073398;0
18073400;0
18073406;1
18073420;0
18073434;0
18073438;1
18073440;1
18073444;0
18073494;1
18073502;1
18073504;0
18073506;0
18073512;1
18073530;0
18073532;1
18073534;0
18073538;0
18073550;0
18073552;1
18073558;0
18073560;0
18073562;1
18073566;1
18073570;0
18073574;0
18073576;0
18073588;0
18073590;0
18073594;1
18073598;0
18073600;0
18073602;1
18073614;1
18073626;1
18073628;1
18073630;0
18073632;0
18073634;1
18073638;1
18073640;0
18073644;0
18073646;1
18073650;0
18073654;1
18073656;0
18073660;0
18073666;0
18073668;0
18073670;1
18073672;1
18073674;1
18073688;1
18073702;1
18073706;0
18073712;1
18073714;0
18073718;0
18073720;1
18073722;0
18073724;1
18073726;0
18073748;0
18073752;0
18073754;0
18073774;0
18073792;0
18073804;0
18073808;0
18073810;0
18073812;0
18073814;0
18073818;0
18073822;0
18073828;0
18073830;0
18073840;0
18073844;0
18073846;0
18073848;0
18073854;0
18073860;1
18073862;1
18073864;0
18073866;0
18073870;0
18073872;1
18073878;0
18073880;0
18073882;0
18073894;0
18073900;0
18073902;0
18073916;0
18073918;1
18073928;0
18074000;0
18074004;0
18074008;0
18074022;0
18074026;1
18074028;0
18074046;0
18074062;0
18074066;0
18074068;0
18074074;0
18074076;0
18074078;0
18074080;0
18074082;0
18074084;0
18074086;0
18074088;0
18074094;0
18074192;1
18074220;0
18074226;1
18074308;0
18074310;1
18074328;1
18074332;1
18074334;0
18074336;0
18074338;0
18074340;0
18074342;1
18074344;0
18074348;1
18074350;1
18074352;1
18074354;1
18074356;0
18074380;1
18074388;1
18074398;1
18074402;0
18074404;0
18074406;0
18074408;0
18074410;1
18074416;1
18074418;0
18074420;0
18074422;0
18074426;1
18074428;0
18074432;1
18074434;0
18074440;0
18074442;1
18074444;0
18074448;0
18074450;0
18074452;1
18074454;1
18074456;0
18074458;1
18074460;0
18074470;0
18074472;0
18074484;0
18074488;1
18074494;0
18074496;0
18074498;1
18074500;0
18074504;0
18074508;0
18074520;0
18074522;0
18074524;1
18074526;0
18074532;1
18074534;1
18074536;1
18074538;0
18074540;0
18074554;0
18074556;0
18074562;0
18074564;1
18074566;1
18074568;0
18074570;0
18074572;0
18074574;1
18074578;0
18074582;1
18074588;1
18074590;0
18074592;1
18074596;0
18074600;1
18074602;1
18074604;0
18074612;1
18074614;0
18074616;0
18074620;1
18074622;1
18074626;0
18074628;0
18074634;0
18074638;1
18074642;0
18074644;1
18074646;0
18074648;1
18074650;1
18074652;0
18074664;0
18074670;0
18074680;1
18074682;0
18074684;0
18074686;1
18074688;0
18074690;0
18074692;0
18074694;0
18074696;0
18074698;1
18074700;1
18074704;1
18074706;0
18074708;0
18074714;1
18074722;1
18074724;1
18074728;1
18074730;0
18074732;1
18074734;0
18074738;0
18074742;0
18074752;0
18074806;1
18074816;0
18074852;1
18074874;0
18074878;1
18074900;1
18074904;1
18074906;0
18074908;1
18074910;1
18074912;0
18074916;0
18074922;1
18074924;0
18074928;1
18074930;0
18074932;1
18074940;0
18074944;0
18074946;0
18074950;0
18074952;0
18074954;0
18074956;0
18074960;0
18074964;1
18074968;0
18074970;0
18074980;0
18074982;1
18075024;1
18075032;0
18075040;1
18075044;0
18075046;0
18075050;0
18075070;0
18075074;0
18075076;1
18075098;0
18075106;0
18075108;0
18075114;0
18075134;1
18075140;1
18075150;1
18075152;0
18075154;0
18075184;0
18075186;0
18075188;0
18075190;1
18075204;0
18075212;0
18075232;0
18075234;0
18075248;0
18075258;0
18075272;0
18075274;0
18075278;1
18075280;0
18075282;1
18075286;0
18075290;0
18075296;0
18075298;1
18075302;0
18075312;1
18075316;1
18075320;1
18075322;0
18075326;0
18075330;0
18075332;1
18075334;1
18075338;0
18075342;1
18075346;0
18075348;0
18075356;0
18075358;0
18075360;0
18075366;0
18075368;1
18075374;0
18075376;0
18075378;1
18075380;1
18075382;0
18075384;0
18075386;1
18075388;0
18075404;0
18075406;1
18075408;1
18075410;1
18075412;0
18075414;0
18075416;1
18075422;0
18075426;0
18075428;0
18075430;0
18075436;1
18075444;1
18075452;1
18075454;0
18075458;0
18075462;0
18075466;1
18075470;0
18075472;0
18075476;0
18075480;0
18075482;0
18075484;0
18075486;1
18075490;0
18075508;0
18075520;0
18075528;0
18075532;1
18075534;1
18075536;0
18075538;0
18075540;1
18075542;0
18075544;1
18075546;0
18075548;1
18075550;1
18075552;0
18075554;0
18075556;0
18075558;1
18075564;1
18075568;1
18075570;0
18075572;0
18075576;0
18075578;0
18075580;1
18075582;1
18075588;1
18075590;0
18075594;1
18075596;1
18075600;1
18075610;0
18075612;1
18075614;1
18075616;0
18075618;0
18075620;0
18075624;1
18075640;0
18075642;1
18075644;1
18075652;0
18075656;1
18075666;0
18075672;1
18075692;1
18075694;1
18075700;1
18075710;0
18075792;1
18075814;0
18075816;0
18075818;1
18075820;1
18075822;1
18075824;1
18075830;0
18075838;0
18075842;1
18075844;1
18075846;1
18075848;1
18075850;0
18075858;0
18075860;1
18075864;0
18075884;0
18075886;1
18075890;0
18075908;0
18075912;0
18075914;1
18075922;1
18075928;0
18075930;1
18075932;1
18075936;0
18075938;0
18075942;1
18075944;1
18075952;1
18075964;1
18075972;0
18075974;0
18075976;0
18075980;1
18075982;0
18075984;0
18075986;0
18075988;0
18075992;0
18075994;0
18076002;1
18076004;1
18076016;1
18076036;0
18076038;0
18076040;1
18076042;0
18076046;0
18076050;1
18076054;0
18076064;0
18076066;1
18076070;0
18076072;1
18076078;1
18076082;0
18076088;0
18076090;0
18076092;0
18076094;1
18076096;1
18076098;1
18076100;1
18076112;1
18076120;0
18076124;0
18076126;1
18076128;1
18076132;0
18076142;0
18076148;0
18076150;1
18076152;0
18076156;1
18076160;0
18076162;0
18076166;0
18076168;1
18076170;0
18076172;1
18076174;0
18076186;0
18076190;0
18076192;1
18076194;0
18076218;1
18076222;0
18076226;0
18076250;0
18076288;0
18076292;1
18076296;0
18076302;1
18076312;0
18076316;0
18076318;1
18076320;0
18076336;1
18076344;0
18076346;0
18076350;0
18076352;0
18076358;1
18076360;0
18076362;1
18076368;0
18076370;1
18076372;0
18076376;0
18076378;1
18076382;0
18076386;0
18076392;0
18076394;0
18076396;0
18076398;0
18076400;0
18076402;1
18076404;1
18076406;1
18076408;0
18076410;0
18076414;0
18076416;0
18076418;1
18076420;0
18076426;1
18076428;0
18076430;0
18076434;0
18076436;1
18076440;1
18076442;1
18076454;1
18076458;1
18076462;1
18076464;1
18076466;0
18076470;1
18076474;0
18076478;0
18076480;0
18076486;0
18076492;0
18076502;1
18076510;0
18076514;1
18076516;0
18076520;0
18076522;0
18076524;0
18076526;0
18076528;1
18076530;1
18076532;0
18076534;1
18076536;0
18076540;0
18076554;1
18076556;0
18076560;0
18076576;1
18076606;0
18076608;0
18076648;0
18076676;0
18076680;0
18076688;0
18076692;0
18076694;0
18076696;0
18076698;1
18076704;0
18076732;1
18076754;0
18076788;0
18076808;1
18076810;0
18076828;1
18076830;1
18076834;0
18076836;0
18076840;0
18076842;0
18076844;1
18076846;1
18076848;0
18076850;0
18076852;0
18076854;1
18076856;1
18076862;0
18076866;1
18076868;0
18076872;1
18076876;0
18076878;0
18076880;1
18076882;0
18076884;1
18076890;0
18076900;0
18076902;1
18076904;1
18076906;0
18076908;1
18076914;0
18076918;0
18076922;0
18076924;1
18076930;0
18076932;0
18076938;1
18076940;0
18076944;1
18076946;1
18076948;1
18076950;0
18076954;0
18076956;1
18076958;1
18076960;0
18076964;1
18076966;1
18076972;0
18076976;1
18076980;1
18076982;0
18076986;1
18076992;1
18076994;1
18077014;0
18077016;0
18077018;0
18077020;0
18077030;0
18077032;0
18077034;0
18077038;1
18077040;1
18077042;1
18077044;1
18077048;1
18077052;0
18077056;1
18077058;0
18077060;0
18077070;0
18077082;1
18077086;0
18077094;1
18077096;0
18077098;1
18077104;0
18077108;1
18077110;1
18077114;1
18077126;1
18077130;0
18077132;1
18077134;0
18077140;0
18077154;0
18077156;0
18077158;0
18077180;0
18077186;1
18077188;0
18077198;1
18077202;1
18077204;0
18077206;0
18077216;0
18077220;0
18077228;1
18077230;0
18077232;0
18077244;1
18077246;0
18077248;0
18077250;0
18077254;0
18077258;0
18077260;1
18077262;0
18077264;1
18077266;0
18077268;1
18077270;0
18077272;1
18077276;0
18077278;1
18077280;1
18077284;1
18077286;0
18077288;0
18077290;0
18077298;0
18077302;0
18077306;0
18077308;0
18077310;0
18077314;1
18077316;0
18077318;0
18077320;0
18077322;1
18077324;0
18077326;0
18077330;0
18077332;0
18077336;1
18077338;0
18077348;0
18077350;0
18077352;0
18077354;0
18077358;1
18077360;1
18077362;1
18077364;0
18077366;0
18077380;0
18077382;0
18077384;0
18077386;0
18077388;1
18077392;0
18077394;0
18077396;0
18077398;0
18077400;0
18077402;0
18077404;0
18077406;1
18077408;0
18077416;1
18077418;0
18077420;0
18077422;1
18077424;0
18077428;1
18077430;0
18077436;0
18077440;1
18077442;0
18077444;1
18077446;0
18077450;0
18077452;0
18077454;1
18077456;1
18077458;0
18077460;1
18077462;1
18077464;0
18077468;1
18077470;0
18077472;0
18077476;1
18077478;0
18077482;1
18077484;1
18077488;0
18077494;1
18077500;0
18077504;0
18077506;0
18077512;0
18077516;0
18077518;0
18077520;1
18077528;1
18077530;0
18077532;1
18077534;0
18077538;1
18077544;0
18077546;0
18077548;1
18077550;1
18077552;0
18077556;0
18077558;1
18077560;0
18077562;0
18077566;0
18077568;0
18077576;1
18077578;0
18077580;1
18077582;1
18077584;0
18077586;0
18077588;0
18077590;0
18077594;0
18077600;0
18077602;0
18077606;1
18077620;1
18077622;0
18077626;0
18077634;1
18077636;0
18077640;1
18077642;0
18077644;0
18077646;1
18077650;1
18077652;1
18077660;1
18077666;0
18077668;0
18077670;0
18077672;1
18077674;0
18077680;0
18077682;0
18077684;1
18077686;0
18077690;0
18077692;0
18077694;0
18077698;0
18077700;0
18077708;0
18077710;0
18077712;1
18077714;1
18077716;0
18077718;0
18077722;0
18077724;0
18077726;0
18077730;1
18077732;1
18077734;0
18077740;0
18077742;0
18077744;0
18077748;1
18077754;1
18077758;0
18077762;0
18077764;0
18077780;0
18077782;0
18077788;1
18077794;0
18077798;0
18077800;0
18077804;1
18077806;0
18077812;0
18077816;1
18077818;0
18077822;0
18077826;1
18077828;0
18077830;0
18077834;1
18077836;0
18077838;1
18077840;1
18077842;0
18077852;1
18077854;1
18077856;0
18077858;1
18077860;0
18077864;0
18077866;1
18077868;0
18077872;1
18077876;0
18077880;0
18077882;0
18077886;0
18077888;0
18077894;1
18077902;0
18077906;0
18077910;0
18077914;0
18077918;0
18077928;1
18077932;0
18077940;0
18077942;1
18077946;0
18077954;1
18077966;0
18077970;0
18077984;1
18077986;0
18077988;1
18077990;1
18077992;0
18077994;0
18077996;1
18078004;0
18078008;0
18078014;0
18078016;1
18078022;1
18078028;1
18078030;0
18078032;0
18078044;0
18078050;1
18078052;1
18078054;1
18078060;0
18078062;1
18078064;0
18078066;0
18078070;1
18078078;0
18078086;0
18078088;1
18078090;0
18078096;1
18078098;1
18078100;1
18078102;1
18078106;0
18078110;1
18078112;0
18078114;1
18078120;0
18078122;0
18078128;0
18078130;0
18078132;1
18078140;1
18078144;0
18078148;0
18078150;0
18078156;1
18078158;1
18078162;0
18078164;0
18078166;1
18078168;0
18078172;0
18078178;0
18078182;0
18078184;1
18078188;0
18078190;0
18078192;1
18078194;0
18078196;0
18078198;0
18078200;1
18078202;0
18078204;0
18078210;1
18078216;1
18078220;0
18078222;0
18078224;0
18078228;0
18078234;0
18078236;0
18078238;0
18078240;0
18078244;1
18078248;1
18078250;0
18078254;1
18078256;0
18078258;1
18078260;0
18078262;0
18078264;0
18078266;0
18078268;0
18078270;1
18078274;0
18078276;0
18078280;0
18078294;1
18078298;0
18078304;1
18078308;0
18078310;0
18078314;0
18078316;1
18078328;0
18078330;0
18078332;0
18078334;0
18078336;1
18078338;1
18078348;0
18078350;0
18078352;0
18078356;0
18078362;1
18078364;0
18078366;0
18078368;0
18078376;0
18078378;0
18078380;0
18078382;0
18078388;0
18078398;0
18078402;0
18078408;1
18078410;0
18078412;0
18078414;0
18078418;0
18078428;1
18078430;1
18078432;1
18078434;0
18078436;0
18078438;0
18078440;0
18078444;0
18078448;1
18078450;1
18078462;0
18078532;1
18078534;1
18078536;0
18078538;1
18078540;1
18078542;1
18078544;0
18078566;0
18078568;1
18078570;0
18078576;0
18078580;1
18078584;0
18078586;0
18078588;0
18078592;0
18078594;1
18078596;0
18078598;0
18078608;0
18078610;0
18078612;1
18078618;0
18078620;0
18078624;0
18078626;0
18078628;0
18078630;0
18078632;0
18078636;0
18078638;0
18078642;1
18078646;0
18078648;0
18078654;1
18078656;0
18078658;0
18078660;0
18078664;1
18078666;1
18078668;1
18078670;1
18078674;1
18078676;1
18078682;0
18078686;0
18078688;0
18078698;0
18078702;0
18078704;0
18078706;1
18078710;1
18078714;0
18078716;0
18078720;0
18078722;0
18078726;1
18078728;1
18078730;0
18078734;0
18078738;0
18078740;0
18078742;0
18078744;0
18078748;1
18078750;0
18078752;0
18078754;0
18078756;1
18078760;0
18078766;0
18078768;1
18078772;1
18078778;0
18078780;1
18078782;0
18078784;0
18078788;0
18078790;1
18078794;0
18078796;0
18078798;0
18078802;0
18078804;1
18078806;1
18078808;0
18078812;0
18078816;0
18078818;0
18078828;0
18078830;0
18078834;1
18078836;0
18078840;1
18078842;0
18078844;0
18078846;1
18078848;0
18078850;1
18078854;0
18078856;0
18078858;0
18078860;0
18078862;1
18078864;0
18078868;0
18078872;1
18078874;1
18078876;0
18078878;1
18078882;1
18078886;0
18078890;0
18078894;0
18078896;1
18078900;0
18078902;1
18078904;0
18078908;1
18078910;0
18078912;1
18078914;0
18078916;1
18078918;0
18078922;1
18078924;0
18078926;1
18078934;1
18078938;0
18078940;1
18078942;1
18078946;0
18078948;0
18078950;0
18078952;1
18078954;1
18078956;0
18078958;0
18078962;1
18078964;1
18078968;1
18078970;0
18078972;1
18078974;0
18078976;1
18078980;0
18078982;0
18078986;0
18078988;0
18078994;1
18078996;0
18079000;1
18079002;1
18079004;0
18079008;1
18079010;0
18079018;1
18079020;0
18079022;0
18079024;0
18079026;0
18079028;0
18079030;0
18079032;1
18079034;1
18079038;0
18079042;0
18079044;0
18079048;0
18079050;0
18079052;1
18079056;1
18079060;1
18079064;0
18079066;0
18079068;0
18079070;0
18079074;0
18079076;1
18079078;0
18079082;1
18079084;0
18079088;0
18079098;0
18079100;0
18079104;1
18079110;1
18079120;0
18079122;0
18079124;1
18079138;0
18079140;0
18079150;1
18079152;1
18079154;1
18079156;0
18079166;0
18079174;0
18079182;0
18079184;0
18079198;0
18079210;0
18079214;1
18079216;0
18079218;1
18079220;1
18079222;0
18079224;1
18079226;0
18079230;0
18079238;0
18079240;0
18079252;1
18079256;0
18079258;0
18079260;0
18079262;1
18079264;1
18079266;0
18079268;1
18079272;1
18079274;1
18079276;1
18079280;0
18079282;1
18079284;0
18079286;0
18079298;0
18079300;0
18079302;0
18079304;1
18079306;0
18079310;0
18079312;1
18079314;0
18079320;1
18079322;0
18079332;0
18079334;0
18079338;1
18079342;0
18079344;0
18079346;0
18079348;0
18079352;0
18079356;0
18079358;1
18079378;1
18079386;0
18079392;1
18079420;1
18079446;1
18079448;1
18079454;0
18079456;1
18079458;0
18079460;0
18079544;0
18079546;0
18079548;0
18079578;0
18079590;1
18079618;0
18079620;1
18079622;0
18079624;0
18079632;1
18079634;1
18079654;0
18079658;1
18079660;1
18079666;1
18079676;1
18079678;1
18079682;1
18079686;1
18079692;0
18079698;0
18079700;1
18079702;0
18079704;0
18079710;1
18079714;1
18079718;0
18079720;0
18079726;0
18079728;1
18079730;0
18079732;1
18079734;1
18079736;1
18079738;0
18079744;0
18079746;1
18079748;0
18079750;0
18079752;0
18079758;0
18079764;0
18079768;0
18079770;1
18079772;0
18079776;0
18079778;1
18079782;0
18079784;0
18079786;0
18079792;0
18079794;0
18079796;1
18079800;0
18079802;0
18079804;1
18079806;1
18079808;0
18079810;0
18079812;1
18079814;1
18079816;1
18079818;0
18079820;0
18079826;0
18079828;0
18079830;1
18079842;0
18079846;1
18079848;0
18079852;1
18079854;1
18079856;1
18079860;0
18079862;0
18079870;0
18079874;0
18079876;1
18079880;1
18079884;0
18079886;0
18079888;0
18079892;1
18079896;0
18079898;0
18079900;1
18079904;1
18079910;1
18079912;0
18079914;0
18079980;0
18080010;1
18080054;1
18080062;0
18080158;1
18080162;0
18080210;1
18080254;0
18080256;0
18080262;1
18080264;0
18080294;1
18080296;1
18080302;1
18080308;1
18080354;0
18080356;0
18080362;0
18080364;1
18080368;0
18080370;0
18080378;1
18080380;0
18080384;0
18080386;0
18080388;0
18080400;1
18080402;1
18080404;1
18080436;0
18080438;1
18080440;0
18080464;0
18080466;0
18080470;1
18080474;0
18080476;0
18080478;0
18080480;0
18080492;1
18080498;0
18080524;0
18080526;0
18080528;0
18080562;1
18080652;0
18080662;1
18080672;1
18080674;1
18080678;0
18080682;0
18080688;0
18080692;1
18080694;1
18080696;0
18080700;1
18080708;0
18080712;0
18080714;1
18080716;1
18080720;0
18080726;1
18080728;0
18080732;0
18080734;0
18080738;0
18080740;0
18080744;1
18080774;0
18080776;1
18080778;1
18080780;0
18080788;0
18080790;0
18080794;1
18080806;1
18080808;0
18080814;0
18080816;0
18080818;1
18080822;1
18080826;1
18080828;0
18080830;1
18080832;1
18080836;1
18080846;0
18080850;0
18080852;1
18080854;1
18080858;1
18080860;0
18080866;0
18080868;0
18080872;1
18080874;0
18080876;1
18080880;0
18080884;1
18080886;1
18080890;1
18080892;0
18080894;1
18080896;0
18080898;0
18080900;0
18080902;0
18080904;0
18080910;0
18080916;0
18080918;0
18080920;0
18080922;0
18080924;0
18080936;0
18080942;0
18080946;0
18080948;0
18080954;0
18080956;0
18080958;0
18080962;1
18080964;1
18080966;1
18080968;1
18080970;0
18080972;1
18080976;1
18080980;0
18080984;1
18080988;0
18080990;0
18080992;1
18080994;0
18080996;1
18080998;0
18081000;0
18081006;0
18081008;0
18081016;0
18081018;0
18081020;0
18081024;0
18081026;1
18081028;0
18081030;1
18081032;0
18081044;0
18081050;0
18081052;0
18081076;0
18081106;0
18081108;1
18081110;0
18081112;0
18081132;0
18081136;1
18081138;0
18081140;0
18081144;0
18081150;0
18081152;0
18081156;1
18081168;0
18081180;0
18081186;1
18081192;1
18081230;1
18081232;0
18081236;0
18081238;1
18081240;0
18081242;0
18081244;1
18081254;0
18081256;0
18081258;1
18081262;0
18081264;1
18081266;0
18081268;0
18081270;0
18081286;1
18081288;1
18081290;1
18081294;0
18081296;0
18081298;0
18081304;1
18081306;1
18081308;1
18081310;0
18081348;1
18081350;1
18081356;0
18081358;1
18081360;0
18081362;0
18081364;0
18081370;0
18081376;0
18081378;1
18081380;0
18081386;0
18081400;1
18081412;0
18081448;1
18081450;0
18081456;1
18081458;0
18081470;1
18081486;1
18081494;1
18081498;0
18081500;1
18081508;1
18081510;1
18081518;1
18081524;0
18081538;0
18081540;0
18081542;0
18081548;0
18081616;1
18081626;0
18081628;1
18081636;0
18081642;0
18081646;1
18081648;0
18081650;0
18081654;1
18081656;1
18081658;0
18081660;0
18081662;0
18081664;0
18081666;0
18081668;1
18081670;0
18081672;0
18081698;0
18081702;1
18081714;0
18081724;0
18081726;0
18081728;1
18081732;0
18081742;1
18081754;0
18081758;0
18081772;1
18081804;1
18081806;0
18081808;1
18081814;0
18081826;0
18081828;0
18081834;0
18081838;1
18081840;1
18081844;0
18081878;0
18081888;0
18081936;0
18081942;0
18081954;0
18081956;1
18081958;1
18081960;0
18081962;1
18081964;0
18081966;0
18081970;0
18082006;0
18082008;0
18082036;0
18082042;1
18082046;0
18082050;0
18082056;0
18082058;0
18082060;1
18082064;1
18082066;0
18082068;0
18082070;0
18082072;1
18082084;0
18082086;0
18082088;0
18082092;0
18082096;1
18082100;0
18082102;0
18082104;0
18082108;1
18082110;1
18082114;0
18082116;1
18082118;0
18082122;0
18082124;1
18082126;1
18082128;0
18082130;1
18082132;0
18082134;1
18082136;0
18082138;1
18082140;0
18082148;1
18082154;1
18082166;0
18082168;0
18082170;0
18082172;0
18082176;0
18082178;1
18082186;1
18082188;0
18082194;0
18082196;0
18082202;0
18082206;0
18082208;0
18082214;1
18082216;1
18082220;0
18082222;0
18082226;0
18082230;0
18082232;0
18082234;0
18082238;1
18082242;0
18082244;1
18082246;0
18082250;0
18082252;0
18082254;1
18082256;1
18082266;1
18082272;0
18082274;0
18082276;0
18082278;1
18082282;0
18082284;0
18082286;1
18082292;1
18082294;0
18082296;0
18082298;1
18082300;0
18082304;0
18082306;0
18082308;1
18082310;1
18082312;0
18082314;1
18082316;1
18082320;0
18082322;0
18082324;1
18082328;0
18082330;0
18082338;0
18082340;0
18082342;1
18082346;1
18082348;0
18082350;0
18082352;1
18082358;0
18082360;1
18082364;0
18082366;1
18082372;1
18082374;0
18082376;0
18082384;1
18082388;1
18082396;1
18082398;0
18082400;0
18082404;0
18082408;0
18082424;1
18082428;0
18082430;0
18082438;1
18082442;0
18082448;1
18082452;0
18082458;1
18082460;0
18082462;0
18082466;0
18082474;1
18082482;0
18082500;0
18082506;0
18082512;1
18082516;0
18082574;0
18082576;1
18082622;1
18082644;0
18082670;0
18082710;0
18082714;0
18082732;1
18082734;0
18082744;1
18082748;1
18082752;1
18082754;0
18082756;0
18082758;1
18082760;1
18082762;1
18082764;1
18082766;0
18082772;1
18082776;0
18082778;1
18082782;0
18082784;1
18082786;1
18082790;0
18082800;1
18082802;0
18082806;1
18082808;1
18082810;0
18082812;1
18082814;1
18082816;0
18082820;0
18082822;1
18082832;1
18082838;1
18082842;0
18082844;1
18082860;0
18082868;1
18082872;0
18082874;0
18082880;0
18082882;1
18082900;1
18082902;0
18082904;1
18082910;0
18082912;1
18082916;1
18082918;1
18082920;1
18082922;0
18082924;1
18082926;1
18082928;0
18082932;0
18082934;1
18082942;0
18082950;0
18082952;0
18082958;0
18082960;0
18082966;0
18082968;0
18082970;1
18082972;1
18082976;0
18082988;0
18082992;1
18082996;1
18082998;0
18083000;0
18083002;0
18083004;1
18083012;0
18083014;0
18083020;1
18083026;0
18083028;1
18083030;1
18083032;0
18083036;1
18083040;0
18083042;0
18083046;1
18083054;0
18083056;1
18083058;1
18083064;0
18083066;1
18083068;1
18083072;0
18083074;0
18083076;1
18083084;0
18083088;1
18083098;1
18083100;0
18083102;0
18083104;0
18083106;0
18083108;0
18083116;0
18083132;1
18083134;1
18083138;0
18083140;0
18083144;0
18083146;0
18083148;0
18083152;0
18083154;0
18083158;0
18083160;0
18083162;0
18083166;0
18083170;1
18083172;0
18083174;0
18083178;1
18083184;1
18083188;1
18083194;0
18083196;1
18083198;0
18083216;0
18083220;1
18083278;0
18083294;0
18083316;0
18083364;0
18083366;0
18083372;0
18083376;0
18083400;1
18083412;0
18083414;0
18083420;0
18083476;0
18083482;1
18083488;0
18083490;0
18083538;1
18083548;0
18083552;0
18083556;0
18083558;0
18083562;1
18083564;0
18083568;1
18083576;0
18083578;0
18083584;0
18083588;1
18083590;0
18083594;1
18083596;0
18083598;0
18083600;1
18083630;1
18083710;1
18083732;1
18083744;1
18083750;1
18083752;0
18083754;1
18083756;0
18083762;1
18083764;1
18083784;1
18083794;0
18083796;0
18083798;0
18083802;0
18083806;0
18083808;0
18083822;1
18083824;0
18083830;0
18083832;0
18083838;0
18083858;0
18083860;1
18083864;0
18083866;1
18083868;0
18083870;0
18083872;1
18083876;1
18083878;1
18083880;0
18083882;1
18083884;0
18083886;0
18083890;0
18083892;0
18083894;0
18083896;0
18083902;1
18083904;1
18083906;1
18083908;0
18083910;1
18083914;1
18083916;0
18083920;1
18083922;1
18083924;0
18083926;1
18083928;1
18083934;1
18083936;1
18083938;0
18083940;1
18083944;0
18083946;0
18083948;1
18083952;1
18083954;1
18083962;1
18083964;0
18083968;1
18083978;0
18083980;1
18083982;0
18083984;1
18083986;0
18083992;1
18083998;0
18084000;0
18084010;1
18084044;1
18084050;0
18084088;0
18084092;0
18084106;0
18084112;1
18084114;0
18084120;0
18084122;0
18084128;0
18084130;0
18084142;1
18084158;1
18084176;0
18084178;1
18084180;0
18084200;0
18084206;0
18084208;0
18084218;0
18084232;1
18084244;1
18084246;0
18084248;1
18084252;0
18084254;1
18084256;0
18084258;0
18084260;1
18084266;0
18084268;1
18084270;0
18084272;1
18084274;0
18084276;0
18084278;0
18084294;1
18084298;0
18084312;1
18084318;1
18084326;0
18084328;0
18084330;1
18084338;1
18084350;1
18084358;1
18084362;0
18084366;0
18084368;1
18084370;1
18084380;0
18084382;1
18084384;0
18084388;0
18084390;0
18084392;1
18084398;1
18084414;0
18084416;0
18084430;0
18084676;0
18084678;0
18084684;0
18084688;0
18084690;0
18084692;0
18084694;0
18084696;0
18084698;1
18084700;0
18084710;0
18084728;1
18084758;0
18084770;1
18084782;0
18084784;0
18084792;1
18084794;0
18084796;1
18084798;0
18084804;0
18084806;1
18084808;0
18084810;0
18084832;0
18084838;0
18084840;1
18084844;0
18084846;1
18084850;0
18084852;1
18084854;1
18084856;1
18084862;1
18084866;0
18084876;1
18084892;1
18084896;1
18084898;0
18084902;0
18084906;0
18084908;1
18084910;1
18084912;0
18084914;1
18084918;0
18084934;1
18084936;1
18084938;0
18084970;0
18084976;1
18084978;0
18084982;1
18084986;0
18084988;0
18085000;0
18085002;0
18085006;0
18085008;1
18085014;0
18085018;0
18085020;0
18085022;0
18085024;1
18085028;0
18085030;0
18085032;0
18085034;0
18085036;1
18085038;1
18085040;1
18085080;1
18085096;0
18085148;1
18085270;0
18085282;0
18085284;1
18085286;0
18085330;0
18085334;0
18085336;0
18085338;1
18085340;1
18085342;1
18085346;1
18085348;0
18085350;0
18085354;0
18085356;1
18085362;0
18085366;1
18085372;1
18085374;1
18085376;0
18085378;1
18085380;0
18085386;0
18085388;0
18085408;0
18085410;1
18085478;1
18085506;1
18085524;0
18085528;0
18085530;0
18085560;0
18085562;0
18085564;0
18085566;0
18085568;1
18085570;1
18085592;0
18085604;0
18085608;0
18085610;0
18085632;1
18085636;0
18085638;1
18085686;0
18085690;0
18085712;1
18085714;1
18085718;0
18085728;0
18085734;0
18085736;0
18085738;0
18085740;1
18085742;0
18085746;0
18085748;1
18085750;0
18085816;0
18085822;0
18085824;0
18085826;0
18085828;0
18085830;0
18085844;1
18085846;0
18085848;0
18085850;1
18085852;0
18085856;0
18085858;0
18085864;0
18085866;0
18085868;0
18085870;0
18085872;1
18085912;0
18085914;1
18085918;0
18085924;0
18085926;0
18085928;0
18085932;0
18085934;1
18085936;0
18085938;1
18085942;0
18085944;0
18085946;1
18085950;0
18085952;0
18085958;0
18085960;0
18085972;1
18085980;0
18085982;1
18086012;0
18086026;1
18086028;0
18086030;1
18086056;1
18086060;0
18086062;0
18086064;1
18086066;1
18086068;0
18086070;0
18086072;0
18086074;0
18086076;1
18086078;1
18086094;1
18086116;1
18086118;0
18086120;0
18086122;1
18086124;1
18086126;1
18086128;0
18086130;0
18086132;1
18086156;0
18086158;0
18086160;1
18086166;1
18086172;1
18086174;1
18086176;1
18086178;1
18086182;0
18086188;0
18086194;0
18086198;0
18086206;1
18086208;1
18086224;0
18086228;1
18086232;0
18086252;0
18086266;1
18086270;0
18086286;1
18086310;1
18086364;1
18086368;0
18086370;0
18086372;1
18086408;0
18086410;1
18086422;0
18086434;1
18086436;0
18086440;1
18086480;0
18086482;0
18086494;0
18086496;0
18086502;0
18086506;1
18086508;1
18086522;0
18086526;0
18086528;1
18086532;0
18086534;0
18086536;1
18086538;0
18086540;0
18086544;0
18086548;0
18086550;1
18086554;0
18086556;0
18086594;1
18086598;0
18086604;1
18086626;1
18086628;0
18086686;0
18086708;0
18086710;0
18086712;1
18086716;1
18086720;0
18086726;0
18086728;1
18086730;0
18086732;0
18086736;0
18086738;0
18086740;0
18086750;0
18086774;0
18086776;0
18086778;0
18086780;0
18086788;0
18086798;0
18086800;1
18086804;0
18086806;0
18086808;0
18086814;0
18086816;0
18086820;1
18086822;0
18086824;1
18086826;1
18086828;0
18086844;1
18086846;1
18086852;0
18086854;0
18086860;0
18086862;0
18086868;1
18086870;0
18086874;0
18086876;1
18086880;0
18086882;1
18086886;1
18086888;1
18086890;1
18086892;0
18086894;0
18086902;0
18086912;1
18086916;0
18086918;0
18086920;0
18086922;0
18086924;0
18086928;1
18086930;0
18086934;0
18086938;0
18086940;0
18086948;1
18086976;1
18086980;0
18086982;0
18086986;1
18086988;1
18086990;1
18086994;0
18086996;1
18087000;0
18087004;0
18087008;1
18087080;1
18087082;1
18087086;1
18087090;0
18087100;1
18087102;0
18087116;0
18087120;0
18087122;1
18087140;1
18087142;0
18087166;0
18087168;0
18087204;1
18087222;0
18087224;1
18087226;0
18087232;0
18087242;0
18087244;0
18087250;0
18087252;0
18087254;0
18087256;0
18087258;1
18087260;0
18087262;1
18087264;0
18087266;0
18087270;0
18087280;0
18087286;0
18087290;0
18087292;0
18087294;1
18087296;0
18087302;0
18087308;0
18087310;0
18087312;1
18087314;0
18087318;1
18087320;0
18087322;1
18087332;0
18087334;0
18087340;0
18087342;1
18087344;1
18087346;0
18087350;1
18087372;1
18087374;0
18087376;0
18087380;0
18087382;0
18087384;0
18087388;1
18087390;0
18087414;0
18087416;0
18087418;0
18087420;1
18087424;1
18087426;0
18087452;0
18087454;0
18087478;0
18087480;1
18087482;1
18087484;0
18087498;0
18087500;0
18087504;0
18087508;1
18087512;0
18087514;0
18087516;0
18087518;0
18087520;0
18087522;0
18087528;0
18087530;0
18087534;0
18087536;0
18087538;0
18087542;0
18087544;1
18087546;0
18087548;0
18087550;0
18087560;0
18087562;1
18087564;0
18087568;1
18087570;0
18087572;1
18087576;1
18087588;0
18087590;0
18087592;0
18087606;0
18087612;0
18087614;1
18087616;0
18087624;1
18087666;0
18087676;0
18087704;0
18087706;0
18087708;1
18087720;1
18087724;0
18087732;0
18087734;1
18087738;1
18087740;1
18087742;0
18087744;0
18087746;0
18087748;1
18087772;1
18087834;1
18087870;0
18087898;1
18087900;0
18087902;1
18087904;0
18087910;1
18087940;0
18087944;0
18087946;1
18087998;1
18088000;0
18088048;0
18088050;1
18088052;0
18088062;0
18088084;0
18088086;0
18088090;0
18088106;0
18088112;1
18088116;0
18088126;0
18088130;0
18088134;0
18088136;0
18088138;0
18088142;0
18088146;0
18088148;1
18088154;1
18088158;0
18088162;1
18088164;0
18088166;0
18088168;0
18088170;0
18088172;0
18088174;0
18088176;0
18088180;0
18088212;0
18088222;1
18088224;1
18088232;0
18088250;0
18088286;1
18088288;0
18088290;0
18088294;0
18088296;1
18088298;0
18088302;0
18088304;0
18088352;1
18088354;1
18088358;0
18088362;1
18088366;0
18088368;1
18088370;0
18088412;1
18088440;0
18088446;0
18088450;1
18088480;0
18088486;1
18088490;0
18088492;0
18088498;0
18088502;1
18088504;0
18088508;1
18088510;0
18088514;0
18088558;0
18088560;0
18088564;1
18088566;1
18088568;0
18088584;1
18088586;1
18088596;1
18088604;0
18088606;0
18088608;0
18088610;1
18088614;0
18088616;0
18088618;1
18088620;0
18088624;1
18088626;1
18088628;1
18088630;0
18088632;1
18088634;0
18088636;0
18088638;0
18088642;0
18088644;0
18088646;1
18088648;1
18088660;1
18088668;0
18088670;1
18088682;0
18088694;0
18088712;0
18088714;1
18088716;0
18088718;1
18088730;0
18088736;1
18088746;1
18088750;1
18088754;0
18088756;0
18088758;0
18088762;0
18088766;1
18088782;0
18088792;0
18088794;1
18088796;1
18088836;1
18088840;0
18088844;0
18088846;0
18088848;0
18088850;0
18088864;0
18088870;1
18088892;0
18088896;0
18088902;1
18088906;0
18088908;0
18088910;0
18088930;0
18088940;1
18088944;1
18088948;0
18088958;1
18088960;1
18088962;0
18088964;1
18088966;0
18088968;0
18089072;0
18089074;0
18089078;0
18089082;0
18089084;1
18089088;0
18089124;0
18089126;0
18089132;1
18089134;1
18089140;0
18089142;0
18089144;1
18089146;0
18089164;0
18089260;1
18089266;0
18089298;0
18089304;0
18089308;1
18089326;0
18089328;0
18089338;1
18089340;0
18089342;1
18089346;0
18089350;0
18089352;1
18089356;0
18089358;0
18089360;1
18089364;0
18089366;0
18089368;1
18089370;0
18089380;0
18089384;0
18089386;0
18089388;0
18089394;1
18089396;1
18089398;0
18089400;1
18089404;0
18089412;1
18089414;0
18089416;1
18089430;1
18089438;0
18089440;0
18089444;1
18089448;1
18089450;0
18089468;0
18089470;0
18089510;0
18089512;1
18089518;0
18089522;0
18089524;1
18089526;0
18089528;0
18089530;0
18089534;1
18089536;0
18089538;1
18089542;0
18089544;1
18089546;0
18089548;0
18089554;0
18089556;0
18089558;1
18089562;1
18089568;1
18089572;1
18089598;0
18089608;0
18089610;0
18089672;0
18089674;0
18089676;0
18089680;0
18089682;0
18089686;0
18089688;1
18089690;1
18089692;0
18089694;0
18089696;1
18089698;0
18089700;1
18089702;0
18089706;1
18089708;1
18089710;1
18089714;0
18089718;0
18089724;0
18089728;0
18089730;0
18089734;0
18089736;0
18089738;0
18089740;0
18089744;0
18089746;1
18089748;0
18089752;1
18089754;0
18089756;1
18089758;0
18089760;0
18089764;0
18089766;0
18089768;1
18089770;0
18089772;1
18089780;0
18089784;0
18089862;1
18089866;0
18089870;0
18089872;0
18089874;1
18089876;0
18089878;0
18089880;1
18089882;0
18089884;1
18089886;0
18089890;0
18089894;0
18089910;1
18089912;1
18089916;1
18089918;0
18089920;0
18089922;1
18089924;1
18089926;0
18089928;0
18089930;1
18089932;0
18089936;0
18089938;0
18089940;1
18089942;0
18089944;1
18089952;1
18089954;1
18089958;1
18089960;0
18089962;0
18089964;1
18089992;0
18089996;1
18090000;0
18090002;1
18090004;1
18090006;1
18090018;0
18090046;1
18090074;0
18090110;0
18090132;0
18090146;0
18090148;1
18090150;1
18090152;0
18090166;1
18090174;1
18090180;0
18090300;0
18090318;1
18090348;0
18090366;0
18090380;0
18090384;1
18090386;0
18090436;0
18090438;0
18090440;0
18090460;0
18090470;0
18090478;0
18090480;0
18090500;0
18090502;0
18090510;1
18090512;1
18090514;0
18090524;0
18090526;0
18090528;1
18090530;1
18090532;1
18090534;0
18090536;1
18090538;0
18090540;1
18090542;0
18090544;0
18090546;0
18090548;0
18090550;0
18090552;1
18090554;0
18090556;0
18090568;0
18090652;0
18090660;1
18090662;1
18090676;0
18090678;0
18090680;0
18090684;1
18090688;0
18090690;0
18090746;0
18090748;1
18090756;0
18090774;1
18090776;1
18090778;0
18090780;0
18090798;1
18090800;0
18090804;0
18090806;0
18090822;0
18090856;0
18090860;1
18090862;0
18090864;0
18090866;1
18090886;0
18090888;0
18090890;1
18090894;1
18090896;1
18090904;0
18090906;1
18090908;1
18090914;1
18090918;0
18090920;0
18090922;0
18090928;1
18090930;1
18090936;1
18090938;0
18090940;0
18090950;1
18090958;0
18090960;0
18090962;0
18090964;0
18090966;1
18090968;0
18090970;1
18090972;0
18090974;0
18090976;0
18090978;0
18090980;1
18090982;1
18090984;0
18090988;0
18090994;0
18091000;0
18091002;0
18091010;1
18091014;0
18091022;0
18091024;1
18091030;0
18091032;1
18091034;1
18091036;0
18091044;1
18091046;1
18091108;0
18091128;0
18091130;0
18091184;1
18091186;0
18091192;0
18091194;0
18091196;1
18091198;0
18091200;0
18091202;0
18091204;1
18091206;0
18091208;1
18091210;0
18091214;1
18091216;0
18091220;0
18091222;0
18091226;0
18091228;0
18091284;1
18091286;0
18091292;0
18091302;0
18091322;1
18091324;0
18091326;1
18091328;1
18091330;1
18091332;1
18091336;0
18091340;0
18091342;0
18091344;0
18091350;0
18091354;0
18091392;1
18091394;1
18091396;1
18091402;1
18091464;0
18091482;1
18091486;0
18091488;0
18091494;0
18091496;0
18091498;1
18091500;0
18091502;0
18091512;0
18091514;0
18091520;1
18091524;1
18091526;1
18091528;0
18091530;0
18091532;0
18091536;0
18091538;0
18091542;0
18091544;1
18091546;0
18091582;0
18091584;1
18091586;0
18091614;1
18091616;0
18091618;0
18091620;0
18091624;0
18091626;0
18091638;0
18091640;0
18091646;0
18091648;0
18091650;0
18091654;0
18091656;0
18091658;0
18091662;1
18091666;0
18091672;0
18091676;0
18091678;1
18091680;0
18091682;0
18091684;0
18091686;1
18091696;1
18091698;1
18091706;0
18091708;1
18091712;0
18091714;0
18091716;0
18091720;0
18091722;0
18091724;1
18091728;1
18091732;1
18091734;0
18091742;0
18091744;0
18091746;1
18091748;1
18091774;0
18091776;0
18091778;1
18091782;1
18091784;0
18091786;0
18091796;0
18091798;0
18091800;0
18091808;0
18091810;0
18091816;0
18091818;1
18091822;0
18091826;0
18091828;1
18091832;1
18091834;0
18091836;0
18091838;0
18091840;0
18091842;0
18091846;0
18091848;0
18091850;0
18091852;0
18091854;0
18091856;0
18091860;0
18091862;0
18091864;1
18091870;0
18091874;0
18091878;0
18091880;0
18091882;0
18091884;0
18091886;0
18091888;0
18091890;0
18091892;0
18091894;1
18091896;0
18091898;0
18091900;1
18091904;0
18091910;0
18091912;0
18091918;1
18091920;0
18091922;1
18091930;0
18091932;0
18091934;0
18091938;1
18091940;0
18091942;0
18091950;0
18091952;0
18091954;0
18091956;1
18091958;0
18091960;0
18091962;0
18091970;0
18091972;0
18091974;1
18091976;0
18091978;1
18091980;0
18091982;0
18091984;0
18091986;1
18091996;0
18091998;0
18092000;1
18092002;1
18092004;1
18092006;0
18092012;0
18092014;0
18092016;1
18092018;0
18092022;0
18092026;0
18092028;0
18092030;0
18092036;1
18092038;0
18092040;0
18092042;1
18092050;0
18092054;0
18092056;0
18092062;1
18092064;0
18092068;1
18092070;1
18092078;1
18092080;0
18092082;1
18092086;1
18092090;1
18092096;0
18092100;0
18092102;1
18092108;0
18092110;0
18092112;0
18092114;1
18092120;1
18092124;0
18092140;1
18092146;0
18092148;1
18092150;0
18092176;0
18092180;0
18092184;0
18092186;0
18092192;0
18092236;0
18092254;1
18092294;0
18092296;1
18092298;1
18092300;0
18092302;1
18092304;1
18092364;0
18092366;1
18092368;0
18092378;0
18092380;0
18092396;0
18092398;1
18092402;1
18092424;1
18092426;0
18092494;1
18092510;0
18092512;0
18092514;0
18092518;0
18092522;0
18092524;0
18092530;0
18092572;1
18092590;1
18092606;0
18092612;1
18092614;1
18092628;0
18092644;0
18092656;0
18092658;1
18092662;0
18092666;0
18092670;0
18092716;0
18092762;1
18092764;1
18092766;1
18092768;0
18092770;0
18092772;0
18092774;0
18092788;0
18092792;0
18092794;0
18092796;1
18092798;0
18092800;0
18092868;0
18092870;0
18092872;0
18092876;0
18092880;0
18092882;1
18092894;0
18092896;0
18092900;0
18092908;0
18092910;1
18092932;1
18092938;1
18092940;0
18092942;1
18092946;0
18092948;1
18092954;0
18092966;0
18092968;0
18092970;1
18092976;0
18092978;0
18092982;0
18092992;0
18092994;1
18092996;0
18093000;1
18093002;0
18093004;1
18093006;0
18093008;0
18093010;0
18093012;0
18093014;1
18093016;1
18093024;0
18093026;0
18093028;0
18093036;0
18093038;0
18093108;0
18093116;1
18093118;0
18093176;0
18093182;0
18093196;0
18093304;0
18093310;0
18093314;0
18093318;1
18093322;1
18093330;0
18093342;1
18093358;0
18093360;1
18093362;0
18093366;1
18093368;0
18093370;0
18093372;0
18093374;0
18093382;0
18093386;1
18093394;0
18093396;1
18093398;0
18093402;0
18093404;0
18093406;0
18093408;0
18093412;0
18093414;0
18093434;0
18093452;1
18093484;0
18093514;1
18093530;0
18093536;0
18093538;1
18093540;1
18093542;1
18093564;1
18093566;0
18093568;0
18093582;1
18093584;1
18093586;1
18093608;0
18093630;1
18093634;0
18093638;0
18093712;0
18093720;0
18093724;1
18093726;0
18093732;1
18093738;0
18093744;1
18093764;0
18093766;0
18093800;0
18093804;0
18093808;0
18093812;0
18093814;0
18093822;0
18093824;0
18093832;1
18093840;0
18093852;1
18093854;0
18093862;1
18093864;0
18093870;0
18093872;0
18093882;1
18093884;0
18093886;1
18093888;0
18093890;1
18093892;1
18093896;0
18093900;1
18093902;1
18093904;0
18093906;0
18093908;0
18093914;1
18093916;0
18093930;1
18093932;0
18093934;0
18093938;0
18093940;0
18093942;0
18093944;0
18093946;0
18093950;0
18093954;0
18093956;0
18093958;0
18093962;1
18093964;1
18093966;1
18093968;0
18093974;0
18093976;0
18093978;1
18093982;1
18093990;1
18093992;1
18093994;1
18093996;0
18094002;0
18094006;1
18094010;0
18094012;1
18094014;1
18094016;0
18094018;0
18094020;1
18094022;1
18094024;0
18094026;0
18094030;0
18094034;0
18094036;1
18094038;1
18094040;1
18094042;1
18094044;1
18094048;0
18094050;1
18094052;1
18094056;1
18094058;1
18094062;0
18094064;0
18094066;0
18094070;0
18094072;1
18094084;0
18094086;0
18094088;0
18094090;0
18094092;1
18094106;1
18094108;1
18094112;1
18094114;0
18094116;0
18094118;1
18094120;0
18094122;0
18094124;0
18094128;1
18094130;1
18094132;0
18094134;0
18094136;1
18094138;0
18094140;0
18094142;0
18094144;1
18094146;0
18094148;0
18094150;0
18094160;0
18094162;0
18094168;0
18094170;0
18094172;0
18094174;0
18094176;0
18094180;0
18094182;0
18094186;1
18094188;1
18094218;0
18094220;0
18094226;0
18094258;0
18094272;1
18094282;0
18094286;1
18094288;0
18094300;0
18094310;1
18094346;1
18094352;0
18094354;1
18094356;0
18094360;1
18094362;1
18094364;1
18094372;0
18094378;0
18094382;0
18094404;1
18094406;1
18094408;0
18094410;0
18094422;1
18094428;1
18094432;1
18094434;1
18094436;0
18094440;0
18094444;0
18094446;0
18094448;1
18094450;0
18094452;1
18094454;0
18094460;1
18094464;0
18094488;1
18094490;0
18094518;0
18094532;1
18094540;1
18094544;1
18094572;1
18094590;1
18094652;0
18094656;1
18094664;0
18094670;0
18094674;0
18094676;0
18094688;0
18094726;1
18094732;0
18094740;1
18094746;0
18094750;0
18094756;0
18094760;1
18094766;0
18094770;0
18094774;0
18094794;0
18094796;1
18094798;0
18094822;0
18094824;1
18094842;1
18094844;1
18094850;0
18094854;1
18094856;1
18094858;1
18094860;1
18094864;1
18094866;0
18094868;1
18094870;1
18094892;0
18094898;0
18094904;0
18094920;0
18094924;0
18094928;1
18094930;1
18094932;0
18094934;0
18094936;0
18094938;0
18094942;1
18094948;0
18094950;1
18094954;0
18094956;0
18094960;0
18094962;0
18094966;0
18094970;0
18094972;0
18094978;1
18094980;0
18094982;0
18094984;0
18094988;1
18094990;0
18094992;0
18095000;0
18095036;0
18095040;0
18095132;1
18095134;1
18095136;0
18095138;0
18095142;1
18095146;0
18095148;0
18095158;1
18095166;1
18095168;0
18095172;1
18095176;0
18095180;0
18095182;0
18095184;0
18095186;0
18095188;0
18095190;0
18095192;0
18095194;0
18095196;0
18095200;0
18095202;1
18095204;1
18095208;0
18095210;1
18095214;1
18095220;1
18095222;0
18095226;0
18095230;1
18095234;0
18095236;1
18095238;0
18095240;1
18095246;0
18095250;0
18095266;0
18095272;0
18095274;0
18095276;0
18095278;0
18095280;0
18095284;0
18095286;0
18095288;0
18095290;0
18095292;1
18095314;0
18095332;0
18095348;1
18095350;0
18095352;1
18095356;0
18095378;0
18095442;0
18095444;0
18095548;0
18095574;0
18095582;0
18095584;0
18095596;0
18095614;0
18095616;0
18095620;0
18095622;0
18095628;0
18095632;0
18095634;0
18095636;0
18095638;0
18095642;0
18095646;0
18095648;0
18095650;1
18095652;0
18095654;1
18095656;0
18095658;0
18095660;1
18095662;0
18095666;0
18095710;0
18095712;0
18095716;1
18095720;1
18095724;1
18095730;0
18095734;1
18095804;1
18095808;1
18095914;0
18095940;0
18096110;0
18096208;0
18096214;0
18096266;1
18096272;1
18096280;0
18096322;1
18096376;0
18096380;1
18096384;0
18096388;1
18096390;0
18096392;0
18096394;1
18096396;0
18096398;0
18096400;1
18096402;0
18096404;0
18096406;0
18096408;0
18096410;0
18096412;1
18096414;1
18096416;1
18096422;0
18096424;0
18096436;1
18096528;0
18096580;0
18096584;0
18096588;0
18096590;0
18096614;0
18096616;0
18096630;1
18096634;0
18096636;0
18096638;1
18096642;1
18096646;1
18096652;0
18096654;0
18096656;0
18096660;0
18096686;1
18096796;1
18096808;0
18096838;0
18096860;1
18096868;1
18096878;0
18096900;0
18096912;1
18096914;1
18096938;0
18096940;1
18096942;0
18096944;0
18096946;0
18096948;0
18096950;0
18096954;0
18096958;0
18096960;1
18096962;0
18096966;0
18096970;0
18096972;0
18096974;0
18096978;0
18096994;0
18096998;0
18097002;0
18097004;1
18097008;1
18097012;1
18097016;0
18097020;0
18097022;0
18097024;0
18097026;0
18097028;0
18097030;1
18097032;0
18097036;0
18097042;0
18097044;0
18097048;0
18097058;0
18097060;0
18097062;0
18097076;1
18097092;1
18097094;0
18097098;0
18097102;0
18097106;1
18097108;0
18097116;1
18097122;1
18097126;1
18097128;1
18097130;0
18097134;1
18097136;0
18097152;0
18097154;0
18097156;0
18097158;1
18097160;0
18097162;0
18097166;0
18097168;1
18097170;0
18097172;0
18097174;0
18097178;0
18097182;0
18097184;0
18097188;0
18097190;1
18097194;0
18097204;0
18097206;0
18097208;0
18097210;0
18097212;0
18097216;0
18097220;0
18097222;1
18097224;1
18097226;0
18097230;0
18097252;0
18097254;0
18097264;0
18097268;1
18097360;0
18097364;1
18097366;1
18097370;0
18097384;1
18097386;0
18097388;1
18097390;0
18097406;1
18097412;0
18097414;0
18097416;0
18097418;0
18097420;0
18097422;0
18097424;0
18097432;1
18097438;0
18097462;0
18097464;0
18097466;0
18097468;1
18097472;0
18097476;0
18097478;1
18097480;0
18097484;1
18097488;0
18097492;1
18097494;0
18097496;0
18097498;0
18097500;0
18097502;0
18097504;1
18097510;1
18097524;1
18097532;0
18097534;0
18097572;0
18097574;1
18097576;0
18097578;0
18097580;0
18097582;1
18097588;0
18097606;0
18097608;0
18097610;0
18097614;0
18097620;0
18097630;0
18097632;0
18097646;0
18097680;0
18097684;0
18097686;0
18097688;0
18097690;1
18097708;1
18097710;1
18097712;0
18097714;0
18097716;1
18097722;0
18097724;0
18097726;1
18097728;0
18097730;0
18097732;0
18097734;0
18097738;1
18097744;1
18097752;0
18097754;1
18097756;1
18097760;1
18097910;0
18097912;1
18097914;0
18097952;0
18097956;0
18097958;0
18097962;1
18097964;0
18097972;1
18097974;0
18097976;0
18097982;1
18097984;0
18097988;0
18097990;1
18097994;1
18097996;1
18098002;0
18098010;1
18098074;0
18098076;1
18098080;0
18098082;1
18098126;0
18098128;1
18098130;0
18098132;1
18098138;0
18098140;0
18098142;0
18098144;1
18098146;0
18098150;0
18098156;0
18098158;0
18098162;1
18098168;0
18098170;0
18098176;1
18098178;1
18098182;0
18098186;1
18098188;0
18098200;0
18098202;0
18098204;0
18098206;1
18098210;1
18098252;1
18098254;0
18098258;1
18098260;1
18098264;0
18098266;1
18098272;1
18098276;0
18098278;0
18098280;1
18098286;0
18098290;1
18098340;0
18098342;1
18098346;0
18098376;0
18098378;0
18098380;0
18098382;0
18098384;0
18098388;0
18098390;0
18098392;0
18098394;0
18098396;1
18098398;0
18098400;1
18098404;1
18098408;0
18098410;1
18098412;0
18098414;1
18098416;0
18098418;0
18098422;0
18098426;0
18098430;0
18098432;0
18098438;0
18098440;1
18098442;1
18098444;0
18098448;0
18098454;1
18098456;1
18098460;0
18098462;0
18098466;0
18098468;1
18098470;0
18098474;0
18098476;1
18098478;1
18098484;1
18098486;1
18098508;1
18098524;1
18098536;1
18098542;0
18098546;1
18098548;1
18098552;1
18098554;0
18098556;0
18098584;1
18098586;0
18098588;0
18098592;1
18098594;0
18098622;1
18098634;0
18098636;0
18098638;0
18098640;1
18098642;0
18098644;0
18098646;1
18098652;0
18098654;1
18098656;0
18098664;0
18098698;1
18098700;1
18098706;1
18098708;0
18098714;1
18098724;1
18098752;1
18098756;0
18098760;0
18098766;0
18098770;1
18098804;1
18098806;0
18098810;1
18098830;1
18098856;0
18098862;0
18098866;1
18098874;1
18098876;0
18098878;0
18098880;0
18098886;1
18098888;1
18098890;0
18098896;0
18098900;1
18098904;0
18098908;1
18098920;0
18098950;0
18098952;0
18098958;0
18099032;1
18099034;0
18099036;0
18099038;0
18099040;0
18099048;0
18099052;0
18099062;0
18099066;1
18099070;1
18099128;0
18099134;0
18099136;0
18099138;1
18099142;1
18099154;0
18099158;0
18099160;0
18099170;0
18099174;0
18099178;1
18099180;1
18099182;0
18099186;0
18099188;1
18099196;1
18099198;1
18099200;1
18099206;1
18099208;1
18099212;0
18099214;0
18099252;0
18099256;1
18099260;0
18099282;0
18099286;1
18099290;0
18099292;1
18099294;1
18099298;0
18099300;0
18099302;0
18099308;0
18099334;1
18099340;1
18099348;1
18099372;0
18099386;0
18099390;0
18099398;0
18099478;1
18099480;0
18099482;1
18099484;0
18099486;0
18099488;0
18099490;1
18099506;0
18099510;0
18099512;1
18099514;0
18099516;0
18099518;1
18099520;1
18099522;0
18099538;1
18099540;1
18099542;1
18099544;0
18099546;0
18099548;0
18099550;0
18099552;0
18099554;1
18099556;0
18099558;1
18099560;1
18099562;1
18099564;1
18099566;0
18099568;1
18099570;0
18099572;0
18099578;0
18099580;1
18099582;0
18099586;1
18099588;0
18099592;0
18099598;0
18099600;0
18099602;0
18099604;0
18099606;0
18099608;0
18099610;1
18099612;0
18099614;1
18099616;0
18099618;1
18099620;0
18099622;1
18099628;0
18099632;0
18099634;1
18099636;0
18099638;1
18099640;0
18099642;1
18099644;0
18099646;0
18099656;0
18099658;0
18099660;0
18099672;0
18099674;0
18099690;0
18099692;1
18099694;1
18099696;0
18099698;0
18099702;0
18099704;0
18099706;0
18099708;0
18099710;0
18099732;0
18099734;0
18099738;0
18099742;0
18099744;0
18099762;0
18099766;0
18099774;0
18099778;1
18099806;0
18099808;0
18099832;1
18099836;0
18099840;0
18099842;1
18099844;0
18099846;0
18099850;0
18099852;0
18099854;0
18099856;0
18099868;1
18099870;0
18099888;1
18099894;0
18099896;0
18099898;0
18099900;1
18099912;0
18099914;0
18099922;0
18099952;0
18099954;0
18099956;0
18099960;0
18100012;1
18100014;0
18100016;0
18100026;0
18100028;0
18100096;0
18100098;1
18100102;0
18100106;1
18100110;0
18100112;0
18100118;1
18100122;0
18100124;0
18100130;1
18100132;0
18100138;1
18100144;1
18100150;0
18100176;0
18100178;0
18100180;0
18100184;1
18100186;1
18100188;1
18100190;1
18100192;1
18100194;0
18100196;0
18100200;0
18100210;0
18100212;0
18100214;0
18100216;0
18100218;0
18100222;0
18100224;1
18100226;0
18100228;0
18100230;0
18100232;0
18100238;0
18100240;0
18100242;0
18100244;0
18100250;1
18100252;1
18100254;1
18100258;0
18100262;0
18100264;0
18100360;0
18100362;1
18100364;0
18100366;1
18100368;0
18100372;0
18100374;0
18100376;0
18100378;0
18100380;0
18100382;1
18100384;0
18100386;0
18100388;1
18100390;1
18100392;0
18100396;1
18100398;0
18100400;1
18100402;1
18100404;1
18100406;1
18100410;1
18100412;0
18100416;0
18100420;0
18100424;0
18100426;0
18100432;0
18100434;0
18100436;0
18100438;0
18100440;0
18100442;0
18100448;0
18100490;0
18100516;0
18100522;0
18100524;0
18100526;0
18100530;0
18100532;0
18100534;0
18100538;0
18100540;0
18100544;1
18100546;0
18100556;0
18100558;0
18100562;1
18100564;0
18100566;0
18100568;0
18100570;0
18100572;0
18100574;0
18100580;0
18100582;1
18100588;1
18100590;0
18100612;0
18100614;0
18100620;0
18100636;0
18100678;1
18100722;0
18100762;0
18100764;0
18100766;1
18100770;0
18100800;0
18100808;1
18100810;1
18100848;1
18100850;1
18100862;0
18100864;1
18100866;1
18100868;0
18100870;0
18100872;0
18100874;0
18100876;0
18100878;0
18100880;0
18100882;1
18100884;0
18100890;0
18100892;0
18100894;0
18100896;1
18100900;0
18100902;0
18100904;0
18100908;0
18100912;0
18100914;1
18100918;0
18100920;0
18100924;0
18100928;0
18100930;1
18100932;1
18100938;0
18100940;0
18100942;0
18100944;1
18100946;1
18100952;1
18100954;1
18100956;1
18100958;1
18100962;1
18100966;0
18100968;0
18100970;1
18100972;0
18100974;1
18100976;1
18100978;0
18100980;0
18100982;1
18100984;1
18100986;0
18100988;1
18100990;0
18100992;1
18100994;0
18100996;0
18100998;0
18101002;0
18101004;0
18101008;0
18101012;1
18101014;0
18101016;0
18101018;0
18101020;1
18101022;0
18101026;0
18101038;0
18101044;0
18101052;0
18101054;0
18101056;0
18101058;1
18101060;1
18101062;0
18101064;0
18101066;1
18101070;0
18101076;0
18101082;1
18101102;0
18101162;0
18101164;0
18101172;0
18101174;0
18101180;1
18101182;1
18101186;0
18101188;1
18101190;0
18101204;1
18101212;0
18101214;0
18101216;0
18101240;0
18101242;0
18101244;0
18101246;0
18101250;1
18101260;0
18101262;0
18101264;1
18101272;0
18101276;0
18101278;0
18101280;0
18101282;1
18101308;0
18101312;0
18101316;0
18101318;0
18101320;1
18101322;0
18101324;0
18101326;1
18101328;1
18101330;0
18101332;0
18101336;0
18101346;0
18101348;0
18101350;1
18101352;0
18101354;1
18101356;0
18101358;0
18101362;1
18101364;1
18101372;1
18101374;0
18101390;0
18101394;0
18101396;0
18101398;0
18101400;0
18101402;0
18101404;1
18101406;0
18101410;0
18101412;0
18101414;1
18101416;1
18101418;1
18101420;0
18101426;0
18101428;0
18101432;1
18101434;1
18101438;0
18101440;0
18101442;0
18101448;1
18101450;1
18101456;1
18101476;0
18101478;0
18101484;0
18101486;0
18101488;1
18101490;0
18101492;0
18101498;1
18101512;0
18101514;0
18101518;1
18101520;1
18101528;1
18101530;0
18101532;0
18101534;0
18101536;0
18101538;0
18101540;1
18101544;1
18101546;0
18101548;1
18101550;1
18101552;0
18101554;0
18101556;0
18101604;1
18101606;0
18101608;0
18101610;0
18101614;0
18101616;0
18101658;1
18101662;0
18101672;0
18101674;1
18101678;0
18101740;1
18101742;1
18101744;1
18101790;0
18101812;1
18101818;0
18101820;0
18101824;0
18101826;1
18101828;0
18101836;0
18101872;0
18101874;0
18101876;0
18101878;1
18101880;1
18101888;1
18101890;0
18101926;1
18101978;1
18101980;0
18101982;0
18101984;0
18101986;0
18101996;0
18101998;1
18102000;0
18102002;0
18102004;0
18102006;0
18102010;0
18102012;1
18102074;1
18102076;0
18102078;0
18102082;1
18102084;0
18102088;0
18102090;1
18102096;0
18102098;0
18102100;0
18102102;1
18102106;0
18102110;0
18102112;1
18102114;0
18102118;0
18102120;1
18102122;0
18102124;0
18102126;0
18102132;0
18102134;0
18102158;0
18102166;0
18102170;0
18102172;1
18102174;0
18102176;0
18102178;0
18102180;0
18102182;1
18102184;0
18102194;1
18102196;0
18102210;0
18102214;1
18102218;0
18102230;0
18102232;0
18102234;0
18102236;0
18102238;0
18102244;0
18102252;0
18102256;0
18102258;0
18102262;0
18102264;1
18102266;0
18102268;1
18102270;0
18102272;1
18102274;0
18102276;0
18102278;1
18102282;1
18102284;1
18102286;0
18102288;0
18102290;0
18102292;0
18102294;1
18102296;0
18102300;0
18102302;1
18102304;1
18102310;0
18102312;1
18102314;0
18102318;1
18102320;1
18102326;1
18102328;1
18102330;0
18102332;0
18102334;1
18102338;0
18102342;0
18102354;0
18102356;0
18102362;1
18102368;1
18102370;0
18102372;0
18102374;0
18102376;0
18102378;0
18102380;1
18102382;1
18102386;0
18102388;1
18102390;0
18102392;0
18102396;1
18102398;0
18102400;1
18102402;1
18102404;0
18102408;0
18102414;0
18102416;0
18102418;1
18102420;1
18102422;0
18102424;1
18102426;0
18102428;0
18102430;0
18102432;0
18102436;1
18102438;0
18102440;1
18102442;0
18102444;1
18102446;1
18102448;0
18102450;1
18102452;0
18102454;1
18102456;0
18102458;1
18102462;1
18102464;0
18102468;1
18102470;0
18102490;0
18102492;1
18102494;0
18102496;1
18102498;0
18102504;0
18102506;0
18102508;0
18102510;0
18102512;0
18102514;1
18102516;1
18102518;0
18102520;1
18102522;0
18102524;1
18102526;1
18102528;1
18102530;0
18102532;1
18102534;1
18102536;0
18102540;0
18102544;0
18102550;0
18102552;0
18102554;1
18102558;0
18102560;0
18102562;0
18102564;1
18102566;0
18102570;0
18102584;0
18102588;0
18102590;0
18102592;1
18102596;0
18102598;0
18102600;1
18102612;1
18102614;1
18102616;0
18102618;0
18102620;1
18102622;0
18102624;1
18102626;1
18102628;1
18102632;1
18102634;0
18102636;0
18102638;0
18102640;1
18102642;0
18102644;1
18102646;1
18102648;0
18102650;1
18102654;1
18102656;0
18102658;0
18102660;0
18102662;1
18102664;0
18102666;0
18102670;0
18102672;0
18102674;0
18102676;0
18102678;0
18102680;0
18102682;0
18102684;0
18102686;1
18102688;0
18102690;0
18102700;0
18102702;0
18102704;0
18102706;0
18102712;1
18102736;0
18102738;1
18102740;0
18102742;0
18102744;1
18102746;1
18102748;1
18102750;0
18102752;1
18102754;0
18102760;1
18102764;0
18102770;0
18102774;0
18102776;0
18102778;0
18102782;0
18102784;0
18102786;0
18102788;1
18102792;0
18102794;1
18102796;1
18102798;0
18102800;1
18102802;0
18102804;1
18102812;0
18102814;0
18102818;0
18102820;0
18102822;1
18102824;0
18102828;1
18102836;1
18102838;0
18102840;0
18102844;0
18102846;0
18102850;0
18102892;1
18102912;1
18102914;0
18102926;0
18102928;0
18102936;0
18102938;0
18102940;1
18102942;0
18102944;0
18102950;0
18102956;0
18102962;1
18102964;0
18102966;0
18102968;0
18102986;1
18102988;0
18102990;0
18102994;1
18103000;0
18103002;1
18103004;0
18103006;1
18103008;1
18103012;0
18103014;1
18103016;1
18103018;0
18103020;0
18103022;0
18103024;0
18103028;0
18103040;0
18103042;1
18103044;0
18103046;0
18103048;0
18103154;0
18103158;1
18103160;0
18103162;0
18103188;0
18103190;0
18103200;0
18103216;1
18103218;1
18103220;1
18103222;1
18103226;0
18103228;0
18103230;0
18103276;0
18103280;0
18103288;0
18103290;1
18103292;1
18103294;0
18103306;0
18103308;1
18103312;1
18103314;1
18103328;0
18103334;0
18103338;0
18103342;0
18103344;0
18103346;0
18103348;0
18103350;0
18103354;1
18103386;0
18103436;1
18103438;0
18103440;1
18103442;1
18103446;0
18103448;0
18103452;0
18103454;1
18103456;0
18103458;0
18103460;0
18103462;1
18103464;0
18103470;0
18103472;1
18103474;1
18103476;0
18103478;1
18103480;0
18103482;0
18103484;1
18103486;0
18103488;0
18103490;1
18103492;1
18103496;0
18103500;0
18103502;0
18103504;0
18103506;0
18103510;0
18103514;0
18103516;0
18103518;1
18103524;0
18103526;1
18103528;1
18103530;0
18103532;0
18103538;0
18103540;1
18103542;1
18103546;1
18103548;1
18103550;0
18103556;0
18103558;1
18103560;0
18103562;0
18103564;1
18103568;0
18103570;1
18103638;0
18103642;0
18103646;0
18103648;0
18103650;0
18103652;1
18103654;0
18103658;1
18103660;0
18103662;1
18103664;1
18103666;1
18103668;0
18103672;1
18103674;0
18103678;0
18103682;0
18103684;1
18103686;0
18103688;0
18103690;1
18103692;1
18103694;0
18103696;0
18103698;0
18103700;1
18103702;1
18103704;1
18103708;1
18103710;0
18103712;0
18103714;0
18103718;0
18103720;0
18103752;1
18103762;0
18103766;0
18103772;1
18103774;0
18103778;0
18103780;0
18103782;0
18103784;1
18103786;0
18103788;0
18103790;0
18103792;0
18103798;0
18103800;1
18103802;0
18103804;1
18103808;0
18103810;0
18103812;1
18103814;0
18103816;1
18103818;0
18103820;0
18103822;0
18103824;0
18103826;0
18103828;0
18103830;1
18103832;0
18103834;1
18103836;1
18103838;0
18103840;0
18103842;1
18103848;1
18103850;0
18103852;0
18103854;0
18103856;0
18103858;0
18103862;0
18103866;1
18103870;0
18103872;0
18103888;0
18103890;0
18103894;1
18103896;0
18103930;0
18103932;0
18103934;0
18103936;0
18103938;0
18103940;0
18103942;1
18103944;1
18103946;1
18103948;0
18103952;1
18103954;1
18103956;0
18103958;1
18103960;0
18103962;0
18103964;0
18103966;0
18103974;0
18103976;0
18103978;1
18103980;0
18103982;0
18103984;1
18103986;1
18103988;0
18103990;1
18104000;0
18104010;1
18104012;0
18104014;0
18104016;1
18104018;0
18104020;1
18104022;0
18104026;0
18104028;0
18104030;0
18104032;0
18104034;0
18104036;1
18104038;1
18104040;0
18104042;1
18104044;0
18104046;1
18104048;1
18104052;0
18104054;0
18104056;1
18104058;1
18104060;0
18104062;0
18104064;1
18104072;1
18104076;0
18104084;0
18104088;0
18104092;0
18104132;0
18104134;0
18104138;1
18104142;1
18104144;0
18104146;1
18104148;0
18104150;0
18104152;0
18104154;0
18104156;0
18104158;1
18104160;0
18104164;1
18104168;0
18104174;0
18104176;0
18104178;0
18104180;1
18104182;1
18104186;0
18104188;0
18104190;1
18104192;0
18104198;0
18104202;1
18104204;0
18104206;0
18104212;0
18104216;0
18104218;0
18104220;1
18104222;0
18104224;0
18104228;1
18104230;0
18104238;0
18104240;0
18104248;0
18104250;0
18104252;1
18104254;0
18104260;1
18104278;1
18104282;0
18104284;0
18104286;1
18104288;0
18104290;1
18104292;1
18104298;0
18104302;0
18104304;1
18104308;1
18104312;1
18104314;1
18104316;0
18104320;0
18104322;1
18104324;0
18104326;0
18104328;1
18104330;0
18104366;0
18104368;1
18104372;0
18104374;0
18104384;1
18104386;0
18104442;0
18104446;0
18104448;0
18104450;0
18104452;0
18104454;1
18104456;0
18104458;1
18104460;0
18104462;1
18104464;1
18104468;0
18104470;0
18104472;0
18104474;0
18104476;0
18104482;0
18104484;0
18104486;0
18104488;1
18104490;1
18104492;1
18104494;0
18104496;1
18104498;0
18104500;0
18104502;1
18104504;0
18104506;0
18104508;0
18104512;1
18104514;1
18104516;0
18104518;0
18104520;0
18104522;0
18104524;0
18104526;0
18104532;0
18104536;1
18104538;0
18104540;1
18104542;0
18104544;1
18104548;1
18104550;0
18104552;0
18104554;1
18104556;0
18104560;1
18104562;0
18104564;0
18104566;1
18104574;1
18104578;1
18104580;1
18104584;1
18104588;0
18104590;0
18104602;0
18104604;1
18104612;1
18104614;0
18104616;0
18104618;0
18104620;1
18104624;1
18104628;0
18104630;0
18104632;1
18104634;0
18104636;0
18104638;1
18104640;0
18104642;0
18104644;0
18104646;0
18104648;1
18104650;0
18104652;0
18104656;1
18104658;0
18104660;1
18104662;0
18104672;0
18104674;1
18104676;1
18104678;1
18104688;1
18104700;0
18104702;0
18104716;0
18104722;0
18104724;0
18104726;0
18104732;0
18104738;1
18104740;0
18104742;0
18104746;0
18104748;0
18104752;1
18104754;1
18104756;1
18104760;0
18104762;1
18104764;0
18104770;1
18104774;0
18104792;0
18104796;1
18104798;0
18104800;1
18104802;0
18104804;0
18104806;1
18104808;0
18104810;0
18104812;1
18104814;0
18104818;0
18104820;0
18104822;0
18104824;1
18104828;0
18104832;0
18104834;0
18104846;0
18104854;0
18104856;1
18104858;0
18104864;1
18104874;0
18104876;1
18104894;1
18104896;1
18104898;0
18104900;0
18104902;0
18104904;1
18104906;0
18104934;0
18104938;0
18104940;0
18104942;0
18104944;1
18104950;0
18104964;1
18104974;1
18104976;0
18104978;1
18104980;0
18104982;1
18104984;0
18104986;1
18104988;0
18104990;1
18104992;0
18105000;0
18105012;0
18105014;1
18105042;0
18105044;0
18105046;0
18105048;0
18105058;0
18105060;0
18105064;0
18105066;0
18105076;0
18105078;0
18105082;0
18105084;0
18105086;1
18105088;0
18105090;1
18105092;0
18105100;1
18105106;0
18105110;0
18105114;0
18105116;0
18105118;0
18105122;0
18105132;0
18105134;0
18105136;1
18105138;0
18105142;0
18105144;1
18105166;1
18105168;0
18105170;0
18105194;0
18105212;0
18105238;1
18105240;0
18105242;0
18105246;0
18105268;0
18105288;0
18105292;1
18105296;0
18105298;0
18105300;1
18105302;0
18105304;0
18105310;0
18105312;0
18105314;1
18105318;1
18105322;1
18105326;0
18105330;1
18105332;0
18105334;1
18105336;0
18105338;0
18105348;0
18105352;0
18105358;0
18105360;1
18105370;0
18105372;0
18105376;1
18105464;0
18105468;1
18105470;0
18105474;0
18105476;1
18105478;1
18105480;0
18105482;1
18105484;1
18105488;1
18105490;1
18105512;0
18105514;0
18105516;0
18105518;0
18105520;0
18105522;0
18105524;0
18105526;0
18105528;0
18105530;1
18105532;0
18105534;0
18105536;0
18105538;0
18105542;1
18105544;0
18105546;0
18105548;0
18105554;1
18105556;0
18105558;0
18105560;1
18105568;0
18105570;1
18105572;1
18105574;1
18105576;0
18105578;0
18105580;0
18105582;0
18105586;0
18105590;0
18105592;0
18105596;0
18105598;1
18105604;0
18105608;0
18105610;0
18105614;1
18105616;0
18105618;1
18105620;0
18105624;0
18105626;0
18105630;1
18105632;1
18105634;0
18105636;1
18105638;0
18105640;0
18105646;0
18105648;0
18105654;0
18105656;1
18105658;0
18105666;0
18105668;0
18105670;0
18105672;1
18105674;1
18105680;0
18105778;1
18105784;1
18105792;0
18105796;0
18105804;0
18105806;0
18105814;0
18105818;0
18105820;0
18105822;1
18105824;0
18105826;1
18105830;0
18105832;0
18105838;0
18105840;0
18105842;0
18105844;1
18105848;1
18105850;0
18105852;1
18105854;1
18105856;1
18105858;0
18105860;0
18105862;1
18105866;0
18105868;0
18105870;1
18105872;0
18105874;0
18105878;0
18105886;0
18105890;1
18105892;0
18105894;1
18105896;1
18105898;1
18105900;1
18105902;1
18105904;1
18105906;1
18105908;1
18105912;0
18105914;0
18105916;0
18105918;0
18105920;0
18105922;1
18105924;0
18105926;1
18105928;0
18105930;0
18105932;0
18105934;0
18105940;1
18105942;0
18105944;0
18105946;0
18105950;0
18105954;0
18105956;0
18105962;0
18105964;0
18105966;1
18105976;0
18106004;0
18106008;0
18106010;1
18106024;1
18106058;0
18106060;1
18106076;1
18106078;0
18106080;0
18106082;0
18106090;0
18106092;0
18106094;0
18106096;1
18106098;1
18106100;1
18106102;0
18106112;0
18106114;1
18106118;0
18106120;0
18106122;1
18106126;0
18106128;0
18106130;0
18106188;0
18106190;1
18106192;1
18106194;1
18106198;1
18106200;0
18106216;0
18106222;0
18106224;0
18106226;1
18106228;0
18106230;0
18106246;0
18106260;0
18106262;0
18106264;0
18106266;1
18106268;0
18106270;0
18106272;0
18106274;0
18106276;1
18106278;0
18106280;0
18106282;0
18106286;1
18106294;1
18106296;0
18106298;0
18106302;1
18106304;0
18106306;1
18106308;1
18106310;0
18106322;0
18106324;0
18106332;0
18106334;0
18106336;0
18106338;0
18106340;0
18106342;0
18106344;0
18106346;0
18106348;1
18106350;0
18106352;1
18106354;0
18106356;1
18106358;0
18106360;0
18106362;0
18106364;0
18106368;0
18106370;0
18106372;0
18106374;1
18106376;1
18106378;1
18106380;0
18106388;1
18106390;0
18106392;1
18106394;0
18106396;0
18106398;0
18106400;1
18106416;0
18106418;1
18106424;0
18106540;0
18106544;0
18106548;0
18106572;0
18106574;1
18106584;1
18106586;0
18106592;1
18106594;1
18106600;0
18106602;1
18106606;0
18106634;1
18106636;1
18106640;0
18106642;0
18106644;0
18106646;0
18106648;0
18106650;0
18106652;0
18106656;1
18106712;0
18106720;0
18106728;0
18106746;1
18106748;0
18106750;0
18106818;0
18106820;0
18106822;0
18106824;0
18106826;1
18106828;0
18106830;1
18106874;0
18106876;1
18106878;0
18106912;0
18106914;0
18106916;0
18106918;1
18106920;0
18106922;0
18106924;0
18106926;0
18106932;1
18106954;0
18106966;0
18106968;1
18106970;0
18106992;0
18106994;0
18106996;1
18106998;0
18107000;0
18107004;0
18107006;0
18107008;0
18107010;0
18107012;0
18107014;0
18107016;0
18107018;0
18107028;1
18107032;1
18107034;0
18107036;0
18107042;0
18107046;1
18107048;1
18107050;0
18107052;0
18107054;0
18107056;1
18107058;0
18107062;0
18107064;1
18107066;0
18107068;1
18107070;1
18107092;1
18107094;1
18107096;1
18107098;1
18107100;0
18107104;1
18107108;1
18107110;0
18107126;0
18107128;0
18107130;0
18107132;0
18107134;0
18107136;1
18107140;0
18107142;0
18107144;0
18107170;0
18107184;0
18107186;0
18107188;0
18107236;0
18107238;0
18107240;0
18107242;0
18107244;0
18107246;0
18107248;1
18107250;0
18107254;1
18107256;1
18107258;0
18107260;0
18107262;0
18107264;0
18107312;1
18107322;0
18107324;0
18107328;0
18107330;0
18107412;1
18107414;1
18107416;0
18107418;1
18107420;1
18107424;1
18107430;1
18107448;1
18107450;0
18107452;0
18107454;0
18107456;1
18107460;0
18107462;0
18107468;0
18107470;0
18107472;0
18107474;0
18107478;0
18107484;1
18107486;0
18107488;0
18107490;1
18107496;0
18107498;0
18107500;0
18107506;0
18107508;1
18107510;0
18107514;0
18107516;0
18107518;0
18107520;0
18107522;1
18107524;0
18107526;1
18107532;0
18107534;0
18107536;1
18107538;1
18107540;1
18107548;0
18107550;0
18107554;0
18107558;1
18107564;0
18107566;0
18107568;0
18107570;0
18107572;0
18107574;0
18107578;0
18107584;1
18107588;0
18107590;0
18107592;1
18107594;0
18107596;0
18107598;1
18107600;0
18107602;0
18107604;1
18107606;0
18107608;0
18107610;1
18107612;0
18107614;0
18107616;0
18107618;0
18107620;0
18107624;0
18107626;1
18107632;1
18107634;0
18107636;1
18107638;1
18107640;0
18107644;0
18107646;1
18107648;0
18107650;0
18107652;0
18107654;0
18107658;1
18107662;1
18107664;0
18107666;1
18107670;0
18107672;0
18107674;1
18107676;0
18107678;1
18107680;1
18107682;0
18107684;0
18107686;0
18107692;1
18107696;0
18107698;0
18107704;0
18107706;0
18107708;0
18107738;0
18107740;0
18107790;0
18107792;0
18107794;0
18107798;1
18107804;0
18107806;0
18107808;0
18107820;1
18107824;0
18107848;0
18107850;0
18107852;0
18107856;0
18107858;1
18107860;0
18107862;1
18107864;0
18107866;0
18107868;1
18107870;0
18107872;1
18107874;0
18107876;0
18107878;1
18107880;0
18107882;0
18107886;1
18107888;1
18107892;0
18107896;0
18107898;1
18107902;0
18107912;0
18107930;1
18107944;1
18107952;0
18107954;1
18107956;0
18107958;0
18107962;1
18107964;0
18107966;1
18107968;0
18107970;0
18107972;0
18107974;0
18107976;1
18107978;0
18107982;1
18107984;1
18107986;0
18107988;0
18107990;0
18107992;1
18107994;1
18108054;1
18108070;0
18108154;1
18108172;1
18108176;1
18108178;0
18108184;0
18108188;0
18108190;0
18108200;0
18108202;0
18108204;1
18108208;0
18108256;0
18108268;0
18108270;0
18108274;1
18108292;0
18108302;0
18108322;0
18108344;1
18108346;0
18108352;1
18108396;1
18108398;0
18108400;0
18108404;1
18108408;0
18108410;1
18108412;0
18108414;1
18108416;1
18108418;0
18108420;0
18108422;0
18108426;1
18108428;0
18108430;0
18108432;0
18108434;0
18108438;0
18108440;0
18108442;0
18108444;0
18108446;0
18108454;1
18108456;0
18108458;0
18108460;1
18108462;1
18108464;0
18108466;1
18108470;1
18108474;0
18108478;1
18108480;0
18108482;0
18108486;0
18108488;0
18108490;0
18108492;0
18108494;0
18108498;0
18108500;1
18108502;0
18108504;0
18108506;1
18108516;1
18108518;1
18108520;0
18108522;0
18108524;0
18108532;1
18108538;0
18108540;0
18108542;1
18108544;1
18108548;0
18108550;0
18108552;1
18108556;1
18108560;0
18108562;1
18108564;0
18108566;0
18108570;1
18108572;1
18108576;1
18108578;0
18108580;0
18108582;0
18108586;1
18108592;1
18108598;1
18108602;0
18108604;0
18108608;0
18108612;0
18108638;1
18108640;1
18108670;0
18108674;1
18108694;0
18108696;0
18108698;0
18108700;0
18108702;0
18108712;0
18108730;1
18108806;0
18108808;0
18108810;0
18108814;0
18108816;0
18108820;0
18108826;0
18108830;0
18108834;0
18108836;1
18108840;0
18108842;0
18108844;0
18108846;1
18108848;0
18108852;1
18108854;0
18108856;0
18108862;1
18108864;1
18108874;1
18108884;0
18108886;0
18108888;1
18108890;0
18108928;0
18108930;0
18108934;0
18108948;1
18108950;0
18108952;0
18108954;0
18108956;1
18108960;1
18108962;1
18108964;1
18108966;0
18108968;0
18108970;0
18108972;1
18108974;0
18108976;1
18108978;1
18108980;0
18108986;1
18108988;0
18108990;1
18108992;1
18108994;0
18108998;1
18109000;1
18109002;0
18109004;1
18109006;0
18109008;1
18109010;0
18109012;0
18109014;0
18109016;0
18109022;0
18109024;0
18109026;0
18109028;1
18109034;0
18109036;0
18109038;0
18109040;0
18109042;0
18109044;0
18109046;1
18109050;0
18109052;1
18109054;0
18109062;1
18109064;0
18109066;0
18109070;0
18109080;0
18109082;0
18109086;0
18109088;0
18109090;1
18109098;0
18109154;0
18109168;0
18109170;1
18109178;1
18109180;0
18109182;0
18109192;0
18109196;1
18109198;0
18109212;0
18109214;0
18109218;1
18109220;1
18109222;0
18109224;0
18109226;1
18109228;0
18109274;0
18109276;0
18109278;1
18109310;0
18109342;0
18109344;0
18109346;1
18109348;0
18109352;1
18109354;0
18109356;1
18109358;0
18109360;1
18109370;1
18109372;1
18109382;0
18109384;1
18109402;0
18109410;1
18109414;1
18109416;1
18109418;0
18109420;1
18109430;1
18109444;0
18109446;0
18109480;1
18109482;1
18109486;0
18109488;0
18109492;0
18109494;0
18109496;0
18109498;0
18109500;1
18109502;0
18109504;0
18109506;1
18109510;1
18109514;0
18109516;0
18109518;0
18109522;1
18109524;0
18109530;0
18109540;0
18109542;0
18109544;0
18109546;1
18109550;0
18109552;0
18109554;0
18109558;0
18109560;0
18109562;0
18109564;0
18109566;0
18109568;1
18109570;1
18109572;1
18109584;0
18109586;0
18109716;0
18109720;0
18109722;0
18109724;1
18109726;1
18109728;0
18109732;0
18109734;1
18109742;0
18109744;1
18109750;0
18109752;0
18109756;0
18109758;1
18109782;0
18109792;1
18109794;1
18109804;0
18109806;0
18109808;1
18109810;0
18109818;0
18109820;0
18109824;1
18109826;0
18109828;0
18109830;0
18109832;0
18109840;0
18109842;1
18109844;0
18109848;0
18109852;0
18109856;0
18109858;0
18109862;0
18109868;1
18109870;0
18109874;0
18109898;0
18109966;0
18109972;0
18109974;0
18109976;0
18109978;1
18109980;0
18109982;1
18109984;1
18109986;1
18109988;0
18109990;0
18109992;1
18109994;0
18110044;0
18110046;0
18110048;0
18110050;0
18110054;1
18110058;0
18110060;0
18110062;0
18110070;1
18110074;0
18110076;0
18110078;0
18110080;0
18110082;0
18110086;0
18110088;0
18110090;0
18110092;0
18110096;1
18110098;0
18110100;0
18110102;0
18110110;1
18110112;0
18110114;1
18110116;0
18110118;1
18110120;1
18110122;1
18110124;0
18110126;0
18110128;1
18110130;0
18110132;0
18110134;1
18110136;0
18110142;0
18110144;0
18110148;0
18110150;0
18110152;0
18110168;0
18110170;0
18110176;0
18110198;0
18110200;0
18110202;0
18110204;1
18110206;0
18110208;0
18110210;1
18110216;1
18110220;0
18110222;0
18110224;0
18110226;0
18110230;0
18110236;1
18110242;1
18110244;0
18110252;0
18110256;0
18110258;1
18110260;0
18110262;0
18110264;1
18110266;0
18110274;0
18110280;0
18110282;0
18110284;0
18110286;0
18110288;1
18110296;0
18110298;1
18110300;0
18110314;0
18110318;1
18110332;1
18110334;0
18110336;0
18110338;0
18110374;0
18110378;0
18110380;1
18110384;0
18110386;0
18110388;1
18110390;0
18110392;0
18110394;1
18110396;0
18110398;0
18110402;0
18110404;0
18110406;0
18110408;0
18110410;0
18110412;0
18110414;0
18110418;1
18110420;0
18110422;1
18110424;1
18110426;1
18110428;0
18110430;1
18110432;0
18110438;1
18110440;0
18110442;1
18110444;1
18110446;1
18110448;0
18110450;0
18110466;1
18110468;0
18110470;1
18110478;0
18110482;1
18110484;1
18110486;1
18110488;0
18110490;1
18110528;1
18110530;0
18110532;1
18110534;0
18110536;1
18110538;1
18110542;0
18110546;1
18110552;0
18110554;1
18110556;0
18110558;0
18110560;0
18110562;0
18110574;0
18110582;1
18110586;0
18110588;0
18110590;0
18110602;0
18110606;0
18110608;0
18110610;1
18110622;1
18110626;0
18110656;0
18110658;1
18110660;1
18110662;0
18110664;0
18110676;0
18110678;1
18110680;0
18110682;0
18110692;0
18110694;0
18110702;0
18110704;1
18110706;0
18110708;0
18110724;1
18110728;0
18110732;0
18110734;0
18110736;1
18110738;0
18110740;1
18110742;0
18110744;0
18110748;1
18110750;0
18110752;0
18110754;0
18110756;0
18110758;1
18110760;0
18110764;0
18110768;0
18110776;0
18110778;1
18110780;0
18110782;0
18110784;0
18110786;0
18110790;0
18110792;0
18110794;0
18110796;0
18110798;0
18110800;1
18110802;0
18110804;0
18110812;0
18110814;0
18110816;0
18110818;0
18110820;0
18110828;0
18110896;1
18110906;0
18110920;0
18110922;0
18110924;0
18110926;1
18110928;0
18110930;0
18110944;0
18110950;0
18110954;0
18110956;1
18110958;0
18110960;0
18110962;1
18110964;1
18110966;1
18110968;0
18110982;1
18110984;0
18110988;1
18110990;1
18110994;1
18110996;0
18110998;0
18111000;0
18111002;0
18111004;0
18111006;1
18111010;0
18111012;0
18111014;1
18111016;0
18111018;1
18111022;1
18111026;0
18111028;1
18111030;0
18111032;1
18111034;0
18111036;0
18111038;1
18111042;1
18111044;1
18111046;0
18111048;0
18111050;0
18111052;1
18111054;1
18111058;1
18111060;0
18111064;0
18111070;1
18111092;0
18111094;1
18111096;0
18111098;1
18111100;1
18111102;0
18111104;0
18111106;1
18111108;0
18111110;0
18111112;1
18111128;0
18111130;1
18111174;1
18111176;0
18111180;0
18111186;1
18111188;1
18111246;0
18111248;1
18111250;1
18111256;1
18111264;0
18111268;0
18111312;1
18111314;1
18111316;1
18111318;0
18111328;1
18111330;1
18111352;1
18111380;1
18111382;0
18111388;1
18111400;1
18111404;0
18111412;0
18111418;0
18111426;0
18111428;0
18111430;0
18111452;1
18111454;0
18111456;0
18111458;0
18111460;0
18111462;1
18111464;0
18111466;1
18111468;0
18111470;0
18111472;1
18111476;0
18111478;1
18111480;0
18111482;0
18111486;0
18111488;0
18111492;0
18111496;0
18111498;0
18111500;0
18111502;0
18111504;0
18111506;0
18111510;0
18111516;0
18111518;0
18111520;1
18111522;0
18111524;1
18111528;0
18111530;0
18111532;0
18111534;0
18111536;0
18111538;0
18111542;1
18111546;1
18111548;1
18111552;1
18111554;1
18111556;1
18111564;1
18111566;1
18111576;0
18111578;0
18111582;0
18111584;0
18111586;0
18111588;1
18111590;0
18111592;1
18111594;1
18111598;0
18111602;0
18111604;0
18111606;1
18111610;1
18111616;1
18111618;0
18111622;0
18111624;1
18111628;1
18111630;1
18111632;0
18111636;0
18111638;1
18111640;1
18111642;0
18111646;0
18111650;0
18111652;1
18111654;0
18111656;1
18111658;0
18111662;0
18111664;0
18111666;0
18111668;0
18111672;0
18111674;0
18111678;0
18111682;1
18111684;0
18111686;0
18111688;1
18111690;0
18111692;1
18111696;0
18111698;1
18111700;0
18111702;0
18111704;0
18111708;0
18111710;0
18111734;0
18111736;1
18111738;1
18111740;1
18111742;0
18111744;1
18111746;0
18111754;0
18111766;0
18111768;0
18111770;0
18111814;0
18111818;0
18111820;0
18111822;1
18111830;1
18111832;1
18111842;0
18111844;0
18111846;1
18111848;0
18111850;1
18111854;1
18111856;0
18111858;0
18111862;0
18111864;0
18111866;0
18111868;0
18111870;0
18111872;0
18111874;0
18111876;0
18111878;0
18111880;0
18111884;1
18111886;0
18111888;0
18111890;0
18111912;0
18111914;0
18111916;1
18111918;0
18111920;0
18111922;0
18111924;0
18111926;1
18111930;0
18111944;0
18111946;0
18111948;1
18111950;0
18111952;0
18111954;0
18111956;0
18111960;0
18111962;0
18111966;0
18112022;0
18112032;1
18112034;0
18112036;0
18112038;0
18112040;1
18112046;1
18112048;0
18112050;1
18112054;1
18112056;0
18112058;0
18112060;0
18112062;0
18112138;1
18112142;1
18112144;1
18112148;1
18112152;1
18112174;1
18112176;0
18112180;1
18112182;1
18112184;1
18112188;1
18112190;0
18112192;0
18112194;0
18112196;0
18112198;1
18112200;0
18112204;0
18112206;0
18112208;0
18112210;1
18112214;0
18112216;0
18112218;0
18112222;0
18112224;1
18112226;0
18112228;1
18112234;0
18112236;1
18112242;0
18112244;0
18112246;0
18112248;0
18112252;0
18112254;0
18112256;1
18112278;1
18112280;0
18112282;0
18112294;1
18112296;0
18112304;0
18112310;0
18112352;0
18112354;1
18112360;0
18112390;0
18112392;0
18112396;0
18112398;0
18112400;1
18112402;1
18112404;0
18112406;0
18112412;0
18112414;0
18112418;0
18112420;0
18112422;1
18112424;1
18112426;0
18112428;0
18112430;1
18112442;1
18112444;1
18112446;0
18112448;0
18112450;1
18112452;0
18112456;0
18112458;1
18112472;0
18112474;0
18112476;0
18112478;1
18112480;1
18112482;0
18112484;0
18112486;0
18112488;0
18112490;0
18112492;0
18112494;0
18112496;0
18112498;1
18112500;1
18112506;0
18112508;0
18112510;0
18112512;0
18112514;0
18112516;0
18112518;0
18112520;1
18112524;0
18112526;1
18112528;0
18112530;0
18112532;1
18112534;0
18112538;0
18112570;0
18112572;1
18112574;1
18112576;0
18112578;0
18112582;0
18112584;1
18112588;0
18112590;0
18112594;0
18112598;0
18112602;1
18112604;0
18112616;1
18112618;1
18112620;0
18112624;0
18112626;0
18112628;1
18112630;1
18112632;0
18112634;1
18112636;0
18112640;1
18112646;0
18112648;0
18112650;0
18112666;0
18112668;1
18112670;1
18112672;0
18112674;0
18112680;1
18112682;1
18112684;0
18112686;0
18112688;0
18112690;0
18112704;1
18112710;1
18112732;0
18112738;0
18112746;0
18112762;0
18112830;0
18112906;0
18112912;0
18112914;0
18112916;1
18112918;0
18112920;0
18112926;1
18112928;1
18112930;0
18112932;0
18112934;0
18112936;1
18112938;0
18112940;1
18112942;1
18112944;0
18112946;0
18112948;0
18112950;1
18112954;1
18112958;0
18112960;0
18112964;0
18112966;1
18112968;0
18112972;0
18112974;0
18112976;0
18112980;0
18112982;0
18112986;0
18112990;1
18112992;1
18113030;1
18113032;0
18113034;0
18113036;0
18113050;1
18113076;0
18113078;0
18113080;0
18113084;1
18113086;1
18113090;0
18113092;0
18113094;1
18113098;0
18113100;0
18113102;0
18113104;0
18113106;1
18113110;0
18113112;0
18113114;1
18113118;1
18113122;0
18113124;1
18113126;0
18113128;1
18113130;0
18113136;0
18113138;0
18113142;1
18113144;1
18113146;0
18113148;0
18113152;0
18113154;0
18113156;0
18113158;1
18113164;0
18113166;0
18113168;1
18113170;1
18113172;0
18113174;0
18113176;0
18113210;1
18113212;1
18113222;0
18113228;0
18113258;1
18113264;0
18113268;1
18113272;0
18113274;0
18113282;1
18113284;1
18113286;0
18113288;0
18113316;0
18113320;0
18113322;0
18113324;0
18113328;1
18113330;1
18113336;0
18113338;0
18113340;1
18113342;0
18113344;0
18113346;1
18113348;0
18113352;1
18113358;0
18113372;0
18113374;1
18113376;1
18113384;0
18113386;1
18113442;0
18113444;1
18113446;0
18113448;0
18113450;0
18113472;0
18113474;0
18113476;0
18113478;0
18113480;0
18113482;0
18113486;0
18113496;1
18113498;1
18113502;0
18113504;0
18113506;0
18113508;1
18113510;1
18113514;0
18113516;0
18113532;1
18113534;0
18113536;0
18113538;0
18113540;0
18113542;0
18113544;1
18113546;1
18113548;1
18113550;0
18113552;1
18113554;0
18113556;0
18113558;0
18113560;0
18113562;0
18113564;0
18113568;1
18113570;1
18113574;0
18113578;0
18113582;0
18113584;1
18113586;0
18113588;0
18113590;0
18113592;0
18113594;1
18113596;0
18113598;0
18113600;0
18113602;1
18113604;0
18113606;0
18113608;1
18113612;1
18113614;0
18113616;0
18113618;1
18113620;1
18113624;0
18113652;0
18113654;0
18113666;1
18113672;1
18113678;0
18113680;1
18113682;0
18113684;1
18113686;1
18113688;0
18113690;1
18113712;1
18113714;0
18113716;0
18113718;0
18113720;1
18113722;1
18113728;0
18113730;0
18113732;1
18113736;0
18113738;1
18113740;1
18113742;0
18113748;1
18113754;0
18113756;1
18113760;0
18113762;0
18113764;1
18113766;0
18113768;1
18113770;1
18113772;1
18113774;1
18113780;0
18113782;0
18113784;1
18113786;0
18113788;1
18113790;0
18113798;0
18113812;1
18113814;0
18113874;0
18113878;1
18113880;0
18113882;1
18113890;0
18113918;1
18113928;1
18113954;0
18113956;0
18113958;0
18113966;0
18113970;0
18113990;0
18113992;0
18113996;0
18114012;0
18114014;0
18114032;1
18114034;0
18114036;0
18114038;1
18114040;0
18114042;0
18114044;1
18114046;0
18114050;1
18114052;0
18114056;0
18114058;0
18114060;1
18114062;0
18114072;0
18114084;0
18114086;0
18114114;0
18114116;1
18114124;0
18114126;0
18114128;0
18114130;1
18114132;0
18114134;1
18114142;0
18114146;1
18114150;0
18114154;1
18114156;1
18114158;1
18114160;0
18114162;0
18114164;0
18114166;1
18114168;0
18114170;0
18114172;1
18114174;1
18114176;0
18114178;1
18114180;0
18114182;0
18114184;1
18114186;1
18114188;0
18114190;1
18114192;1
18114194;0
18114196;0
18114198;1
18114200;0
18114202;0
18114214;0
18114216;0
18114222;0
18114224;0
18114228;0
18114234;0
18114244;0
18114246;1
18114250;1
18114258;0
18114262;0
18114264;0
18114266;0
18114270;0
18114272;1
18114274;0
18114290;0
18114292;0
18114300;0
18114302;1
18114334;0
18114336;1
18114338;0
18114340;0
18114342;1
18114344;0
18114346;0
18114348;1
18114350;0
18114352;1
18114358;0
18114360;0
18114364;1
18114366;0
18114370;0
18114372;0
18114374;1
18114376;1
18114380;0
18114382;0
18114384;0
18114386;1
18114388;0
18114390;0
18114392;0
18114396;0
18114400;0
18114402;0
18114404;0
18114414;1
18114416;0
18114424;0
18114428;0
18114472;1
18114474;0
18114552;0
18114562;1
18114564;0
18114578;1
18114582;0
18114584;0
18114586;1
18114588;0
18114590;0
18114592;1
18114594;0
18114612;1
18114614;0
18114618;0
18114622;1
18114624;1
18114626;1
18114628;0
18114630;1
18114632;0
18114636;0
18114638;0
18114640;0
18114642;0
18114644;0
18114646;1
18114648;1
18114650;1
18114652;1
18114656;1
18114658;0
18114660;0
18114662;0
18114664;1
18114666;1
18114674;0
18114676;0
18114678;0
18114680;1
18114682;1
18114684;1
18114686;0
18114688;0
18114690;1
18114692;1
18114712;1
18114716;0
18114722;0
18114728;0
18114752;0
18114754;0
18114756;1
18114764;1
18114768;0
18114770;0
18114772;0
18114788;0
18114792;1
18114794;1
18114796;1
18114798;0
18114800;0
18114804;0
18114806;0
18114808;0
18114818;1
18114874;1
18114908;1
18114910;0
18114928;1
18114932;1
18114934;1
18114940;0
18114942;0
18114944;1
18114946;1
18114952;0
18114972;1
18114974;1
18114976;0
18114988;0
18114990;1
18115032;0
18115036;0
18115038;0
18115040;0
18115042;0
18115044;0
18115046;0
18115048;0
18115050;0
18115070;1
18115072;0
18115076;0
18115092;0
18115098;0
18115102;1
18115104;0
18115106;0
18115110;0
18115112;1
18115114;0
18115116;1
18115118;0
18115120;1
18115124;1
18115126;1
18115136;0
18115138;1
18115140;1
18115144;0
18115148;1
18115150;1
18115152;0
18115156;0
18115158;0
18115160;0
18115162;0
18115164;0
18115166;1
18115168;0
18115170;1
18115172;1
18115178;0
18115180;1
18115184;0
18115188;0
18115200;0
18115208;0
18115210;0
18115232;1
18115268;0
18115306;1
18115308;0
18115330;1
18115332;1
18115334;0
18115336;0
18115338;0
18115342;1
18115344;0
18115346;0
18115348;0
18115350;0
18115352;0
18115356;0
18115362;0
18115374;0
18115388;0
18115402;0
18115406;1
18115428;0
18115450;0
18115462;1
18115466;0
18115468;0
18115470;0
18115476;0
18115478;0
18115480;0
18115482;0
18115484;0
18115486;0
18115488;0
18115490;0
18115492;1
18115500;1
18115504;0
18115508;0
18115532;0
18115536;0
18115538;0
18115540;0
18115542;1
18115544;0
18115546;1
18115548;0
18115552;0
18115554;0
18115556;1
18115558;0
18115568;1
18115596;0
18115598;0
18115600;1
18115602;0
18115604;0
18115608;0
18115610;0
18115612;0
18115614;1
18115616;0
18115618;0
18115620;0
18115622;0
18115624;1
18115626;1
18115628;0
18115630;1
18115632;1
18115634;0
18115638;0
18115642;0
18115644;1
18115646;0
18115648;0
18115650;0
18115652;1
18115654;0
18115656;0
18115660;0
18115664;1
18115666;0
18115738;0
18115764;1
18115766;0
18115802;0
18115806;0
18115810;1
18115816;0
18115818;0
18115820;1
18115824;0
18115826;0
18115828;0
18115830;0
18115832;1
18115834;0
18115838;0
18115840;1
18115842;0
18115844;1
18115846;0
18115848;1
18115850;1
18115852;0
18115854;0
18115856;0
18115858;0
18115866;0
18115868;0
18115872;0
18115874;0
18115876;1
18115878;0
18115880;1
18115882;0
18115886;0
18115888;0
18115890;0
18115892;0
18115894;0
18115896;1
18115902;0
18115904;0
18115906;0
18115908;0
18115912;0
18115914;1
18115916;0
18115918;0
18115920;1
18115922;0
18115924;0
18115926;1
18115928;0
18115930;0
18115940;0
18115942;0
18115944;0
18115946;0
18115948;0
18115972;0
18115992;0
18115994;0
18115996;0
18115998;1
18116002;1
18116004;1
18116006;1
18116008;0
18116010;1
18116068;0
18116072;0
18116076;1
18116078;0
18116080;1
18116086;1
18116090;1
18116092;0
18116094;0
18116096;0
18116098;0
18116100;0
18116102;1
18116104;0
18116106;0
18116108;0
18116110;1
18116112;1
18116114;0
18116116;1
18116120;0
18116122;1
18116124;1
18116126;0
18116128;0
18116130;1
18116138;0
18116154;0
18116156;1
18116158;0
18116256;0
18116270;1
18116276;0
18116394;0
18116398;0
18116404;0
18116406;0
18116408;0
18116410;0
18116412;1
18116414;0
18116416;0
18116418;0
18116420;0
18116422;1
18116424;0
18116426;0
18116430;0
18116432;0
18116434;1
18116438;0
18116444;1
18116448;1
18116450;1
18116464;0
18116472;0
18116476;0
18116478;1
18116480;1
18116482;1
18116484;1
18116486;0
18116488;1
18116494;0
18116498;1
18116502;0
18116504;0
18116506;0
18116514;0
18116532;0
18116534;1
18116536;0
18116540;0
18116542;0
18116544;1
18116546;1
18116552;1
18116554;0
18116556;0
18116558;0
18116560;0
18116562;1
18116564;1
18116570;1
18116574;0
18116578;0
18116580;0
18116600;0
18116602;0
18116604;1
18116614;0
18116616;1
18116618;0
18116620;0
18116622;0
18116624;0
18116626;0
18116632;0
18116634;0
18116636;0
18116638;1
18116640;0
18116642;1
18116644;1
18116646;1
18116648;0
18116650;0
18116652;1
18116656;0
18116658;1
18116660;1
18116662;0
18116672;0
18116674;1
18116710;0
18116724;0
18116726;1
18116728;0
18116730;1
18116732;0
18116734;0
18116736;0
18116738;0
18116740;0
18116742;0
18116744;0
18116746;1
18116748;0
18116750;0
18116760;0
18116764;0
18116796;0
18116814;0
18116818;0
18116824;0
18116828;0
18116830;1
18116832;1
18116834;0
18116838;1
18116840;0
18116842;0
18116850;0
18116860;1
18116862;0
18116870;0
18116878;0
18116886;0
18116890;0
18116906;1
18116912;0
18116914;0
18116916;1
18116918;1
18116920;0
18116922;0
18116924;0
18116926;0
18116928;0
18116930;0
18116932;0
18116934;0
18116936;1
18116940;0
18116942;0
18116944;1
18116946;0
18116950;0
18116952;0
18116954;0
18116958;0
18116960;0
18116966;0
18116970;0
18116974;0
18116976;0
18116982;0
18116984;1
18116986;0
18116988;0
18116990;0
18116992;0
18116994;1
18116996;0
18116998;1
18117000;1
18117002;0
18117004;0
18117006;0
18117008;0
18117014;0
18117020;1
18117022;0
18117026;1
18117028;0
18117030;0
18117034;0
18117036;1
18117038;1
18117040;1
18117042;0
18117044;0
18117048;0
18117050;0
18117052;0
18117056;1
18117058;1
18117060;1
18117062;0
18117064;0
18117066;0
18117068;0
18117070;0
18117072;0
18117074;0
18117076;0
18117078;0
18117082;1
18117084;1
18117086;0
18117088;0
18117100;1
18117102;0
18117104;0
18117106;0
18117108;1
18117110;1
18117114;1
18117116;1
18117134;0
18117152;1
18117174;0
18117212;0
18117214;1
18117216;1
18117220;1
18117222;0
18117224;0
18117228;1
18117230;1
18117232;0
18117234;1
18117236;0
18117238;0
18117240;1
18117242;0
18117244;0
18117276;0
18117304;0
18117332;0
18117334;0
18117336;0
18117340;1
18117342;1
18117344;1
18117370;1
18117372;0
18117374;1
18117376;0
18117378;0
18117380;1
18117382;0
18117384;0
18117388;0
18117390;0
18117392;0
18117394;0
18117396;1
18117398;0
18117400;0
18117402;0
18117404;0
18117406;0
18117424;1
18117428;0
18117446;1
18117472;1
18117474;0
18117476;0
18117478;0
18117480;1
18117482;0
18117486;1
18117488;0
18117490;1
18117492;1
18117494;0
18117496;0
18117548;1
18117554;1
18117602;1
18117654;0
18117670;1
18117678;0
18117682;0
18117690;0
18117700;1
18117722;0
18117730;1
18117732;0
18117744;0
18117746;0
18117754;0
18117760;1
18117762;0
18117764;1
18117766;0
18117770;0
18117772;0
18117792;0
18117796;1
18117798;0
18117800;0
18117842;0
18117844;0
18117848;0
18117850;0
18117852;0
18117862;0
18117864;0
18117868;1
18117872;0
18117874;0
18117876;1
18117878;0
18117882;1
18117886;1
18117888;0
18117890;0
18117892;0
18117896;0
18117898;1
18117904;0
18117906;1
18117908;0
18117910;0
18117912;0
18117914;0
18117916;1
18117918;0
18117920;0
18117922;0
18117924;0
18117926;0
18117928;1
18117930;0
18117934;0
18117938;0
18117942;0
18117944;1
18117946;0
18117948;1
18117950;1
18117952;0
18117954;0
18117958;1
18117960;1
18117962;1
18117964;0
18117968;1
18117970;0
18117972;0
18117974;1
18117992;0
18117994;0
18117996;0
18117998;1
18118000;0
18118004;0
18118006;0
18118008;0
18118010;0
18118012;0
18118014;0
18118016;0
18118018;0
18118020;1
18118022;1
18118026;0
18118028;0
18118030;0
18118034;1
18118036;0
18118038;0
18118040;1
18118042;0
18118044;0
18118052;0
18118058;0
18118066;0
18118074;1
18118076;1
18118080;1
18118082;0
18118084;1
18118088;0
18118090;0
18118098;0
18118100;1
18118102;1
18118104;0
18118106;0
18118108;0
18118110;0
18118118;0
18118120;0
18118152;1
18118156;0
18118158;1
18118160;0
18118162;0
18118164;1
18118166;0
18118168;0
18118170;0
18118174;1
18118176;0
18118180;0
18118182;1
18118190;1
18118192;0
18118194;1
18118196;0
18118198;0
18118202;1
18118206;0
18118208;1
18118212;0
18118214;0
18118216;0
18118220;0
18118222;1
18118224;1
18118226;0
18118228;0
18118230;0
18118232;0
18118234;0
18118238;0
18118240;0
18118242;1
18118244;1
18118246;1
18118248;1
18118250;0
18118252;1
18118254;1
18118256;0
18118260;0
18118262;0
18118264;0
18118266;1
18118268;1
18118270;1
18118272;0
18118274;0
18118276;0
18118292;0
18118294;0
18118296;0
18118392;0
18118394;0
18118396;0
18118398;1
18118402;1
18118404;1
18118406;1
18118408;0
18118410;0
18118412;0
18118414;1
18118416;1
18118418;0
18118420;0
18118422;1
18118424;0
18118426;0
18118428;1
18118432;0
18118434;1
18118436;1
18118440;0
18118442;0
18118444;1
18118446;0
18118448;0
18118450;0
18118454;1
18118456;0
18118458;1
18118526;0
18118552;0
18118556;0
18118558;1
18118560;1
18118594;0
18118598;0
18118600;0
18118672;1
18118674;1
18118690;0
18118698;0
18118730;1
18118732;1
18118736;0
18118740;1
18118742;0
18118748;0
18118756;0
18118760;0
18118762;0
18118764;0
18118768;1
18118784;0
18118786;0
18118798;1
18118804;0
18118806;0
18118814;0
18118816;1
18118818;1
18118820;0
18118824;0
18118826;0
18118828;1
18118830;0
18118832;0
18118884;0
18118902;0
18118910;0
18118938;0
18118954;1
18118964;0
18118970;0
18118972;0
18118974;1
18118978;0
18118980;1
18118984;1
18118986;0
18118990;1
18118992;0
18118994;1
18118996;0
18118998;0
18119000;0
18119002;1
18119004;1
18119006;0
18119008;0
18119010;1
18119014;1
18119016;1
18119018;1
18119020;1
18119028;0
18119030;0
18119034;0
18119036;1
18119038;0
18119042;1
18119044;0
18119046;0
18119048;1
18119050;0
18119052;0
18119056;0
18119058;0
18119060;0
18119064;1
18119066;1
18119068;0
18119072;1
18119074;1
18119076;0
18119078;0
18119080;0
18119082;1
18119084;1
18119086;0
18119090;1
18119172;0
18119176;0
18119178;0
18119182;1
18119184;1
18119186;0
18119224;1
18119226;0
18119268;0
18119280;0
18119282;0
18119284;0
18119286;0
18119288;1
18119312;1
18119314;0
18119316;1
18119318;0
18119322;1
18119326;0
18119328;0
18119330;1
18119336;1
18119340;0
18119342;0
18119344;0
18119346;0
18119350;0
18119352;0
18119358;1
18119360;1
18119362;0
18119364;1
18119366;0
18119382;1
18119384;0
18119386;1
18119390;1
18119392;1
18119396;0
18119398;0
18119400;1
18119402;1
18119404;0
18119406;0
18119408;1
18119412;0
18119414;1
18119416;1
18119418;0
18119426;0
18119428;1
18119430;1
18119432;1
18119434;0
18119436;0
18119438;0
18119440;0
18119442;0
18119444;1
18119448;0
18119452;0
18119500;1
18119504;0
18119506;0
18119514;0
18119522;0
18119524;1
18119526;1
18119528;0
18119530;0
18119552;1
18119554;0
18119556;0
18119560;1
18119562;0
18119564;1
18119566;0
18119572;0
18119574;1
18119578;1
18119580;0
18119584;0
18119586;0
18119590;0
18119592;0
18119596;0
18119598;1
18119600;0
18119602;0
18119604;0
18119610;0
18119614;0
18119616;0
18119618;1
18119620;0
18119622;1
18119624;1
18119626;1
18119628;0
18119630;0
18119638;0
18119654;0
18119658;0
18119660;0
18119662;0
18119664;0
18119666;0
18119668;1
18119736;1
18119738;1
18119760;0
18119812;0
18119816;0
18119818;1
18119848;0
18119850;0
18119860;0
18119862;1
18119866;0
18119868;1
18119870;0
18119874;0
18119876;1
18119878;0
18119882;0
18119886;0
18119888;0
18119890;0
18119892;0
18119896;0
18119898;0
18119900;0
18119902;1
18119904;0
18119908;1
18119910;0
18119916;1
18119918;0
18119920;1
18119922;0
18119924;0
18119928;1
18119930;0
18119932;0
18119934;0
18119936;0
18119938;0
18119942;1
18119944;1
18119946;1
18119948;1
18119950;0
18119952;1
18119954;0
18119956;1
18119958;0
18119960;0
18119962;0
18119964;1
18119966;0
18119968;1
18119970;0
18119972;0
18119974;0
18119976;0
18119978;1
18119980;1
18119982;1
18119984;1
18119986;1
18119990;0
18119992;1
18120016;0
18120018;1
18120020;1
18120022;0
18120026;0
18120044;1
18120046;0
18120048;1
18120074;0
18120088;0
18120094;0
18120100;1
18120104;0
18120106;0
18120134;0
18120136;0
18120138;1
18120146;0
18120180;1
18120182;0
18120186;0
18120188;0
18120190;0
18120192;1
18120194;0
18120212;0
18120214;0
18120218;1
18120220;0
18120222;0
18120226;1
18120228;0
18120230;0
18120232;0
18120234;0
18120236;0
18120238;0
18120240;0
18120242;1
18120246;1
18120248;1
18120252;1
18120254;1
18120256;0
18120260;1
18120264;0
18120266;0
18120268;0
18120270;0
18120272;0
18120292;0
18120294;0
18120296;0
18120300;0
18120302;0
18120304;1
18120306;0
18120308;1
18120310;0
18120312;0
18120314;0
18120316;0
18120318;0
18120320;1
18120322;0
18120324;1
18120326;0
18120328;0
18120330;0
18120332;0
18120334;0
18120336;0
18120352;1
18120354;1
18120380;0
18120382;1
18120384;1
18120388;1
18120390;1
18120392;1
18120394;0
18120396;0
18120398;0
18120424;0
18120432;1
18120434;1
18120446;0
18120448;1
18120450;0
18120462;1
18120482;0
18120508;0
18120512;0
18120514;1
18120518;0
18120524;0
18120526;1
18120528;0
18120532;0
18120542;1
18120544;1
18120546;1
18120548;0
18120550;1
18120552;0
18120556;0
18120568;0
18120570;1
18120572;1
18120576;1
18120578;0
18120580;0
18120582;0
18120584;0
18120586;1
18120604;1
18120606;0
18120608;1
18120612;1
18120616;1
18120618;0
18120620;0
18120622;0
18120624;1
18120626;0
18120628;1
18120630;1
18120632;1
18120636;1
18120638;1
18120640;1
18120642;0
18120644;0
18120646;0
18120648;0
18120650;0
18120654;0
18120656;0
18120658;1
18120660;0
18120662;1
18120664;0
18120668;0
18120670;1
18120672;1
18120674;0
18120676;1
18120678;0
18120680;0
18120682;1
18120684;1
18120686;1
18120688;0
18120692;1
18120694;1
18120696;0
18120700;1
18120702;1
18120704;1
18120706;1
18120710;1
18120714;0
18120716;0
18120718;1
18120720;0
18120722;0
18120724;0
18120726;0
18120728;0
18120730;0
18120738;0
18120740;1
18120742;1
18120744;0
18120746;0
18120748;0
18120750;1
18120752;1
18120754;1
18120756;0
18120758;0
18120760;0
18120764;0
18120766;0
18120768;0
18120770;1
18120772;0
18120774;0
18120778;0
18120782;1
18120784;0
18120786;1
18120788;1
18120792;1
18120794;1
18120796;0
18120798;0
18120800;0
18120804;0
18120806;0
18120812;0
18120814;0
18120816;1
18120818;0
18120820;0
18120822;0
18120824;1
18120826;0
18120828;0
18120830;0
18120832;0
18120834;1
18120836;1
18120838;1
18120840;1
18120842;1
18120848;0
18120872;1
18120874;0
18120876;1
18120878;0
18120886;0
18120888;1
18120890;0
18120894;0
18120902;0
18120906;0
18120908;0
18120910;1
18120928;0
18120932;0
18120934;0
18120936;0
18120940;0
18120942;0
18120944;0
18120946;0
18120950;1
18120952;1
18120954;0
18120956;1
18120960;1
18120962;1
18120964;0
18120966;0
18120968;0
18120974;1
18120976;0
18120978;0
18120980;0
18120982;0
18120984;1
18120986;0
18120988;1
18120990;0
18120992;1
18121012;0
18121016;0
18121018;1
18121020;1
18121028;0
18121032;0
18121034;0
18121036;0
18121040;0
18121042;1
18121044;1
18121050;0
18121052;0
18121060;1
18121062;1
18121154;1
18121156;0
18121206;0
18121220;1
18121222;0
18121224;0
18121238;0
18121242;1
18121244;1
18121246;0
18121248;0
18121276;0
18121278;1
18121280;0
18121282;0
18121288;1
18121296;0
18121308;1
18121352;0
18121356;0
18121358;0
18121360;1
18121368;0
18121370;0
18121372;0
18121374;1
18121376;0
18121378;1
18121380;0
18121382;0
18121384;0
18121386;0
18121388;0
18121390;0
18121392;1
18121396;0
18121400;0
18121402;0
18121404;1
18121406;0
18121408;1
18121412;0
18121414;0
18121434;1
18121436;0
18121438;0
18121440;0
18121446;0
18121448;0
18121450;1
18121454;1
18121460;1
18121468;0
18121470;1
18121472;0
18121474;0
18121476;0
18121478;0
18121482;0
18121484;0
18121486;0
18121488;0
18121492;0
18121494;0
18121496;0
18121498;1
18121500;1
18121506;0
18121508;0
18121510;0
18121512;0
18121514;0
18121516;0
18121518;1
18121520;0
18121522;0
18121524;1
18121526;0
18121530;0
18121532;1
18121534;0
18121538;0
18121540;0
18121542;1
18121544;0
18121546;0
18121548;1
18121550;1
18121552;1
18121556;0
18121558;0
18121560;0
18121566;0
18121572;1
18121592;0
18121594;1
18121598;0
18121620;1
18121622;1
18121630;0
18121634;0
18121636;1
18121638;0
18121640;1
18121642;0
18121646;0
18121654;1
18121656;0
18121658;0
18121660;1
18121662;0
18121666;1
18121668;1
18121670;0
18121672;0
18121674;0
18121676;1
18121678;1
18121680;1
18121682;1
18121684;0
18121686;0
18121688;0
18121690;1
18121692;0
18121702;1
18121706;1
18121710;0
18121734;0
18121738;0
18121742;0
18121774;0
18121782;1
18121784;0
18121916;0
18121918;1
18121920;1
18121928;0
18121936;1
18121996;1
18121998;1
18122002;1
18122004;0
18122010;1
18122012;1
18122014;1
18122016;1
18122018;1
18122020;1
18122022;1
18122024;0
18122026;0
18122028;0
18122038;0
18122042;1
18122094;0
18122096;0
18122098;0
18122100;0
18122102;1
18122104;0
18122106;0
18122108;0
18122110;0
18122128;0
18122150;0
18122152;0
18122154;1
18122156;0
18122164;0
18122174;1
18122178;0
18122180;0
18122186;0
18122188;0
18122192;0
18122194;0
18122198;1
18122224;1
18122226;1
18122232;1
18122234;0
18122236;0
18122238;0
18122244;1
18122248;0
18122250;0
18122286;0
18122292;1
18122294;0
18122296;0
18122298;1
18122300;0
18122302;1
18122304;0
18122306;0
18122308;0
18122310;0
18122312;0
18122314;0
18122316;1
18122318;0
18122320;0
18122322;0
18122324;0
18122326;0
18122330;1
18122332;0
18122334;1
18122336;1
18122338;0
18122350;0
18122352;0
18122354;0
18122356;0
18122358;0
18122360;0
18122362;1
18122366;0
18122368;0
18122370;1
18122372;0
18122374;1
18122376;0
18122424;0
18122426;0
18122428;0
18122438;1
18122440;0
18122442;1
18122444;0
18122448;1
18122462;0
18122464;0
18122470;0
18122480;0
18122486;0
18122490;0
18122492;0
18122494;1
18122496;0
18122500;0
18122502;0
18122504;1
18122506;0
18122508;1
18122510;0
18122512;1
18122514;1
18122516;0
18122518;0
18122520;0
18122522;0
18122524;1
18122526;1
18122528;0
18122532;0
18122534;0
18122542;1
18122544;0
18122546;1
18122552;0
18122554;0
18122556;0
18122560;1
18122564;0
18122570;0
18122576;0
18122582;1
18122584;0
18122586;0
18122588;1
18122590;0
18122592;1
18122594;0
18122596;0
18122598;1
18122602;1
18122604;0
18122606;0
18122608;1
18122610;1
18122612;0
18122614;0
18122638;0
18122654;0
18122656;0
18122658;0
18122662;0
18122688;1
18122690;0
18122692;0
18122698;0
18122728;0
18122732;0
18122788;0
18122790;1
18122828;1
18122830;0
18122836;1
18122842;0
18122844;0
18122860;0
18122872;1
18122874;0
18122876;0
18122880;1
18122892;1
18122894;1
18122896;1
18122898;0
18122900;1
18122902;1
18122904;0
18122906;0
18122908;0
18122910;0
18122912;0
18122914;1
18122916;1
18122918;0
18122920;0
18122938;0
18122980;0
18122982;0
18122984;1
18122998;0
18123002;0
18123004;1
18123068;0
18123082;0
18123104;0
18123108;1
18123110;0
18123114;0
18123116;1
18123120;0
18123122;0
18123124;1
18123132;0
18123134;0
18123136;0
18123138;1
18123140;0
18123142;0
18123148;0
18123150;0
18123152;0
18123154;1
18123156;0
18123158;0
18123160;0
18123162;0
18123164;1
18123166;0
18123170;0
18123172;0
18123174;0
18123176;0
18123182;0
18123184;0
18123186;0
18123188;0
18123190;0
18123192;0
18123194;0
18123196;1
18123198;1
18123202;0
18123204;0
18123206;0
18123208;0
18123210;0
18123220;1
18123224;1
18123226;0
18123228;0
18123230;0
18123252;0
18123254;1
18123256;0
18123264;0
18123270;0
18123272;1
18123274;0
18123276;1
18123278;0
18123282;0
18123284;0
18123286;0
18123288;0
18123290;1
18123292;0
18123294;1
18123298;1
18123300;1
18123302;1
18123306;0
18123390;0
18123396;0
18123408;1
18123410;0
18123430;0
18123432;1
18123434;1
18123436;0
18123438;0
18123440;0
18123442;0
18123444;0
18123446;1
18123448;1
18123450;0
18123458;0
18123472;0
18123474;0
18123476;1
18123478;1
18123492;0
18123494;0
18123498;0
18123500;1
18123502;1
18123504;0
18123506;1
18123508;1
18123510;1
18123516;1
18123520;0
18123524;0
18123526;0
18123528;0
18123532;0
18123534;0
18123572;1
18123574;1
18123576;0
18123578;1
18123580;0
18123582;0
18123584;0
18123586;1
18123588;0
18123590;0
18123592;1
18123594;1
18123596;0
18123598;0
18123600;0
18123602;0
18123606;0
18123608;0
18123610;0
18123612;0
18123614;0
18123616;0
18123618;0
18123622;0
18123624;1
18123626;0
18123628;0
18123630;1
18123632;1
18123634;0
18123636;0
18123638;1
18123640;0
18123642;1
18123644;0
18123646;0
18123650;1
18123652;0
18123654;0
18123656;0
18123658;0
18123660;0
18123662;0
18123664;0
18123666;1
18123668;0
18123670;1
18123672;0
18123674;0
18123676;1
18123678;1
18123680;0
18123712;0
18123738;0
18123742;0
18123784;0
18123790;0
18123792;0
18123794;0
18123796;0
18123798;0
18123800;1
18123802;0
18123804;0
18123806;1
18123808;0
18123810;0
18123812;0
18123814;0
18123816;0
18123818;1
18123820;0
18123822;1
18123826;0
18123832;1
18123852;0
18123858;0
18123862;0
18123898;0
18123926;0
18123928;1
18123930;0
18123946;0
18123948;0
18123952;0
18123958;1
18123960;1
18123962;1
18123964;0
18123966;0
18123968;0
18123972;1
18123974;1
18123976;0
18123978;0
18123980;0
18123982;0
18123984;0
18123986;1
18123988;0
18123990;0
18123992;0
18123994;0
18123996;0
18123998;0
18124000;0
18124002;0
18124004;1
18124006;0
18124008;0
18124010;0
18124012;0
18124014;1
18124016;1
18124018;1
18124020;1
18124022;1
18124024;1
18124026;0
18124028;0
18124030;0
18124032;0
18124034;0
18124036;1
18124038;0
18124040;0
18124042;0
18124044;0
18124046;0
18124048;1
18124050;0
18124052;0
18124054;0
18124056;1
18124058;0
18124060;1
18124062;0
18124064;0
18124066;0
18124068;0
18124070;0
18124072;1
18124074;0
18124076;1
18124078;0
18124080;1
18124082;1
18124084;0
18124086;0
18124090;1
18124092;0
18124094;1
18124096;0
18124098;0
18124100;0
18124102;0
18124104;0
18124106;0
18124108;1
18124110;0
18124112;1
18124128;0
18124130;0
18124132;0
18124134;1
18124140;0
18124144;0
18124160;0
18124166;0
18124168;1
18124170;0
18124172;1
18124174;0
18124176;0
18124178;1
18124182;0
18124184;1
18124190;0
18124192;0
18124194;0
18124196;0
18124198;1
18124200;0
18124202;1
18124204;0
18124206;0
18124208;0
18124210;1
18124214;0
18124216;0
18124218;0
18124220;0
18124222;0
18124224;0
18124226;1
18124228;0
18124230;0
18124232;0
18124234;0
18124244;0
18124252;0
18124254;1
18124256;1
18124258;0
18124260;0
18124262;0
18124266;1
18124268;0
18124270;1
18124272;1
18124274;1
18124276;0
18124278;0
18124280;1
18124282;0
18124284;0
18124286;0
18124288;0
18124326;1
18124346;1
18124352;0
18124354;1
18124358;1
18124360;0
18124364;0
18124382;1
18124434;0
18124442;1
18124444;0
18124460;1
18124462;1
18124464;0
18124468;0
18124470;0
18124472;0
18124474;0
18124476;1
18124478;0
18124480;0
18124482;0
18124484;0
18124486;1
18124492;0
18124494;0
18124496;1
18124498;0
18124500;0
18124502;0
18124504;0
18124506;0
18124510;0
18124512;0
18124514;1
18124516;0
18124518;0
18124520;1
18124522;1
18124526;1
18124528;0
18124530;0
18124532;1
18124534;0
18124536;0
18124538;1
18124540;0
18124544;1
18124546;1
18124548;0
18124552;1
18124554;0
18124556;1
18124558;1
18124560;0
18124562;1
18124564;0
18124566;0
18124568;1
18124570;1
18124574;0
18124576;1
18124578;1
18124580;0
18124582;1
18124584;1
18124586;0
18124588;0
18124594;1
18124596;1
18124598;1
18124600;0
18124604;0
18124608;0
18124610;0
18124612;1
18124620;0
18124622;1
18124626;0
18124630;0
18124632;0
18124634;1
18124636;0
18124638;0
18124640;1
18124642;0
18124644;0
18124648;0
18124650;0
18124654;0
18124656;0
18124658;0
18124662;0
18124664;1
18124666;1
18124668;0
18124672;1
18124674;1
18124676;0
18124678;0
18124680;0
18124682;0
18124686;0
18124688;1
18124722;0
18124724;1
18124726;0
18124728;0
18124732;0
18124734;0
18124736;1
18124738;0
18124740;0
18124742;0
18124744;0
18124746;0
18124748;1
18124764;0
18124766;0
18124780;1
18124784;1
18124786;1
18124788;0
18124790;1
18124812;0
18124814;0
18124816;0
18124822;0
18124824;0
18124828;0
18124830;0
18124838;0
18124840;0
18124842;0
18124844;0
18124846;0
18124848;1
18124850;1
18124852;0
18124854;1
18124856;0
18124858;0
18124860;1
18124862;0
18124864;0
18124866;1
18124868;0
18124870;1
18124872;1
18124874;1
18124876;0
18124890;0
18124942;1
18124974;1
18124976;1
18124978;1
18124998;0
18125000;0
18125006;0
18125008;1
18125010;0
18125012;1
18125014;0
18125016;0
18125018;0
18125022;0
18125024;0
18125026;1
18125030;0
18125034;0
18125036;0
18125038;0
18125040;1
18125042;0
18125044;0
18125046;1
18125050;1
18125054;0
18125056;0
18125058;0
18125062;1
18125064;0
18125066;0
18125068;0
18125072;1
18125074;1
18125076;1
18125078;1
18125080;1
18125084;0
18125086;0
18125088;0
18125090;0
18125092;0
18125094;0
18125096;0
18125098;1
18125100;0
18125102;1
18125104;1
18125106;0
18125108;1
18125110;1
18125112;0
18125116;0
18125118;1
18125120;0
18125122;0
18125124;1
18125126;0
18125132;1
18125134;0
18125136;1
18125140;0
18125144;0
18125166;1
18125170;1
18125174;0
18125274;0
18125276;1
18125278;1
18125280;0
18125282;0
18125284;0
18125290;0
18125292;0
18125294;0
18125296;0
18125298;0
18125300;0
18125302;0
18125304;1
18125306;0
18125308;0
18125312;1
18125314;0
18125316;1
18125322;0
18125332;0
18125342;0
18125344;1
18125346;1
18125348;1
18125350;1
18125352;0
18125354;1
18125356;1
18125358;1
18125360;1
18125368;0
18125370;0
18125380;0
18125382;0
18125384;0
18125386;0
18125388;0
18125390;0
18125392;0
18125394;1
18125396;1
18125398;0
18125400;0
18125402;0
18125404;0
18125408;1
18125410;0
18125412;1
18125414;1
18125416;0
18125420;1
18125422;0
18125424;1
18125426;0
18125428;1
18125430;1
18125434;0
18125436;1
18125440;0
18125442;1
18125444;0
18125446;0
18125452;1
18125454;1
18125458;0
18125460;0
18125462;0
18125464;0
18125482;1
18125486;1
18125488;0
18125490;0
18125492;0
18125494;1
18125496;0
18125498;0
18125500;0
18125502;0
18125504;1
18125506;1
18125508;1
18125516;0
18125518;1
18125524;0
18125526;1
18125528;1
18125530;1
18125534;0
18125540;1
18125542;1
18125554;1
18125558;0
18125560;1
18125564;0
18125566;0
18125568;0
18125570;0
18125574;1
18125576;0
18125578;0
18125580;1
18125582;1
18125586;0
18125588;0
18125592;1
18125594;1
18125596;0
18125598;0
18125600;0
18125602;0
18125604;1
18125606;0
18125612;0
18125614;1
18125616;0
18125618;0
18125620;0
18125622;0
18125624;1
18125626;0
18125628;1
18125630;1
18125632;0
18125634;1
18125636;0
18125638;1
18125640;0
18125642;0
18125644;1
18125646;1
18125648;0
18125652;1
18125654;0
18125658;0
18125662;1
18125666;0
18125668;0
18125672;0
18125676;1
18125680;0
18125682;0
18125686;1
18125690;0
18125694;0
18125696;0
18125698;1
18125702;0
18125704;0
18125708;0
18125712;0
18125714;0
18125718;0
18125720;0
18125724;1
18125726;1
18125728;0
18125730;0
18125732;1
18125734;1
18125738;1
18125740;1
18125742;0
18125744;0
18125746;0
18125748;1
18125752;0
18125756;0
18125758;0
18125760;0
18125762;0
18125766;0
18125772;0
18125774;0
18125776;1
18125782;0
18125784;0
18125792;1
18125794;0
18125796;1
18125798;0
18125800;1
18125802;1
18125804;0
18125806;1
18125808;0
18125810;0
18125818;1
18125832;0
18125834;0
18125836;1
18125838;0
18125842;0
18125846;0
18125848;0
18125850;0
18125854;1
18125856;1
18125862;0
18125866;0
18125868;0
18125870;0
18125872;0
18125874;1
18125876;0
18125878;0
18125880;0
18125882;0
18125884;0
18125886;0
18125888;1
18125890;0
18125904;0
18125912;0
18125916;1
18125924;0
18125928;1
18125930;1
18125932;1
18125938;0
18125940;0
18125942;1
18125944;1
18125946;0
18125948;1
18125950;1
18125952;0
18125962;0
18125964;0
18125966;0
18125968;1
18125972;1
18125998;0
18126000;0
18126002;0
18126004;0
18126006;0
18126008;0
18126010;1
18126022;0
18126028;1
18126030;1
18126032;1
18126034;1
18126036;1
18126038;0
18126042;0
18126044;1
18126078;0
18126082;0
18126084;1
18126114;1
18126116;0
18126118;0
18126120;0
18126126;1
18126128;0
18126130;1
18126132;0
18126138;0
18126140;0
18126142;0
18126144;0
18126146;0
18126148;1
18126150;0
18126158;1
18126160;0
18126162;0
18126164;0
18126168;0
18126174;0
18126182;0
18126186;0
18126188;0
18126190;0
18126192;1
18126194;1
18126196;0
18126198;0
18126200;1
18126202;1
18126212;0
18126214;1
18126216;0
18126218;0
18126220;1
18126222;0
18126224;0
18126226;0
18126228;0
18126230;0
18126232;1
18126234;1
18126236;0
18126238;0
18126240;0
18126242;0
18126244;1
18126248;0
18126282;1
18126284;0
18126292;0
18126304;0
18126308;0
18126356;0
18126362;0
18126364;1
18126366;0
18126368;0
18126370;1
18126454;0
18126456;1
18126458;0
18126462;1
18126464;0
18126466;0
18126476;0
18126480;1
18126486;0
18126488;1
18126490;0
18126500;0
18126502;0
18126504;1
18126506;1
18126508;1
18126510;0
18126516;1
18126520;1
18126526;0
18126528;1
18126530;0
18126532;1
18126534;0
18126540;0
18126542;1
18126544;0
18126546;1
18126548;1
18126550;0
18126554;0
18126556;1
18126558;1
18126560;0
18126564;0
18126566;0
18126568;0
18126570;0
18126574;1
18126582;0
18126584;0
18126586;0
18126588;0
18126590;0
18126592;1
18126594;1
18126596;0
18126598;0
18126602;1
18126604;1
18126606;1
18126608;0
18126610;0
18126612;1
18126616;0
18126618;0
18126620;0
18126622;1
18126624;0
18126626;0
18126628;1
18126630;0
18126634;1
18126636;0
18126638;0
18126640;0
18126642;0
18126644;1
18126646;0
18126648;0
18126650;0
18126678;0
18126684;1
18126686;0
18126688;1
18126690;1
18126694;1
18126698;1
18126700;0
18126712;1
18126714;0
18126716;1
18126718;0
18126720;1
18126722;0
18126728;0
18126734;0
18126740;0
18126744;0
18126882;1
18126922;1
18126924;0
18126926;1
18126928;0
18126930;0
18126932;0
18126948;0
18126950;0
18126974;0
18126976;1
18126978;1
18126980;0
18126982;1
18126986;0
18126988;0
18126990;0
18126992;0
18126998;1
18127010;1
18127012;1
18127014;0
18127016;1
18127018;0
18127020;0
18127022;0
18127024;0
18127026;0
18127028;1
18127030;0
18127032;0
18127034;1
18127038;0
18127040;1
18127042;0
18127044;1
18127046;1
18127052;0
18127054;0
18127056;1
18127058;0
18127060;0
18127062;0
18127064;1
18127066;1
18127068;1
18127072;0
18127076;1
18127078;0
18127080;1
18127082;0
18127084;0
18127086;0
18127088;0
18127090;1
18127094;0
18127096;0
18127098;0
18127100;1
18127102;0
18127106;1
18127108;1
18127112;1
18127144;0
18127146;0
18127184;0
18127186;0
18127192;0
18127194;1
18127196;1
18127198;1
18127200;0
18127202;0
18127204;1
18127206;1
18127208;0
18127210;0
18127216;1
18127232;1
18127234;1
18127236;0
18127238;0
18127240;0
18127242;0
18127246;0
18127248;0
18127250;0
18127252;0
18127254;0
18127256;0
18127258;1
18127262;1
18127264;1
18127268;0
18127274;1
18127278;0
18127280;1
18127282;0
18127284;1
18127286;1
18127288;0
18127290;0
18127294;0
18127296;0
18127298;0
18127300;1
18127302;0
18127304;1
18127306;0
18127308;1
18127310;1
18127312;0
18127314;0
18127316;0
18127318;0
18127320;1
18127322;0
18127324;0
18127328;0
18127330;1
18127332;0
18127336;0
18127338;0
18127340;1
18127342;0
18127344;0
18127346;0
18127348;0
18127350;1
18127352;0
18127356;0
18127358;0
18127360;0
18127362;0
18127364;1
18127366;0
18127368;1
18127370;1
18127372;0
18127374;0
18127376;0
18127378;0
18127380;0
18127382;0
18127384;0
18127388;0
18127390;0
18127392;1
18127394;0
18127402;0
18127404;1
18127406;0
18127408;1
18127410;0
18127498;0
18127500;1
18127510;0
18127518;0
18127520;0
18127522;1
18127524;1
18127528;0
18127530;1
18127534;0
18127536;0
18127540;0
18127542;0
18127544;0
18127546;1
18127548;0
18127554;0
18127556;1
18127558;0
18127560;0
18127562;1
18127564;0
18127566;1
18127568;0
18127570;0
18127572;0
18127574;0
18127576;0
18127578;1
18127580;0
18127584;0
18127586;1
18127588;0
18127590;0
18127592;1
18127594;0
18127596;1
18127598;1
18127600;1
18127602;0
18127604;1
18127608;0
18127610;0
18127612;0
18127616;0
18127618;0
18127620;0
18127622;0
18127624;0
18127628;0
18127630;0
18127632;1
18127634;0
18127636;1
18127638;0
18127654;1
18127658;1
18127660;0
18127684;0
18127686;0
18127688;0
18127692;1
18127696;0
18127698;1
18127700;0
18127702;1
18127704;1
18127706;0
18127708;0
18127710;0
18127718;0
18127720;0
18127722;0
18127724;1
18127726;0
18127728;0
18127730;0
18127732;0
18127734;0
18127736;0
18127738;0
18127740;0
18127742;0
18127744;1
18127746;0
18127748;0
18127750;0
18127752;0
18127772;0
18127774;0
18127776;0
18127778;1
18127780;0
18127784;0
18127824;0
18127828;1
18127830;1
18127838;0
18127840;0
18127852;1
18127854;0
18127858;0
18127860;0
18127868;0
18127880;0
18127882;1
18127884;1
18127886;0
18127888;0
18127890;0
18127892;0
18127894;1
18127896;0
18127898;0
18127900;1
18127904;0
18127908;1
18127910;1
18127912;0
18127914;1
18127916;0
18127918;0
18127920;1
18127922;0
18127924;0
18127926;0
18127928;0
18127930;0
18127932;0
18127934;0
18127936;0
18127938;0
18127940;0
18127942;0
18127944;0
18127946;1
18127948;0
18127950;0
18127952;0
18127954;1
18127956;0
18127958;1
18127960;1
18127962;0
18127964;0
18127968;0
18127970;0
18127972;1
18127974;0
18127976;1
18127978;0
18127980;0
18127982;1
18127984;0
18127992;0
18127994;1
18127996;0
18127998;0
18128000;0
18128002;0
18128004;0
18128006;1
18128008;0
18128010;0
18128012;0
18128014;1
18128016;1
18128020;1
18128022;1
18128024;1
18128026;0
18128028;1
18128032;0
18128034;1
18128038;0
18128052;0
18128054;1
18128056;1
18128150;0
18128170;0
18128174;0
18128178;0
18128180;0
18128182;0
18128184;0
18128186;0
18128188;0
18128190;0
18128192;0
18128194;0
18128196;1
18128198;1
18128232;0
18128234;1
18128236;1
18128258;0
18128260;0
18128262;1
18128264;0
18128276;1
18128278;0
18128282;1
18128284;0
18128286;1
18128290;0
18128292;0
18128298;0
18128302;1
18128306;0
18128308;1
18128310;1
18128312;0
18128314;0
18128316;0
18128318;1
18128320;0
18128322;1
18128324;1
18128326;1
18128328;0
18128334;0
18128336;1
18128338;1
18128342;1
18128344;0
18128346;1
18128348;0
18128350;0
18128352;0
18128354;1
18128358;1
18128360;0
18128362;1
18128364;0
18128366;0
18128368;0
18128370;1
18128372;0
18128374;0
18128376;1
18128380;0
18128382;0
18128384;0
18128386;0
18128388;0
18128390;1
18128392;0
18128394;1
18128396;1
18128398;0
18128400;0
18128402;0
18128404;0
18128406;1
18128408;1
18128410;1
18128412;1
18128414;1
18128418;1
18128420;0
18128422;0
18128424;1
18128426;0
18128428;0
18128430;0
18128432;0
18128436;0
18128438;0
18128440;0
18128442;0
18128446;0
18128448;1
18128450;0
18128452;0
18128454;0
18128456;0
18128458;0
18128460;1
18128462;0
18128468;0
18128470;1
18128472;0
18128476;0
18128478;0
18128480;0
18128482;1
18128484;1
18128486;0
18128488;0
18128490;0
18128492;0
18128494;0
18128498;0
18128500;1
18128502;0
18128504;0
18128508;1
18128514;0
18128516;0
18128518;0
18128520;0
18128524;0
18128526;1
18128528;0
18128530;1
18128536;1
18128538;0
18128552;0
18128558;0
18128584;0
18128586;0
18128588;0
18128590;0
18128650;0
18128652;1
18128654;1
18128656;0
18128658;0
18128660;1
18128662;0
18128664;1
18128668;1
18128672;0
18128674;0
18128676;0
18128678;0
18128680;1
18128682;1
18128684;0
18128686;1
18128688;0
18128692;0
18128694;0
18128696;0
18128698;0
18128700;1
18128702;0
18128704;1
18128732;0
18128734;1
18128744;0
18128746;0
18128748;1
18128750;0
18128754;0
18128762;0
18128764;0
18128766;1
18128768;0
18128770;1
18128772;0
18128774;1
18128776;1
18128778;0
18128780;0
18128792;1
18128794;0
18128796;0
18128798;0
18128800;0
18128802;0
18128804;1
18128806;0
18128808;0
18128814;0
18128816;0
18128818;1
18128820;0
18128822;1
18128826;0
18128828;0
18128834;0
18128836;0
18128838;0
18128840;0
18128842;1
18128844;0
18128846;0
18128848;1
18128850;0
18128852;1
18128854;1
18128858;0
18128860;0
18128862;0
18128866;1
18128868;0
18128870;1
18128872;0
18128874;0
18128876;0
18128884;1
18128886;1
18128906;1
18128908;1
18128910;0
18128920;0
18128944;0
18128946;1
18128948;1
18128950;0
18128964;1
18128980;0
18128994;1
18128996;1
18128998;1
18129000;0
18129010;0
18129012;0
18129014;0
18129016;0
18129034;0
18129036;1
18129040;0
18129042;0
18129044;1
18129046;0
18129048;0
18129050;1
18129052;1
18129054;1
18129056;0
18129058;1
18129060;0
18129066;0
18129070;1
18129072;0
18129076;0
18129078;1
18129080;1
18129086;0
18129088;0
18129092;0
18129104;0
18129110;0
18129112;1
18129114;0
18129124;0
18129126;1
18129132;1
18129134;1
18129136;0
18129138;0
18129140;0
18129142;0
18129144;0
18129146;0
18129148;0
18129150;0
18129152;1
18129154;0
18129158;0
18129160;0
18129162;0
18129164;0
18129166;0
18129168;1
18129170;1
18129172;0
18129174;1
18129176;1
18129180;0
18129182;1
18129184;1
18129186;0
18129188;0
18129190;0
18129192;1
18129194;0
18129196;0
18129202;1
18129204;0
18129206;0
18129208;1
18129210;0
18129212;1
18129216;0
18129218;0
18129228;0
18129234;1
18129236;1
18129238;0
18129240;0
18129244;1
18129248;0
18129290;1
18129324;0
18129326;1
18129328;1
18129330;0
18129336;1
18129340;1
18129344;0
18129348;1
18129350;1
18129354;1
18129356;0
18129360;0
18129364;0
18129366;1
18129368;0
18129370;1
18129372;0
18129374;1
18129378;0
18129380;0
18129382;0
18129384;1
18129386;0
18129388;0
18129390;0
18129392;1
18129394;0
18129396;0
18129398;1
18129400;1
18129402;0
18129404;1
18129406;0
18129408;1
18129410;0
18129412;0
18129416;0
18129418;0
18129420;1
18129422;1
18129424;0
18129426;0
18129428;1
18129430;0
18129434;1
18129436;0
18129438;0
18129440;1
18129442;1
18129444;1
18129446;0
18129448;0
18129450;0
18129452;1
18129454;0
18129456;1
18129458;0
18129460;0
18129462;1
18129464;1
18129466;0
18129468;0
18129470;0
18129472;0
18129474;0
18129476;0
18129478;1
18129480;1
18129486;0
18129488;0
18129490;0
18129492;0
18129494;0
18129496;0
18129498;1
18129502;0
18129504;0
18129506;0
18129510;0
18129512;0
18129514;0
18129516;0
18129518;1
18129520;0
18129526;1
18129530;0
18129534;1
18129536;1
18129538;1
18129544;1
18129546;0
18129548;0
18129574;0
18129576;0
18129584;0
18129586;1
18129588;0
18129590;0
18129592;0
18129596;0
18129606;0
18129612;0
18129632;0
18129642;1
18129644;0
18129646;1
18129648;0
18129650;0
18129694;1
18129696;0
18129698;1
18129704;1
18129708;0
18129712;0
18129714;0
18129716;0
18129718;0
18129720;0
18129722;0
18129724;0
18129726;1
18129738;1
18129740;1
18129744;1
18129746;0
18129748;0
18129756;1
18129762;0
18129764;0
18129786;1
18129788;0
18129798;1
18129800;1
18129804;0
18129806;0
18129808;0
18129810;0
18129812;1
18129814;0
18129828;0
18129830;0
18129846;0
18129850;1
18129854;0
18129856;1
18129858;0
18129862;0
18129912;1
18129914;0
18129916;1
18129918;0
18129920;1
18129922;1
18129924;1
18129928;1
18129932;1
18129934;1
18129936;0
18129968;1
18129980;1
18129982;0
18129984;0
18129986;0
18129988;0
18129992;0
18129994;1
18130002;1
18130004;1
18130006;1
18130038;0
18130040;0
18130042;0
18130044;0
18130046;1
18130048;1
18130052;0
18130056;0
18130058;0
18130060;0
18130064;0
18130066;0
18130068;1
18130070;0
18130072;0
18130074;0
18130078;0
18130080;1
18130082;0
18130084;1
18130086;0
18130088;0
18130090;0
18130092;0
18130094;0
18130096;1
18130102;0
18130104;1
18130108;1
18130110;0
18130112;1
18130114;0
18130130;1
18130168;0
18130170;0
18130172;1
18130176;0
18130178;0
18130180;0
18130182;1
18130184;1
18130186;1
18130188;0
18130190;1
18130192;0
18130196;0
18130198;1
18130200;0
18130204;0
18130206;0
18130232;0
18130234;0
18130236;0
18130238;1
18130240;1
18130242;1
18130244;0
18130246;0
18130248;0
18130252;0
18130254;0
18130256;0
18130258;0
18130260;0
18130262;0
18130264;1
18130266;0
18130268;0
18130270;1
18130272;1
18130274;1
18130276;0
18130278;1
18130280;0
18130282;0
18130284;1
18130286;0
18130288;1
18130290;1
18130292;0
18130294;0
18130296;0
18130304;1
18130306;1
18130308;0
18130316;1
18130318;0
18130320;0
18130322;0
18130326;0
18130328;1
18130330;0
18130332;0
18130334;0
18130336;0
18130338;1
18130340;0
18130342;0
18130344;1
18130346;1
18130348;1
18130350;0
18130352;1
18130354;1
18130356;0
18130358;1
18130360;1
18130362;0
18130364;0
18130366;0
18130368;1
18130370;0
18130372;0
18130374;0
18130376;0
18130378;0
18130380;0
18130382;0
18130384;0
18130386;0
18130388;0
18130392;1
18130400;0
18130402;0
18130404;0
18130406;1
18130408;0
18130410;0
18130412;0
18130414;0
18130416;0
18130418;0
18130422;1
18130424;0
18130426;0
18130428;0
18130430;0
18130432;1
18130434;0
18130436;0
18130438;0
18130440;1
18130442;0
18130444;1
18130450;0
18130472;1
18130476;1
18130482;0
18130498;0
18130500;1
18130502;0
18130504;1
18130506;0
18130508;1
18130510;0
18130546;0
18130548;1
18130550;0
18130552;0
18130556;0
18130560;0
18130562;0
18130564;0
18130566;0
18130568;0
18130570;1
18130572;0
18130576;0
18130580;1
18130582;0
18130584;1
18130586;0
18130588;1
18130590;0
18130592;0
18130594;0
18130596;0
18130598;1
18130600;1
18130606;1
18130608;0
18130610;1
18130612;0
18130614;1
18130616;0
18130618;0
18130620;1
18130622;0
18130624;0
18130626;1
18130628;1
18130630;0
18130632;0
18130634;1
18130636;0
18130640;0
18130642;0
18130644;0
18130648;1
18130650;0
18130652;0
18130654;0
18130656;0
18130658;1
18130660;0
18130662;1
18130664;1
18130668;1
18130670;0
18130672;0
18130676;0
18130678;0
18130680;1
18130682;0
18130684;0
18130686;0
18130688;0
18130690;0
18130692;1
18130694;0
18130698;0
18130700;0
18130702;0
18130706;0
18130708;0
18130710;1
18130712;0
18130716;1
18130720;0
18130722;1
18130724;1
18130726;0
18130728;0
18130730;1
18130732;0
18130734;0
18130736;1
18130738;0
18130740;0
18130742;0
18130744;0
18130746;0
18130748;0
18130750;1
18130754;1
18130756;1
18130760;0
18130774;1
18130778;0
18130780;0
18130782;0
18130798;0
18130800;0
18130802;0
18130804;0
18130814;1
18130824;0
18130826;0
18130830;0
18130836;0
18130838;1
18130840;0
18130842;0
18130844;0
18130846;0
18130848;1
18130850;1
18130852;0
18130854;0
18130856;0
18130858;0
18130860;0
18130862;0
18130864;0
18130866;1
18130868;1
18130870;0
18130874;1
18130876;0
18130878;1
18130880;0
18130882;1
18130884;0
18130886;0
18130888;0
18130890;0
18130894;1
18130896;0
18130902;0
18130904;1
18130906;0
18130908;0
18130910;1
18130912;0
18130914;1
18130916;1
18130932;0
18130934;0
18130936;0
18130938;1
18130940;1
18130942;0
18130944;0
18130946;0
18130948;0
18130950;0
18130996;1
18130998;0
18131000;1
18131002;0
18131006;1
18131008;0
18131010;1
18131020;0
18131026;1
18131028;0
18131030;0
18131032;1
18131034;0
18131036;0
18131040;0
18131042;0
18131044;0
18131046;1
18131048;1
18131050;0
18131052;0
18131054;1
18131056;1
18131058;1
18131060;0
18131062;0
18131064;0
18131066;0
18131068;0
18131070;1
18131072;1
18131074;0
18131076;0
18131078;1
18131082;1
18131084;1
18131086;0
18131088;0
18131090;0
18131094;0
18131096;0
18131098;1
18131100;0
18131104;0
18131106;0
18131108;1
18131110;1
18131112;1
18131114;0
18131116;1
18131118;1
18131120;0
18131122;0
18131132;0
18131134;1
18131136;0
18131138;1
18131140;1
18131142;0
18131164;0
18131168;0
18131170;1
18131172;0
18131176;0
18131178;0
18131186;0
18131188;0
18131224;0
18131226;1
18131228;0
18131260;1
18131262;0
18131264;0
18131266;1
18131268;1
18131270;1
18131324;0
18131334;1
18131336;1
18131338;0
18131340;0
18131358;0
18131428;1
18131430;1
18131432;1
18131434;0
18131436;1
18131438;1
18131440;1
18131442;1
18131444;0
18131446;0
18131450;1
18131452;0
18131454;0
18131456;0
18131458;1
18131460;0
18131468;0
18131470;0
18131480;1
18131482;1
18131484;0
18131486;0
18131488;1
18131490;0
18131492;0
18131494;0
18131498;0
18131514;0
18131516;0
18131518;0
18131520;0
18131522;0
18131524;0
18131526;0
18131528;0
18131532;1
18131534;1
18131536;1
18131538;0
18131540;0
18131542;1
18131544;1
18131546;1
18131548;0
18131550;1
18131552;0
18131560;0
18131562;0
18131566;0
18131568;1
18131570;1
18131572;0
18131574;1
18131578;0
18131580;0
18131584;1
18131588;0
18131590;0
18131592;1
18131594;0
18131596;0
18131600;0
18131602;0
18131604;0
18131610;0
18131612;0
18131614;0
18131616;0
18131618;0
18131620;0
18131622;1
18131624;0
18131626;1
18131628;1
18131630;1
18131632;1
18131634;0
18131636;1
18131638;0
18131640;0
18131642;1
18131644;0
18131646;0
18131648;0
18131650;0
18131652;1
18131654;0
18131656;0
18131658;0
18131660;1
18131662;1
18131664;0
18131666;1
18131668;0
18131670;0
18131672;0
18131674;0
18131676;1
18131678;0
18131680;0
18131682;1
18131684;0
18131686;0
18131688;1
18131690;0
18131692;0
18131694;0
18131696;1
18131698;1
18131700;1
18131702;0
18131704;0
18131706;1
18131708;0
18131710;1
18131712;0
18131714;1
18131716;0
18131718;0
18131720;1
18131722;1
18131724;0
18131726;0
18131728;1
18131730;0
18131732;0
18131734;0
18131736;1
18131738;0
18131740;0
18131742;0
18131744;0
18131746;0
18131750;0
18131752;0
18131756;0
18131758;0
18131766;1
18131768;1
18131770;1
18131772;0
18131792;1
18131794;1
18131796;0
18131798;0
18131804;1
18131806;0
18131808;0
18131816;0
18131832;1
18131834;1
18131838;0
18131840;0
18131842;1
18131844;0
18131846;1
18131848;0
18131852;0
18131854;0
18131858;1
18131860;0
18131862;1
18131864;0
18131868;1
18131870;1
18131872;0
18131874;1
18131878;0
18131880;1
18131882;0
18131884;0
18131886;1
18131888;0
18131890;1
18131904;0
18131906;0
18131912;0
18131914;0
18131928;0
18131942;0
18131978;1
18131984;0
18131986;0
18131988;1
18131992;1
18131994;0
18131996;1
18131998;0
18132000;0
18132002;0
18132004;0
18132006;0
18132008;1
18132010;0
18132014;0
18132016;0
18132018;0
18132020;0
18132022;0
18132024;0
18132026;0
18132028;0
18132030;0
18132032;0
18132036;0
18132038;0
18132040;0
18132044;0
18132050;0
18132052;1
18132054;0
18132056;1
18132058;1
18132060;0
18132062;1
18132064;1
18132066;1
18132068;0
18132070;0
18132072;0
18132074;0
18132076;0
18132078;0
18132080;1
18132082;0
18132084;0
18132086;1
18132088;1
18132100;0
18132102;0
18132114;0
18132116;0
18132120;0
18132132;0
18132134;0
18132136;0
18132138;1
18132142;0
18132144;1
18132146;0
18132148;1
18132150;0
18132152;0
18132154;1
18132156;0
18132158;0
18132160;0
18132164;0
18132176;1
18132178;0
18132180;0
18132208;0
18132212;1
18132214;0
18132216;0
18132218;0
18132220;0
18132222;1
18132224;0
18132226;1
18132228;0
18132232;1
18132234;0
18132236;0
18132238;0
18132240;0
18132244;0
18132246;1
18132248;0
18132250;0
18132252;0
18132254;0
18132256;0
18132258;0
18132260;0
18132262;0
18132264;0
18132266;0
18132268;0
18132270;1
18132272;0
18132274;0
18132276;1
18132278;1
18132280;0
18132286;0
18132290;1
18132294;0
18132296;0
18132318;0
18132320;1
18132322;1
18132324;0
18132326;1
18132328;0
18132330;0
18132332;1
18132336;0
18132432;0
18132434;0
18132436;1
18132438;1
18132440;1
18132442;0
18132444;0
18132532;0
18132538;0
18132540;1
18132542;0
18132544;0
18132556;0
18132558;1
18132560;0
18132562;0
18132568;1
18132576;1
18132578;1
18132580;0
18132582;0
18132584;0
18132586;1
18132592;0
18132594;0
18132596;0
18132598;0
18132600;1
18132602;1
18132604;1
18132606;0
18132608;0
18132610;0
18132612;0
18132614;1
18132616;1
18132618;0
18132620;0
18132642;1
18132644;0
18132674;1
18132676;0
18132678;1
18132680;0
18132682;1
18132684;1
18132686;0
18132688;0
18132690;1
18132728;0
18132742;0
18132756;1
18132758;1
18132760;0
18132762;1
18132764;1
18132804;1
18132806;0
18132808;0
18132810;0
18132816;0
18132818;1
18132822;0
18132824;1
18132826;1
18132864;0
18132866;0
18132868;0
18132872;0
18132888;0
18132892;0
18132894;0
18132896;1
18132904;0
18132908;0
18132922;0
18132924;1
18132926;0
18132928;0
18132930;1
18132932;0
18132934;1
18132936;1
18132940;0
18132942;0
18132946;0
18132948;0
18132950;0
18132952;0
18132962;1
18132964;0
18132966;0
18132968;0
18132976;0
18132980;0
18132982;0
18132984;1
18132988;1
18132990;0
18132992;0
18132994;1
18132996;0
18132998;1
18133000;1
18133058;0
18133060;1
18133062;0
18133064;0
18133074;1
18133076;0
18133078;0
18133080;0
18133088;1
18133090;0
18133092;1
18133094;1
18133096;1
18133098;1
18133100;0
18133104;0
18133106;0
18133108;1
18133112;0
18133114;0
18133116;0
18133118;1
18133120;0
18133122;0
18133124;0
18133126;0
18133128;0
18133130;0
18133132;1
18133134;0
18133136;0
18133138;0
18133140;0
18133142;0
18133146;1
18133148;1
18133150;0
18133152;0
18133160;0
18133162;0
18133164;0
18133170;0
18133176;0
18133178;1
18133180;1
18133184;0
18133192;0
18133194;1
18133196;0
18133198;0
18133212;0
18133214;1
18133216;0
18133232;0
18133234;0
18133236;0
18133238;1
18133240;0
18133242;0
18133244;0
18133246;0
18133248;0
18133250;0
18133252;1
18133254;0
18133256;0
18133258;1
18133260;0
18133262;0
18133264;0
18133266;1
18133268;0
18133270;0
18133272;1
18133274;0
18133280;1
18133282;0
18133284;0
18133286;0
18133290;0
18133300;0
18133302;0
18133304;1
18133308;0
18133310;0
18133324;0
18133326;0
18133332;1
18133334;0
18133336;0
18133338;0
18133354;1
18133356;0
18133358;0
18133430;0
18133442;0
18133448;1
18133450;0
18133460;0
18133494;0
18133496;0
18133498;1
18133500;0
18133502;0
18133504;1
18133522;0
18133566;0
18133588;0
18133590;0
18133592;0
18133594;0
18133596;0
18133598;1
18133600;1
18133602;0
18133604;0
18133606;0
18133608;1
18133610;0
18133612;1
18133614;1
18133616;1
18133618;0
18133620;0
18133624;1
18133626;0
18133630;1
18133632;1
18133634;0
18133636;0
18133638;0
18133640;0
18133642;0
18133644;1
18133646;0
18133658;0
18133660;0
18133668;1
18133670;0
18133682;1
18133684;0
18133714;0
18133716;0
18133730;1
18133732;1
18133734;0
18133736;0
18133738;0
18133740;1
18133742;0
18133752;1
18133754;0
18133756;1
18133796;0
18133798;0
18133800;0
18133802;0
18133820;0
18133822;1
18133824;1
18133826;0
18133828;1
18133836;1
18133838;0
18133840;0
18133842;0
18133844;0
18133846;0
18133848;0
18133850;0
18133852;1
18133854;1
18133856;0
18133858;0
18133860;0
18133864;1
18133866;1
18133868;0
18133870;0
18133872;1
18133874;1
18133888;0
18133890;0
18133900;1
18133902;0
18133904;0
18133908;0
18133910;0
18133938;1
18133940;0
18133942;0
18133944;0
18133946;0
18133948;1
18133950;1
18133966;1
18133968;0
18133970;1
18133974;1
18133976;1
18133980;0
18133982;1
18133984;0
18133986;1
18133988;0
18133990;1
18133992;0
18133994;1
18133996;1
18133998;1
18134000;1
18134002;0
18134004;0
18134006;1
18134008;0
18134010;0
18134012;1
18134014;1
18134016;0
18134018;0
18134020;1
18134026;0
18134028;0
18134030;0
18134032;0
18134034;1
18134036;1
18134040;0
18134042;0
18134044;0
18134046;0
18134048;0
18134050;1
18134052;0
18134054;0
18134056;0
18134058;0
18134060;0
18134062;0
18134064;1
18134066;1
18134068;0
18134070;1
18134072;0
18134074;1
18134076;0
18134078;1
18134080;0
18134082;0
18134084;0
18134086;1
18134088;0
18134090;0
18134092;0
18134094;0
18134096;0
18134098;0
18134100;0
18134102;0
18134104;1
18134106;0
18134108;0
18134110;0
18134112;0
18134114;0
18134116;0
18134118;0
18134120;0
18134122;0
18134124;0
18134128;0
18134130;1
18134134;1
18134136;0
18134138;0
18134152;0
18134156;0
18134158;1
18134160;0
18134162;0
18134164;1
18134166;1
18134172;1
18134174;1
18134198;1
18134200;0
18134202;0
18134220;1
18134222;0
18134224;0
18134226;1
18134228;0
18134230;1
18134234;1
18134236;0
18134238;1
18134242;0
18134244;1
18134246;0
18134248;0
18134250;1
18134260;0
18134262;0
18134264;1
18134266;0
18134268;0
18134270;1
18134272;0
18134274;0
18134276;0
18134278;0
18134280;1
18134282;0
18134284;0
18134286;0
18134292;0
18134296;0
18134310;0
18134312;0
18134314;0
18134316;0
18134318;0
18134320;0
18134322;0
18134324;0
18134326;1
18134338;0
18134352;0
18134354;0
18134364;0
18134366;0
18134368;1
18134370;1
18134372;1
18134374;0
18134376;0
18134378;1
18134380;0
18134382;0
18134384;0
18134386;1
18134388;1
18134390;0
18134392;0
18134394;1
18134396;1
18134398;1
18134400;0
18134402;0
18134404;1
18134406;1
18134408;0
18134410;1
18134412;0
18134414;0
18134416;1
18134418;1
18134422;1
18134424;0
18134426;0
18134428;0
18134430;0
18134432;0
18134434;0
18134436;1
18134438;0
18134442;1
18134444;1
18134446;1
18134452;0
18134456;0
18134504;1
18134520;1
18134562;1
18134564;1
18134568;0
18134598;1
18134600;0
18134602;1
18134604;1
18134608;0
18134610;1
18134612;0
18134614;0
18134616;0
18134618;1
18134620;0
18134622;0
18134624;0
18134626;0
18134628;1
18134630;1
18134632;0
18134642;0
18134644;0
18134646;0
18134648;0
18134650;0
18134652;1
18134706;0
18134708;0
18134710;0
18134712;1
18134714;0
18134716;1
18134720;0
18134722;0
18134724;1
18134726;1
18134728;0
18134730;0
18134732;0
18134734;0
18134736;1
18134738;1
18134740;0
18134742;0
18134756;0
18134758;1
18134760;0
18134762;1
18134764;1
18134766;0
18134768;0
18134776;0
18134780;0
18134782;0
18134786;1
18134788;0
18134790;0
18134792;0
18134794;1
18134796;1
18134798;0
18134800;0
18134802;0
18134804;1
18134806;0
18134808;0
18134812;0
18134814;0
18134816;1
18134818;0
18134820;0
18134822;0
18134858;1
18134860;0
18134864;0
18134866;0
18134868;0
18134872;1
18134874;1
18134888;1
18134890;0
18134894;0
18134896;1
18134898;0
18134900;0
18134904;0
18134906;0
18134912;0
18134914;0
18134924;0
18134928;0
18134952;1
18134956;1
18134958;0
18134960;1
18134962;0
18134964;0
18134966;1
18134968;1
18134970;1
18134972;0
18134974;1
18134976;0
18134978;0
18134982;1
18134990;1
18135002;0
18135004;0
18135006;1
18135008;0
18135010;0
18135016;1
18135026;0
18135028;0
18135030;0
18135032;0
18135034;0
18135036;1
18135038;0
18135040;1
18135046;0
18135048;0
18135050;1
18135052;1
18135072;1
18135078;0
18135080;0
18135082;0
18135084;0
18135086;1
18135260;0
18135262;0
18135264;1
18135266;1
18135268;0
18135270;0
18135280;0
18135282;1
18135284;0
18135286;0
18135288;1
18135290;0
18135292;1
18135298;1
18135302;0
18135304;0
18135332;0
18135334;1
18135336;0
18135338;0
18135352;1
18135354;1
18135356;0
18135358;0
18135360;0
18135362;1
18135364;0
18135366;0
18135370;0
18135372;0
18135374;0
18135378;0
18135380;1
18135382;0
18135384;1
18135386;0
18135388;0
18135392;0
18135394;1
18135396;0
18135398;0
18135400;0
18135402;1
18135404;0
18135406;0
18135408;0
18135430;0
18135436;0
18135438;1
18135442;0
18135444;1
18135452;1
18135454;0
18135456;0
18135458;1
18135460;0
18135462;0
18135464;0
18135466;1
18135468;0
18135470;0
18135472;1
18135474;1
18135476;0
18135478;0
18135480;1
18135482;0
18135492;1
18135496;1
18135498;1
18135500;0
18135502;0
18135504;0
18135506;1
18135508;0
18135510;0
18135512;0
18135516;1
18135518;0
18135520;0
18135522;1
18135524;1
18135526;1
18135528;0
18135532;1
18135534;1
18135536;0
18135538;0
18135540;0
18135542;0
18135544;1
18135546;0
18135548;0
18135550;1
18135552;1
18135554;1
18135556;0
18135558;1
18135560;0
18135562;1
18135564;0
18135566;1
18135568;1
18135570;1
18135572;1
18135574;0
18135578;0
18135580;0
18135582;0
18135584;1
18135586;0
18135588;0
18135590;0
18135594;0
18135596;1
18135598;0
18135600;1
18135602;0
18135604;1
18135606;1
18135608;0
18135610;0
18135612;0
18135614;0
18135616;0
18135618;1
18135620;1
18135622;0
18135624;0
18135626;1
18135628;1
18135630;0
18135632;0
18135634;0
18135636;0
18135638;0
18135640;0
18135642;0
18135644;0
18135646;1
18135648;1
18135650;0
18135652;0
18135654;0
18135656;0
18135658;0
18135660;0
18135662;1
18135664;1
18135666;1
18135668;0
18135670;0
18135672;1
18135674;0
18135676;1
18135678;0
18135680;0
18135682;0
18135684;0
18135686;1
18135688;1
18135690;1
18135692;0
18135694;0
18135696;0
18135698;0
18135702;1
18135704;1
18135706;0
18135710;0
18135712;0
18135714;1
18135716;0
18135718;0
18135720;0
18135722;0
18135724;1
18135726;1
18135730;1
18135758;0
18135760;1
18135762;0
18135764;0
18135772;1
18135832;1
18135834;1
18135836;0
18135838;0
18135840;0
18135842;0
18135844;1
18135846;0
18135848;1
18135850;1
18135852;0
18135854;1
18135860;1
18135870;0
18135888;1
18135890;0
18135928;0
18135930;0
18135944;1
18135946;1
18135948;1
18135950;0
18135952;0
18135954;0
18135956;0
18136040;0
18136042;1
18136046;0
18136048;1
18136052;0
18136054;0
18136056;1
18136058;0
18136060;0
18136062;0
18136072;0
18136074;0
18136076;1
18136078;0
18136080;1
18136082;1
18136084;0
18136086;1
18136088;0
18136090;0
18136094;0
18136096;0
18136098;0
18136100;0
18136102;0
18136104;0
18136106;1
18136108;1
18136110;0
18136112;0
18136116;1
18136118;1
18136120;1
18136122;0
18136124;1
18136126;0
18136128;1
18136134;1
18136136;1
18136138;1
18136140;0
18136142;1
18136144;0
18136148;1
18136152;0
18136156;1
18136158;0
18136160;0
18136164;1
18136166;0
18136168;0
18136170;1
18136172;1
18136174;0
18136176;0
18136178;0
18136182;1
18136184;0
18136186;0
18136188;0
18136190;0
18136192;0
18136194;0
18136196;1
18136200;1
18136202;0
18136204;0
18136208;0
18136210;1
18136214;1
18136216;0
18136220;0
18136222;1
18136224;1
18136226;0
18136228;0
18136230;0
18136232;0
18136234;1
18136236;0
18136238;0
18136240;1
18136242;1
18136244;0
18136246;0
18136248;1
18136250;1
18136252;0
18136254;0
18136256;1
18136258;1
18136260;0
18136264;1
18136266;1
18136268;0
18136270;1
18136310;1
18136330;0
18136352;0
18136354;0
18136356;0
18136358;0
18136360;1
18136364;1
18136366;0
18136368;0
18136370;1
18136372;1
18136374;0
18136376;1
18136378;1
18136380;1
18136382;0
18136384;1
18136386;1
18136388;1
18136390;0
18136410;0
18136412;0
18136414;1
18136416;0
18136418;0
18136420;0
18136422;1
18136424;1
18136426;0
18136430;0
18136432;1
18136434;0
18136436;0
18136448;1
18136456;0
18136458;0
18136460;0
18136484;1
18136486;1
18136488;0
18136490;1
18136492;0
18136494;0
18136496;0
18136498;0
18136500;0
18136502;0
18136504;1
18136512;1
18136514;0
18136516;0
18136518;0
18136520;1
18136522;0
18136544;0
18136546;0
18136548;0
18136550;0
18136552;1
18136558;0
18136560;0
18136562;0
18136564;0
18136580;1
18136582;0
18136584;0
18136586;0
18136588;0
18136590;0
18136602;0
18136620;0
18136622;0
18136624;1
18136626;0
18136628;0
18136630;1
18136632;0
18136634;0
18136636;0
18136638;1
18136640;0
18136642;1
18136644;0
18136646;1
18136648;0
18136650;1
18136652;0
18136654;0
18136656;0
18136658;1
18136660;0
18136662;0
18136664;0
18136666;1
18136668;0
18136670;0
18136674;1
18136678;1
18136682;1
18136688;0
18136708;0
18136710;0
18136712;0
18136714;0
18136716;0
18136718;0
18136722;0
18136724;0
18136726;0
18136782;1
18136784;1
18136800;1
18136826;0
18136828;1
18136838;0
18136844;0
18136848;1
18136850;1
18136854;1
18136858;1
18136862;0
18136866;0
18136868;1
18136872;0
18136874;0
18136876;0
18136878;0
18136880;0
18136882;1
18136884;1
18136886;1
18136888;1
18136890;1
18136892;0
18136894;1
18136896;0
18136898;0
18136900;1
18136904;1
18136908;0
18136910;1
18136912;1
18136914;0
18136916;0
18136920;0
18136930;0
18136962;0
18136964;0
18136966;0
18136968;0
18136970;0
18136994;1
18136996;0
18136998;0
18137000;0
18137004;1
18137006;0
18137012;0
18137014;0
18137016;0
18137018;1
18137020;1
18137022;0
18137024;0
18137026;1
18137028;0
18137030;0
18137050;0
18137052;0
18137054;1
18137072;0
18137074;0
18137076;0
18137078;0
18137082;1
18137084;0
18137086;0
18137088;1
18137090;0
18137116;0
18137118;1
18137126;0
18137128;0
18137130;0
18137134;1
18137136;0
18137152;1
18137162;0
18137164;0
18137166;1
18137168;1
18137170;0
18137172;1
18137182;0
18137184;0
18137188;1
18137190;0
18137192;0
18137194;0
18137196;0
18137198;0
18137200;0
18137202;1
18137204;0
18137206;1
18137208;0
18137210;0
18137212;0
18137214;1
18137216;1
18137218;0
18137220;0
18137222;0
18137224;0
18137226;0
18137230;0
18137232;0
18137234;1
18137236;0
18137238;0
18137240;1
18137242;0
18137244;0
18137246;0
18137248;0
18137250;1
18137252;0
18137320;0
18137322;0
18137324;0
18137326;0
18137328;1
18137330;0
18137338;1
18137346;0
18137348;0
18137350;0
18137352;1
18137354;0
18137356;1
18137358;1
18137360;0
18137362;0
18137364;0
18137386;0
18137388;1
18137390;0
18137392;1
18137394;0
18137412;0
18137414;0
18137416;0
18137418;1
18137420;1
18137478;1
18137480;0
18137482;0
18137484;0
18137486;0
18137490;1
18137494;0
18137496;0
18137498;0
18137500;0
18137502;1
18137504;0
18137506;0
18137508;1
18137510;0
18137512;0
18137532;1
18137544;0
18137556;1
18137570;0
18137594;0
18137596;1
18137598;0
18137600;1
18137602;0
18137604;1
18137606;0
18137608;0
18137620;0
18137624;0
18137626;0
18137628;0
18137630;0
18137632;1
18137634;1
18137636;0
18137638;0
18137640;0
18137642;1
18137644;0
18137646;1
18137648;0
18137650;1
18137652;0
18137654;0
18137656;1
18137658;0
18137660;0
18137662;0
18137664;1
18137666;0
18137668;0
18137670;0
18137672;0
18137692;0
18137720;1
18137722;0
18137724;1
18137726;0
18137728;1
18137730;1
18137732;0
18137736;0
18137738;0
18137740;1
18137742;0
18137744;0
18137746;1
18137748;0
18137754;1
18137758;0
18137774;0
18137776;0
18137796;0
18137800;1
18137804;0
18137806;0
18137808;1
18137810;0
18137836;0
18137852;0
18137856;0
18137858;0
18137860;0
18137862;0
18137864;0
18137866;0
18137868;0
18137870;1
18137872;0
18137878;1
18137880;1
18137882;1
18137918;0
18137920;1
18137964;0
18137966;1
18137968;1
18137970;1
18137998;0
18138000;1
18138002;0
18138004;0
18138006;1
18138008;0
18138010;1
18138012;0
18138014;0
18138016;0
18138018;0
18138020;0
18138022;0
18138024;0
18138028;0
18138030;0
18138032;0
18138036;0
18138038;1
18138052;0
18138054;0
18138056;0
18138058;0
18138060;1
18138062;0
18138064;0
18138068;1
18138072;1
18138074;0
18138080;0
18138082;1
18138084;0
18138088;0
18138090;0
18138118;1
18138120;0
18138122;0
18138124;0
18138126;1
18138128;1
18138134;0
18138136;1
18138138;0
18138140;0
18138142;1
18138144;0
18138146;0
18138148;0
18138150;0
18138152;1
18138154;1
18138156;0
18138158;1
18138160;0
18138162;0
18138164;0
18138168;0
18138170;1
18138172;1
18138268;1
18138310;0
18138312;1
18138314;0
18138316;0
18138318;0
18138320;0
18138322;0
18138360;1
18138364;0
18138366;1
18138368;0
18138386;0
18138388;1
18138390;0
18138392;1
18138398;0
18138400;1
18138402;0
18138406;0
18138408;1
18138410;0
18138412;1
18138428;0
18138430;0
18138432;0
18138434;0
18138436;1
18138442;1
18138444;1
18138446;1
18138448;0
18138450;0
18138452;1
18138454;0
18138456;0
18138458;0
18138460;0
18138462;0
18138498;0
18138500;0
18138502;0
18138504;1
18138506;1
18138508;1
18138510;0
18138512;0
18138514;1
18138516;0
18138518;0
18138546;0
18138550;0
18138552;1
18138554;0
18138556;0
18138560;0
18138562;0
18138564;1
18138566;1
18138568;1
18138570;1
18138592;0
18138594;0
18138596;0
18138598;0
18138600;0
18138604;0
18138606;1
18138608;1
18138610;1
18138616;0
18138620;0
18138624;1
18138628;0
18138630;0
18138632;0
18138634;0
18138636;1
18138638;0
18138640;1
18138642;1
18138644;0
18138646;0
18138648;0
18138650;0
18138652;0
18138654;0
18138656;0
18138658;0
18138660;0
18138662;1
18138664;0
18138666;1
18138668;0
18138670;0
18138672;1
18138674;1
18138676;0
18138678;0
18138680;0
18138682;0
18138684;0
18138686;0
18138688;0
18138710;0
18138720;0
18138722;0
18138724;0
18138728;0
18138734;0
18138740;0
18138742;1
18138748;0
18138768;0
18138770;1
18138772;0
18138774;0
18138778;0
18138784;0
18138786;0
18138788;1
18138790;0
18138792;1
18138812;0
18138814;1
18138816;0
18138820;1
18138822;1
18138836;1
18138846;0
18138848;0
18138850;0
18138856;1
18138858;0
18138860;0
18138862;0
18138864;0
18138866;0
18138868;0
18138870;1
18138872;1
18138876;0
18138878;0
18138880;1
18138882;1
18138884;0
18138888;0
18138890;0
18138892;0
18138894;0
18138896;0
18138898;0
18138912;0
18138932;0
18138942;0
18138946;0
18138950;0
18138976;0
18138978;0
18138980;1
18138982;1
18138984;0
18138986;0
18138988;0
18138990;0
18138992;0
18138994;0
18138996;0
18138998;0
18139000;0
18139002;0
18139004;0
18139006;0
18139008;0
18139012;0
18139014;1
18139016;0
18139018;1
18139020;0
18139022;0
18139024;1
18139026;0
18139028;0
18139030;0
18139032;0
18139034;1
18139036;0
18139038;0
18139042;0
18139044;1
18139046;0
18139048;0
18139050;1
18139052;1
18139054;1
18139056;1
18139058;1
18139060;0
18139062;1
18139064;0
18139066;0
18139068;0
18139070;1
18139072;0
18139074;0
18139076;1
18139080;0
18139082;0
18139084;1
18139086;1
18139088;0
18139090;0
18139092;0
18139094;0
18139096;0
18139098;1
18139100;0
18139102;0
18139104;0
18139106;1
18139108;0
18139110;1
18139112;0
18139114;0
18139116;0
18139118;0
18139120;0
18139122;0
18139124;0
18139126;1
18139128;1
18139130;1
18139132;0
18139134;0
18139136;1
18139138;1
18139140;0
18139142;0
18139144;1
18139146;1
18139150;1
18139160;1
18139162;0
18139164;1
18139166;1
18139168;0
18139170;1
18139172;1
18139174;1
18139176;1
18139178;0
18139180;1
18139186;0
18139192;1
18139194;1
18139196;0
18139198;0
18139200;0
18139202;1
18139204;0
18139206;0
18139208;0
18139210;0
18139212;0
18139214;0
18139220;1
18139222;0
18139224;1
18139226;0
18139234;0
18139236;0
18139238;0
18139240;0
18139270;1
18139352;0
18139354;1
18139356;0
18139358;1
18139360;0
18139374;1
18139376;0
18139384;1
18139388;1
18139390;0
18139396;0
18139398;1
18139400;1
18139404;1
18139430;1
18139432;0
18139434;0
18139436;0
18139438;0
18139440;0
18139442;0
18139444;1
18139448;1
18139450;0
18139452;0
18139454;0
18139456;1
18139466;1
18139468;0
18139470;0
18139478;1
18139480;0
18139482;0
18139492;0
18139494;1
18139496;0
18139498;0
18139500;1
18139502;0
18139506;0
18139508;0
18139510;0
18139512;1
18139514;0
18139516;0
18139518;0
18139520;0
18139522;0
18139524;0
18139526;0
18139528;1
18139530;0
18139532;1
18139534;1
18139536;0
18139538;0
18139540;0
18139542;1
18139544;0
18139546;0
18139548;0
18139550;0
18139552;1
18139554;0
18139556;1
18139558;1
18139572;0
18139574;1
18139594;0
18139598;0
18139692;0
18139704;0
18139706;0
18139708;0
18139710;0
18139712;0
18139714;0
18139716;1
18139718;1
18139722;1
18139724;1
18139728;1
18139730;0
18139732;1
18139734;1
18139770;1
18139808;0
18139834;0
18139836;0
18139838;0
18139840;0
18139842;0
18139844;1
18139846;0
18139848;1
18139850;0
18139852;1
18139854;0
18139966;0
18139992;1
18139994;0
18139996;0
18140006;0
18140008;0
18140012;1
18140018;0
18140026;0
18140028;0
18140040;0
18140042;1
18140044;0
18140062;0
18140078;1
18140080;0
18140082;0
18140084;1
18140086;0
18140088;0
18140090;0
18140092;0
18140094;0
18140096;0
18140098;0
18140100;0
18140102;1
18140104;0
18140106;0
18140130;0
18140428;0
18140430;0
18140438;0
18140440;1
18140500;1
18140502;1
18140504;0
18140506;1
18140508;1
18140518;0
18140520;1
18140524;0
18140526;0
18140528;0
18140530;0
18140532;1
18140534;0
18140536;0
18140538;0
18140540;0
18140544;0
18140546;1
18140548;0
18140550;0
18140592;1
18140594;0
18140596;0
18140598;0
18140600;1
18140602;1
18140604;1
18140606;0
18140608;0
18140612;0
18140614;0
18140616;0
18140636;1
18140640;1
18140648;0
18140650;0
18140652;0
18140658;0
18140660;0
18140662;0
18140664;0
18140666;1
18140668;0
18140712;1
18140714;1
18140716;1
18140718;1
18140720;1
18140722;0
18140724;0
18140726;0
18140728;0
18140730;0
18140732;0
18140734;1
18140736;0
18140738;0
18140740;1
18140742;1
18140744;0
18140746;1
18140786;1
18140788;1
18140790;0
18140792;0
18140794;0
18140796;0
18140798;0
18140854;0
18140856;0
18140858;1
18140860;1
18140866;0
18140868;0
18140870;0
18140872;1
18140874;0
18140886;0
18140888;0
18140890;1
18140892;0
18140894;0
18140896;0
18140898;0
18140900;1
18140902;1
18140904;0
18140906;0
18140908;1
18140910;0
18140912;0
18140914;0
18140916;1
18140918;0
18140920;0
18140932;1
18140938;0
18140942;1
18140946;1
18140948;0
18140972;1
18140974;0
18140976;0
18140978;0
18140980;0
18140986;0
18140988;1
18140990;1
18140994;0
18141004;0
18141006;0
18141012;0
18141014;1
18141026;0
18141028;1
18141030;0
18141042;1
18141044;1
18141046;0
18141048;0
18141050;0
18141052;1
18141054;1
18141056;0
18141058;0
18141060;0
18141062;1
18141066;1
18141068;0
18141070;1
18141072;1
18141074;0
18141076;0
18141078;0
18141080;0
18141082;0
18141084;1
18141086;1
18141088;0
18141090;1
18141092;1
18141094;1
18141096;1
18141098;1
18141100;0
18141102;1
18141104;0
18141106;0
18141108;0
18141110;1
18141112;0
18141114;0
18141116;1
18141118;1
18141120;0
18141122;1
18141124;0
18141126;1
18141128;1
18141130;0
18141132;0
18141152;1
18141154;0
18141156;0
18141158;1
18141160;0
18141162;0
18141164;1
18141166;0
18141168;0
18141172;0
18141176;1
18141188;0
18141190;1
18141194;0
18141196;1
18141198;0
18141200;0
18141202;0
18141204;1
18141206;1
18141208;1
18141210;0
18141212;1
18141214;1
18141216;1
18141218;1
18141220;0
18141222;1
18141224;0
18141226;0
18141228;0
18141230;1
18141232;0
18141234;0
18141236;0
18141238;0
18141240;1
18141242;1
18141244;0
18141246;0
18141248;1
18141250;1
18141252;0
18141264;0
18141266;1
18141268;1
18141270;1
18141280;1
18141288;0
18141292;0
18141294;0
18141296;0
18141298;0
18141300;1
18141302;0
18141304;0
18141306;0
18141308;0
18141310;0
18141312;0
18141314;1
18141316;1
18141318;0
18141320;1
18141334;0
18141336;0
18141338;0
18141340;0
18141342;0
18141344;0
18141346;1
18141348;0
18141350;1
18141352;1
18141354;1
18141356;0
18141358;0
18141360;0
18141362;0
18141364;1
18141370;0
18141376;1
18141380;0
18141392;0
18141422;0
18141424;1
18141438;0
18141440;0
18141442;1
18141444;0
18141454;0
18141456;1
18141458;0
18141460;1
18141486;0
18141488;0
18141492;0
18141494;0
18141496;0
18141498;1
18141500;0
18141502;0
18141504;0
18141506;0
18141508;0
18141514;0
18141516;0
18141518;1
18141520;0
18141530;0
18141536;1
18141538;1
18141540;0
18141542;1
18141544;1
18141548;1
18141550;0
18141586;0
18141588;1
18141590;0
18141592;0
18141594;0
18141596;0
18141598;1
18141600;0
18141602;1
18141610;1
18141618;0
18141620;1
18141622;0
18141624;1
18141626;1
18141806;1
18141808;0
18141810;1
18141826;0
18141828;1
18141830;0
18141832;0
18141834;0
18141836;0
18141838;0
18141840;1
18141842;0
18141844;1
18141846;0
18141848;0
18141850;1
18141852;1
18141854;0
18141856;0
18141858;0
18141860;0
18141862;0
18141864;0
18141866;1
18141868;1
18141872;0
18141874;1
18141876;0
18141878;0
18141880;0
18141882;0
18141884;1
18141886;0
18141888;1
18141890;0
18141892;0
18141894;0
18141896;0
18141898;1
18141900;1
18141902;1
18141904;0
18141912;1
18141914;1
18141916;1
18141918;0
18141920;0
18141922;0
18141924;0
18141960;0
18141962;0
18141964;0
18141966;0
18141968;0
18141972;1
18141990;0
18141992;0
18141994;1
18141996;0
18141998;0
18142000;0
18142002;1
18142004;1
18142006;1
18142016;0
18142018;1
18142020;1
18142022;0
18142024;1
18142026;0
18142028;0
18142030;0
18142044;1
18142046;1
18142052;1
18142054;0
18142066;0
18142070;0
18142114;1
18142116;1
18142118;1
18142120;0
18142130;1
18142140;0
18142142;1
18142144;0
18142146;0
18142148;0
18142150;0
18142152;0
18142154;0
18142156;0
18142158;1
18142160;1
18142162;0
18142164;1
18142166;0
18142168;0
18142170;1
18142172;1
18142174;1
18142176;1
18142178;0
18142180;1
18142184;0
18142186;1
18142188;0
18142190;1
18142192;0
18142194;0
18142196;0
18142198;1
18142200;0
18142202;1
18142206;0
18142208;0
18142210;0
18142212;0
18142214;1
18142216;1
18142218;1
18142220;1
18142222;0
18142228;0
18142230;1
18142232;0
18142234;0
18142236;0
18142238;1
18142240;0
18142242;0
18142252;0
18142254;0
18142256;0
18142258;1
18142260;1
18142262;0
18142264;0
18142268;0
18142270;0
18142276;0
18142278;0
18142280;0
18142282;1
18142284;1
18142290;0
18142332;0
18142334;0
18142336;0
18142338;0
18142340;1
18142342;0
18142344;1
18142362;1
18142366;0
18142368;1
18142372;0
18142374;0
18142376;0
18142378;1
18142380;1
18142382;0
18142384;0
18142386;0
18142392;0
18142394;0
18142404;0
18142406;0
18142408;1
18142410;0
18142414;0
18142432;0
18142452;0
18142454;0
18142456;1
18142458;1
18142460;1
18142464;0
18142466;0
18142468;1
18142470;1
18142472;1
18142474;0
18142476;0
18142478;0
18142480;0
18142482;1
18142484;1
18142486;1
18142488;1
18142594;0
18142596;0
18142598;0
18142700;1
18142754;1
18142814;1
18142816;1
18142874;1
18142876;0
18142878;1
18142880;0
18142882;0
18142884;0
18142886;0
18142934;0
18142936;0
18142950;0
18142982;0
18142984;1
18142986;0
18142988;0
18142998;0
18143000;1
18143002;1
18143012;0
18143014;1
18143016;1
18143018;1
18143022;0
18143024;0
18143026;1
18143028;0
18143030;0
18143032;1
18143034;0
18143036;1
18143038;0
18143040;1
18143042;1
18143044;0
18143046;1
18143064;0
18143066;0
18143080;0
18143086;1
18143088;1
18143090;0
18143128;0
18143132;0
18143144;0
18143156;0
18143158;0
18143160;0
18143162;0
18143168;1
18143170;1
18143172;1
18143174;0
18143176;0
18143178;0
18143180;0
18143182;0
18143184;0
18143186;1
18143188;1
18143190;0
18143192;1
18143194;0
18143196;0
18143198;1
18143200;0
18143202;0
18143204;0
18143206;1
18143208;1
18143210;1
18143212;0
18143214;1
18143218;0
18143220;1
18143222;0
18143224;1
18143226;0
18143228;1
18143230;0
18143232;1
18143234;1
18143252;0
18143254;0
18143256;0
18143258;1
18143260;0
18143262;1
18143264;1
18143266;1
18143268;1
18143272;1
18143274;0
18143276;0
18143278;1
18143292;1
18143294;0
18143296;0
18143318;1
18143320;1
18143322;0
18143324;0
18143330;1
18143368;1
18143370;1
18143372;1
18143376;0
18143402;0
18143404;0
18143412;0
18143414;1
18143418;0
18143420;0
18143422;0
18143424;1
18143426;1
18143428;1
18143430;0
18143456;0
18143458;0
18143460;0
18143462;1
18143476;1
18143478;1
18143480;0
18143484;1
18143488;0
18143516;1
18143518;1
18143520;1
18143522;0
18143524;0
18143526;1
18143528;0
18143530;1
18143532;0
18143534;1
18143536;1
18143538;1
18143540;0
18143542;1
18143544;0
18143564;0
18143566;0
18143568;0
18143570;0
18143572;1
18143574;0
18143576;0
18143578;1
18143580;0
18143582;1
18143584;0
18143586;0
18143588;1
18143594;0
18143598;0
18143600;0
18143602;1
18143620;0
18143622;0
18143624;0
18143626;1
18143628;0
18143632;0
18143636;0
18143638;0
18143640;1
18143644;1
18143646;0
18143648;0
18143650;0
18143652;0
18143654;0
18143656;1
18143658;0
18143660;0
18143662;0
18143664;1
18143666;0
18143670;1
18143672;1
18143674;1
18143676;1
18143678;0
18143680;0
18143682;0
18143684;1
18143686;0
18143688;1
18143690;1
18143692;0
18143694;0
18143696;0
18143698;1
18143700;0
18143716;1
18143718;0
18143720;1
18143722;0
18143770;0
18143772;1
18143774;0
18143776;0
18143778;0
18143780;0
18143782;0
18143784;1
18143786;1
18143788;1
18143790;0
18143792;1
18143794;0
18143796;0
18143798;0
18143802;1
18143804;0
18143806;0
18143808;0
18143810;1
18143812;0
18143814;0
18143816;1
18143818;0
18143820;1
18143822;0
18143824;0
18143826;1
18143828;0
18143830;0
18143832;1
18143834;0
18143836;0
18143838;0
18143840;0
18143842;0
18143844;0
18143846;1
18143848;0
18143850;0
18143852;0
18143854;1
18143856;0
18143858;0
18143860;0
18143862;0
18143864;0
18143866;1
18143868;1
18143870;1
18143872;0
18143874;0
18143876;0
18143878;1
18143880;0
18143882;0
18143884;0
18143886;0
18143888;1
18143890;0
18143892;0
18143894;0
18143896;0
18143902;0
18143948;0
18143950;1
18143958;1
18143964;1
18143966;0
18144002;0
18144004;0
18144008;1
18144010;0
18144012;1
18144014;1
18144016;1
18144020;0
18144022;1
18144024;0
18144026;0
18144028;1
18144030;0
18144032;1
18144034;1
18144036;0
18144038;0
18144042;0
18144044;0
18144046;1
18144048;1
18144050;0
18144052;0
18144054;0
18144056;0
18144058;0
18144060;1
18144062;0
18144064;0
18144066;0
18144068;0
18144070;0
18144084;0
18144086;1
18144088;0
18144090;1
18144092;0
18144096;1
18144098;1
18144100;0
18144102;1
18144104;0
18144106;1
18144110;0
18144112;0
18144114;0
18144116;0
18144118;1
18144120;1
18144122;1
18144124;1
18144126;1
18144128;0
18144130;0
18144132;0
18144134;0
18144136;0
18144138;1
18144144;1
18144152;1
18144156;1
18144158;1
18144160;1
18144162;1
18144164;1
18144166;1
18144168;0
18144170;1
18144184;1
18144202;0
18144204;0
18144206;0
18144224;0
18144230;1
18144232;0
18144234;0
18144236;0
18144238;1
18144240;0
18144252;0
18144264;0
18144288;0
18144290;1
18144306;0
18144308;0
18144310;0
18144312;1
18144314;1
18144318;0
18144320;1
18144324;0
18144326;0
18144328;0
18144330;1
18144352;0
18144354;0
18144356;1
18144358;0
18144388;0
18144390;0
18144392;0
18144408;0
18144412;0
18144414;1
18144416;0
18144426;1
18144428;1
18144430;0
18144432;0
18144434;0
18144438;1
18144440;1
18144452;1
18144454;0
18144458;0
18144460;1
18144462;1
18144464;0
18144488;0
18144490;0
18144492;0
18144496;0
18144498;1
18144500;1
18144502;0
18144504;0
18144506;0
18144508;0
18144510;1
18144532;1
18144534;1
18144536;1
18144540;0
18144542;0
18144544;1
18144546;0
18144548;0
18144550;0
18144552;0
18144554;0
18144556;0
18144558;0
18144560;0
18144562;0
18144564;0
18144566;0
18144568;0
18144570;0
18144572;1
18144576;0
18144578;1
18144580;0
18144582;0
18144584;1
18144586;0
18144588;0
18144590;0
18144592;1
18144594;0
18144596;0
18144598;0
18144600;1
18144602;0
18144604;0
18144606;0
18144608;1
18144610;1
18144612;0
18144614;1
18144616;0
18144618;0
18144620;0
18144622;0
18144624;0
18144626;0
18144628;0
18144630;0
18144632;1
18144634;1
18144636;1
18144638;1
18144640;0
18144642;0
18144644;1
18144646;0
18144648;0
18144650;0
18144652;0
18144654;0
18144656;0
18144658;1
18144660;0
18144662;0
18144664;0
18144666;0
18144668;1
18144670;0
18144672;0
18144674;0
18144676;1
18144678;1
18144680;0
18144682;1
18144690;0
18144722;0
18144724;0
18144726;0
18144728;0
18144730;1
18144732;1
18144734;0
18144736;0
18144738;1
18144740;0
18144742;1
18144744;0
18144750;0
18144764;0
18144770;1
18144780;0
18144786;1
18144790;0
18144792;0
18144794;0
18144796;0
18144800;0
18144802;0
18144804;1
18144806;1
18144808;1
18144810;0
18144814;1
18144816;0
18144818;1
18144822;1
18144824;0
18144832;0
18144834;0
18144878;0
18144882;0
18144886;1
18144888;1
18144890;0
18144900;0
18144914;1
18144916;1
18144918;0
18144922;1
18144924;0
18144926;1
18144928;1
18144930;0
18144942;1
18144944;0
18144946;0
18144948;1
18144950;1
18144952;0
18144954;0
18144956;0
18144958;1
18144992;0
18144994;1
18144996;0
18145002;0
18145004;1
18145006;0
18145008;1
18145010;1
18145058;0
18145084;1
18145086;1
18145088;0
18145092;0
18145094;0
18145112;1
18145114;1
18145136;0
18145138;0
18145140;0
18145142;0
18145268;0
18145270;1
18145272;1
18145332;0
18145334;0
18145336;0
18145376;0
18145378;1
18145384;0
18145388;1
18145390;1
18145406;0
18145408;1
18145412;0
18145414;0
18145416;1
18145418;0
18145422;1
18145424;1
18145426;0
18145428;0
18145430;0
18145432;1
18145434;0
18145436;0
18145446;0
18145460;1
18145492;1
18145494;0
18145496;1
18145498;0
18145500;0
18145506;1
18145512;0
18145516;0
18145518;1
18145520;0
18145522;0
18145524;0
18145626;0
18145630;1
18145648;0
18145650;0
18145670;0
18145684;1
18145718;1
18145720;0
18145734;0
18145736;0
18145738;1
18145740;0
18145742;0
18145744;0
18145746;1
18145748;0
18145750;0
18145752;1
18145754;1
18145756;1
18145758;0
18145760;0
18145762;0
18145764;0
18145766;0
18145768;1
18145770;0
18145772;0
18145774;0
18145776;0
18145778;0
18145780;1
18145784;0
18145786;1
18145790;0
18145792;0
18145794;0
18145796;0
18145798;1
18145800;0
18145802;0
18145804;1
18145808;0
18145810;0
18145812;0
18145814;1
18145816;0
18145818;1
18145820;0
18145822;0
18145824;1
18145826;0
18145828;0
18145830;0
18145832;0
18145834;1
18145836;0
18145838;0
18145840;1
18145842;0
18145844;0
18145846;1
18145848;0
18145852;0
18145854;1
18145856;0
18145858;1
18145860;0
18145862;0
18145864;1
18145866;0
18145868;0
18145870;0
18145872;1
18145874;0
18145876;0
18145878;1
18145880;1
18145882;0
18145884;1
18145890;0
18145892;0
18145894;1
18145896;1
18145898;1
18145900;1
18145902;0
18145904;1
18145906;1
18145908;0
18145928;0
18145930;0
18145932;1
18145940;1
18145942;1
18145944;1
18145946;0
18145958;0
18145960;1
18145962;0
18145964;1
18145970;0
18145972;0
18145976;0
18146036;0
18146046;1
18146048;0
18146068;0
18146070;1
18146080;0
18146082;0
18146084;1
18146086;0
18146088;0
18146090;0
18146092;1
18146094;1
18146096;0
18146098;0
18146100;0
18146114;0
18146116;1
18146118;0
18146120;0
18146122;0
18146124;0
18146126;0
18146128;1
18146130;0
18146144;1
18146150;0
18146152;0
18146154;0
18146156;0
18146160;1
18146164;0
18146166;0
18146168;0
18146170;0
18146172;0
18146174;1
18146176;1
18146178;0
18146180;1
18146182;0
18146184;0
18146186;1
18146188;0
18146196;0
18146198;0
18146200;1
18146202;0
18146204;0
18146206;0
18146208;1
18146210;0
18146212;1
18146220;0
18146284;1
18146286;0
18146288;1
18146294;0
18146296;0
18146298;0
18146300;0
18146302;1
18146304;0
18146306;1
18146308;1
18146310;1
18146312;1
18146314;0
18146316;0
18146318;1
18146320;0
18146322;0
18146324;0
18146334;1
18146372;0
18146374;0
18146376;0
18146380;1
18146382;0
18146386;1
18146390;0
18146392;1
18146394;1
18146396;1
18146398;1
18146400;0
18146402;0
18146404;0
18146406;1
18146408;1
18146410;0
18146412;0
18146414;1
18146416;0
18146418;0
18146420;1
18146424;1
18146426;0
18146428;0
18146432;1
18146434;0
18146436;0
18146438;0
18146440;1
18146442;0
18146444;0
18146450;1
18146452;0
18146454;1
18146456;0
18146458;0
18146460;1
18146462;0
18146464;0
18146466;1
18146518;1
18146548;0
18146562;0
18146564;1
18146566;0
18146568;1
18146570;1
18146572;1
18146574;1
18146578;0
18146676;1
18146724;0
18146726;0
18146728;0
18146754;1
18146760;0
18146762;1
18146764;1
18146766;0
18146768;0
18146782;1
18146788;0
18146790;1
18146792;0
18146798;0
18146800;0
18146802;0
18146804;0
18146812;0
18146830;1
18146844;1
18146846;1
18146856;1
18146858;0
18146860;0
18146862;0
18146868;1
18146870;0
18146896;0
18146912;0
18146944;1
18146948;0
18146952;0
18146954;0
18146956;0
18146970;1
18146972;1
18146978;1
18146980;0
18146982;1
18146984;0
18146986;0
18146988;1
18146990;0
18146992;0
18146994;0
18146996;1
18146998;0
18147004;0
18147006;0
18147008;1
18147010;1
18147012;0
18147014;0
18147016;0
18147018;0
18147020;0
18147022;1
18147024;0
18147026;0
18147028;0
18147030;0
18147032;1
18147034;0
18147036;1
18147038;0
18147040;0
18147042;0
18147044;1
18147048;0
18147050;0
18147052;0
18147054;1
18147056;1
18147058;0
18147060;1
18147066;1
18147068;0
18147070;1
18147074;0
18147076;1
18147178;0
18147180;0
18147214;0
18147216;0
18147220;0
18147224;0
18147232;1
18147234;0
18147236;0
18147270;1
18147358;0
18147360;0
18147362;0
18147364;1
18147368;0
18147374;0
18147376;1
18147378;0
18147380;0
18147382;0
18147384;1
18147386;0
18147388;0
18147390;0
18147402;1
18147412;0
18147414;0
18147416;0
18147418;0
18147420;0
18147426;0
18147428;0
18147434;0
18147458;0
18147460;0
18147462;1
18147464;1
18147466;0
18147468;1
18147470;0
18147472;0
18147476;0
18147478;0
18147480;0
18147482;0
18147484;1
18147486;0
18147488;1
18147492;0
18147494;0
18147496;0
18147498;0
18147502;0
18147504;0
18147506;0
18147508;0
18147510;0
18147672;0
18147676;0
18147678;0
18147680;0
18147682;1
18147684;0
18147686;0
18147688;0
18147690;1
18147692;0
18147694;0
18147696;0
18147700;0
18147702;0
18147704;0
18147706;0
18147716;0
18147718;0
18147972;0
18147976;1
18147994;0
18147996;0
18148066;0
18148076;1
18148078;1
18148086;0
18148088;1
18148110;1
18148116;0
18148118;1
18148120;0
18148122;0
18148126;0
18148128;0
18148142;0
18148144;1
18148146;1
18148148;0
18148160;0
18148196;1
18148198;0
18148206;0
18148208;1
18148210;0
18148218;0
18148220;0
18148222;0
18148224;1
18148228;0
18148230;0
18148240;1
18148252;0
18148290;0
18148332;0
18148334;1
18148354;0
18148356;0
18148362;0
18148370;0
18148378;0
18148380;1
18148382;0
18148384;0
18148386;1
18148440;1
18148444;0
18148446;0
18148448;0
18148450;0
18148462;1
18148464;1
18148472;0
18148474;1
18148476;0
18148478;1
18148480;1
18148482;0
18148488;0
18148494;0
18148544;1
18148546;0
18148550;0
18148558;0
18148560;1
18148562;1
18148564;1
18148566;0
18148568;0
18148570;0
18148592;0
18148594;0
18148596;1
18148636;0
18148638;0
18148640;0
18148642;1
18148658;0
18148660;0
18148662;0
18148664;0
18148666;0
18148668;0
18148670;0
18148672;0
18148688;0
18148692;0
18148694;1
18148696;1
18148698;0
18148716;0
18148718;0
18148724;0
18148726;1
18148728;0
18148730;0
18148750;1
18148764;1
18148766;0
18148768;1
18148772;0
18148774;0
18148776;0
18148828;0
18148848;0
18148850;0
18148852;0
18148854;0
18148858;0
18148864;0
18148866;0
18148870;0
18148874;0
18148888;1
18148890;0
18148902;0
18148932;1
18148934;0
18148936;0
18148938;0
18148940;0
18148942;0
18148944;0
18148946;0
18148964;1
18148974;0
18148976;0
18148978;0
18148980;0
18148982;0
18148984;0
18148998;0
18149008;0
18149036;0
18149038;0
18149040;0
18149042;0
18149044;0
18149046;0
18149058;0
18149060;0
18149062;0
18149074;0
18149078;1
18149080;0
18149082;0
18149084;0
18149086;0
18149088;0
18149090;1
18149110;1
18149112;0
18149114;0
18149116;0
18149118;1
18149120;0
18149122;0
18149124;1
18149126;1
18149128;1
18149130;1
18149132;0
18149134;0
18149136;0
18149138;1
18149140;1
18149142;1
18149144;1
18149146;1
18149148;0
18149150;0
18149152;1
18149154;1
18149158;0
18149160;0
18149162;0
18149164;1
18149196;0
18149200;1
18149202;0
18149204;1
18149206;0
18149208;1
18149244;0
18149246;0
18149362;0
18149372;1
18149476;0
18149478;0
18149480;1
18149482;0
18149484;1
18149486;0
18149488;1
18149490;1
18149492;0
18149494;0
18149496;1
18149498;0
18149500;0
18149502;0
18149506;1
18149508;0
18149510;0
18149512;0
18149518;1
18149520;0
18149524;0
18149526;1
18149530;1
18149532;1
18149534;0
18149536;0
18149538;1
18149540;1
18149544;1
18149546;0
18149548;1
18149550;1
18149552;0
18149604;0
18149606;0
18149608;1
18149610;1
18149612;1
18149614;0
18149618;0
18149620;0
18149622;0
18149626;1
18149628;0
18149630;1
18149632;0
18149634;0
18149636;0
18149638;0
18149640;0
18149642;1
18149644;0
18149646;0
18149648;1
18149650;1
18149652;0
18149654;1
18149656;1
18149658;0
18149660;0
18149662;0
18149664;0
18149666;1
18149668;0
18149670;0
18149672;0
18149674;0
18149676;1
18149678;0
18149680;1
18149682;0
18149684;1
18149686;0
18149688;1
18149690;0
18149692;1
18149694;0
18149696;0
18149698;0
18149700;0
18149702;0
18149704;0
18149706;0
18149708;0
18149710;0
18149712;0
18149714;1
18149716;0
18149718;0
18149722;0
18149724;1
18149726;0
18149728;0
18149730;0
18149732;0
18149734;0
18149736;0
18149738;0
18149740;1
18149742;0
18149744;1
18149746;0
18149748;0
18149750;1
18149752;1
18149754;1
18149756;0
18149758;1
18149760;0
18149762;0
18149764;0
18149766;0
18149768;1
18149770;0
18149778;0
18149780;0
18149800;0
18149802;0
18149806;0
18149808;0
18149812;0
18149814;1
18149816;0
18149820;1
18149822;0
18149824;0
18149826;0
18149828;0
18149830;1
18149832;0
18149834;0
18149836;1
18149838;1
18149990;1
18150024;0
18150026;0
18150050;1
18150054;1
18150056;0
18150082;1
18150092;0
18150094;0
18150096;0
18150098;1
18150112;0
18150128;0
18150130;1
18150134;0
18150136;1
18150190;0
18150244;1
18150246;1
18150248;1
18150250;1
18150268;0
18150270;0
18150272;0
18150278;1
18150292;1
18150314;0
18150320;0
18150322;0
18150324;1
18150332;0
18150334;0
18150336;0
18150338;0
18150340;1
18150342;0
18150344;1
18150346;0
18150348;0
18150350;0
18150352;0
18150424;0
18150426;0
18150428;0
18150430;0
18150432;1
18150434;1
18150436;1
18150438;1
18150444;1
18150446;0
18150448;0
18150452;0
18150454;0
18150456;0
18150458;1
18150460;0
18150462;0
18150464;0
18150466;0
18150468;0
18150470;1
18150472;0
18150476;1
18150490;0
18150492;1
18150494;0
18150496;1
18150510;1
18150512;0
18150514;1
18150516;0
18150518;0
18150520;0
18150522;1
18150524;1
18150526;0
18150528;1
18150530;0
18150544;1
18150546;0
18150548;1
18150552;1
18150554;0
18150556;0
18150558;1
18150560;0
18150562;0
18150564;0
18150566;0
18150568;1
18150570;0
18150572;0
18150574;1
18150578;0
18150580;0
18150582;1
18150584;0
18150586;0
18150588;1
18150590;1
18150592;1
18150602;0
18150604;1
18150614;0
18150616;1
18150618;0
18150638;0
18150640;0
18150642;1
18150644;0
18150646;1
18150648;0
18150650;1
18150662;0
18150664;0
18150666;1
18150668;1
18150672;0
18150674;0
18150676;1
18150678;0
18150680;0
18150682;0
18150686;0
18150688;0
18150690;1
18150692;0
18150694;1
18150702;1
18150704;1
18150706;1
18150708;0
18150710;0
18150712;1
18150714;0
18150716;1
18150718;1
18150722;1
18150724;0
18150726;1
18150728;0
18150736;0
18150752;1
18150754;0
18150756;0
18150758;0
18150760;0
18150762;1
18150780;1
18150782;1
18150784;1
18150786;1
18150788;0
18150790;0
18150792;0
18150798;0
18150800;0
18150802;1
18150804;0
18150806;1
18150808;0
18150810;1
18150822;0
18150824;0
18150826;0
18150828;1
18150830;0
18150832;1
18150834;1
18150836;0
18150838;0
18150840;0
18150866;1
18150868;1
18150872;0
18150874;1
18150876;0
18150878;0
18150880;0
18150882;1
18150884;0
18150888;1
18150890;0
18150892;1
18150894;0
18150896;0
18150898;1
18150900;1
18150902;0
18150904;0
18150906;0
18150908;0
18150910;1
18150912;0
18150914;0
18150916;0
18150918;0
18150924;1
18150926;0
18150928;1
18150934;0
18150936;0
18150938;1
18150942;1
18150944;0
18150946;0
18150948;1
18150952;0
18150956;0
18150958;1
18150960;0
18150962;0
18150964;1
18150966;0
18150968;0
18150970;1
18150984;0
18150986;0
18150992;1
18150994;0
18150996;0
18150998;1
18151000;1
18151002;0
18151004;0
18151006;0
18151008;0
18151010;0
18151012;1
18151014;0
18151016;0
18151018;0
18151020;0
18151022;0
18151026;0
18151032;1
18151040;0
18151042;1
18151044;0
18151046;0
18151048;1
18151050;0
18151098;0
18151104;0
18151106;1
18151108;0
18151110;0
18151116;0
18151118;1
18151120;1
18151122;0
18151124;1
18151126;0
18151128;0
18151132;0
18151134;0
18151136;0
18151138;0
18151140;1
18151142;0
18151144;0
18151146;0
18151148;1
18151150;1
18151152;1
18151156;0
18151158;0
18151160;1
18151162;0
18151164;1
18151166;0
18151168;0
18151170;1
18151172;0
18151178;1
18151180;0
18151184;0
18151188;0
18151190;0
18151192;1
18151194;1
18151196;0
18151198;0
18151200;0
18151202;0
18151204;1
18151206;1
18151208;0
18151210;0
18151212;0
18151214;0
18151216;0
18151218;0
18151220;0
18151224;0
18151226;0
18151228;0
18151230;1
18151232;1
18151234;1
18151236;0
18151238;1
18151240;0
18151242;0
18151244;0
18151246;1
18151248;0
18151250;0
18151252;0
18151254;0
18151256;0
18151258;0
18151260;0
18151262;0
18151264;0
18151266;0
18151272;0
18151274;0
18151276;0
18151278;0
18151280;0
18151282;0
18151284;0
18151286;0
18151288;0
18151290;0
18151292;1
18151294;1
18151296;1
18151312;1
18151316;0
18151320;0
18151322;0
18151324;1
18151326;0
18151328;1
18151330;1
18151334;0
18151336;1
18151338;1
18151342;0
18151344;0
18151346;1
18151348;0
18151350;0
18151368;0
18151382;0
18151398;1
18151400;0
18151406;1
18151408;0
18151410;1
18151414;0
18151452;0
18151454;1
18151462;0
18151466;1
18151470;1
18151490;0
18151492;0
18151494;0
18151512;0
18151514;0
18151516;0
18151518;0
18151520;1
18151522;0
18151524;0
18151526;0
18151528;1
18151530;0
18151532;0
18151540;1
18151542;0
18151544;1
18151570;0
18151572;0
18151574;0
18151576;0
18151578;0
18151580;1
18151582;1
18151584;1
18151586;0
18151588;0
18151590;0
18151612;0
18151616;0
18151620;1
18151636;0
18151638;0
18151640;0
18151644;0
18151646;1
18151648;0
18151650;1
18151656;0
18151658;0
18151660;0
18151662;0
18151664;1
18151666;0
18151668;1
18151670;0
18151674;0
18151676;1
18151678;0
18151684;0
18151686;0
18151688;1
18151690;1
18151692;1
18151694;0
18151696;1
18151698;0
18151702;0
18151704;0
18151706;0
18151708;0
18151710;1
18151712;1
18151714;0
18151716;0
18151718;1
18151720;0
18151722;0
18151724;1
18151726;0
18151728;0
18151730;0
18151732;1
18151734;1
18151736;1
18151752;0
18151754;1
18151756;0
18151758;0
18151760;1
18151762;0
18151764;0
18151766;1
18151772;1
18151774;0
18151776;0
18151778;1
18151780;1
18151782;0
18151784;0
18151786;1
18151788;1
18151790;0
18151792;0
18151794;0
18151796;0
18151798;0
18151800;0
18151802;0
18151804;0
18151806;1
18151808;0
18151810;0
18151812;0
18151814;0
18151816;0
18151822;0
18151824;0
18151826;1
18151828;1
18151830;1
18151852;1
18151854;0
18151858;0
18151860;0
18151862;0
18151864;0
18151866;0
18151868;1
18151870;1
18151872;0
18151874;0
18151876;0
18151878;0
18151882;1
18151886;0
18151888;0
18151890;0
18151906;0
18151908;0
18151910;1
18151914;1
18151916;0
18151918;0
18151920;1
18151922;0
18151924;0
18151926;1
18151928;0
18151930;0
18151932;0
18151938;0
18151940;0
18152006;1
18152008;0
18152010;1
18152012;0
18152014;0
18152016;0
18152018;1
18152020;0
18152022;0
18152030;0
18152032;0
18152034;0
18152036;0
18152038;0
18152040;0
18152044;0
18152046;0
18152048;0
18152050;0
18152052;0
18152054;0
18152056;0
18152058;0
18152060;0
18152062;0
18152064;0
18152066;1
18152068;0
18152070;0
18152072;0
18152074;0
18152076;0
18152078;0
18152080;0
18152082;0
18152084;0
18152086;1
18152088;1
18152092;0
18152096;0
18152098;1
18152100;1
18152102;0
18152104;0
18152136;0
18152140;0
18152142;0
18152144;1
18152146;0
18152150;1
18152170;0
18152172;1
18152174;1
18152176;1
18152178;1
18152180;1
18152182;1
18152184;0
18152186;1
18152188;0
18152190;0
18152192;0
18152194;0
18152196;1
18152198;1
18152200;0
18152202;0
18152204;0
18152212;0
18152214;1
18152216;1
18152218;0
18152220;1
18152222;1
18152224;1
18152226;0
18152228;0
18152230;0
18152232;0
18152236;0
18152240;0
18152242;0
18152244;0
18152246;0
18152248;0
18152250;1
18152252;0
18152268;1
18152270;0
18152274;0
18152276;1
18152278;0
18152280;1
18152282;0
18152284;1
18152286;0
18152288;1
18152290;0
18152292;1
18152296;0
18152298;0
18152300;0
18152302;0
18152304;0
18152306;1
18152308;1
18152310;0
18152312;0
18152314;0
18152316;1
18152318;1
18152320;0
18152326;1
18152328;0
18152330;1
18152332;1
18152334;1
18152336;0
18152338;0
18152340;0
18152342;0
18152344;1
18152346;1
18152348;0
18152350;0
18152352;1
18152354;1
18152356;0
18152358;1
18152370;0
18152372;0
18152374;0
18152376;0
18152378;0
18152380;1
18152382;1
18152384;1
18152386;0
18152388;0
18152392;0
18152394;1
18152396;0
18152398;0
18152400;0
18152402;0
18152404;0
18152406;0
18152408;0
18152410;0
18152412;0
18152414;1
18152416;0
18152418;0
18152420;0
18152422;1
18152424;0
18152426;0
18152428;1
18152430;0
18152432;0
18152434;1
18152436;1
18152438;0
18152440;0
18152442;0
18152444;1
18152446;1
18152448;0
18152450;1
18152452;1
18152454;1
18152456;0
18152458;1
18152460;0
18152462;1
18152464;0
18152466;1
18152468;0
18152470;1
18152472;0
18152474;0
18152476;0
18152478;0
18152480;0
18152482;1
18152572;0
18152574;0
18152588;0
18152590;1
18152612;0
18152614;1
18152616;1
18152628;1
18152630;1
18152632;1
18152634;1
18152636;1
18152638;1
18152644;0
18152652;0
18152654;0
18152656;0
18152658;0
18152660;0
18152662;0
18152664;1
18152666;0
18152668;0
18152670;1
18152672;1
18152674;0
18152676;1
18152678;0
18152682;0
18152684;0
18152688;0
18152690;0
18152692;0
18152694;1
18152696;1
18152698;0
18152700;1
18152702;1
18152704;1
18152706;0
18152708;1
18152710;1
18152748;0
18152750;0
18152772;0
18152774;1
18152776;0
18152778;1
18152780;1
18152782;0
18152786;1
18152788;0
18152790;0
18152792;0
18152794;1
18152796;0
18152798;0
18152800;0
18152802;1
18152804;0
18152808;1
18152812;1
18152814;0
18152816;1
18152818;1
18152820;0
18152824;0
18152826;0
18152828;1
18152830;0
18152834;0
18152838;0
18152868;1
18152872;0
18152878;0
18152880;1
18152882;1
18152884;0
18152886;0
18152888;0
18152912;0
18152914;0
18152916;1
18152918;0
18152920;0
18152922;0
18152924;0
18152926;1
18152928;0
18152930;1
18152932;0
18152934;1
18152936;0
18152938;0
18152940;0
18152942;1
18152944;1
18152946;1
18153008;1
18153010;0
18153012;0
18153014;1
18153016;0
18153018;0
18153020;1
18153022;0
18153024;1
18153026;1
18153028;1
18153030;0
18153052;1
18153056;1
18153060;0
18153062;0
18153064;0
18153066;1
18153068;0
18153070;1
18153072;0
18153074;1
18153076;0
18153078;1
18153080;1
18153084;1
18153090;0
18153096;1
18153098;1
18153100;0
18153102;1
18153104;1
18153106;0
18153110;0
18153112;0
18153114;0
18153116;1
18153118;0
18153120;0
18153122;0
18153124;0
18153126;0
18153128;1
18153132;0
18153134;0
18153136;1
18153138;1
18153140;0
18153142;0
18153144;0
18153146;0
18153148;1
18153150;0
18153152;0
18153154;1
18153158;0
18153160;0
18153162;0
18153164;0
18153166;0
18153168;0
18153170;0
18153172;0
18153174;0
18153176;1
18153178;0
18153180;0
18153182;0
18153184;0
18153186;0
18153188;0
18153190;0
18153192;1
18153194;0
18153196;1
18153198;0
18153200;0
18153202;1
18153204;1
18153206;0
18153208;0
18153210;1
18153212;0
18153214;0
18153216;1
18153218;0
18153220;1
18153222;0
18153224;0
18153226;0
18153228;0
18153230;0
18153234;0
18153236;0
18153238;0
18153240;0
18153242;1
18153244;0
18153252;1
18153254;1
18153256;0
18153260;1
18153274;0
18153276;0
18153278;0
18153280;0
18153282;0
18153340;0
18153384;0
18153386;0
18153388;1
18153390;0
18153406;1
18153408;0
18153412;1
18153414;0
18153416;0
18153418;1
18153420;0
18153422;0
18153424;1
18153426;0
18153428;1
18153430;1
18153432;0
18153434;0
18153438;0
18153440;0
18153442;1
18153444;1
18153446;0
18153448;0
18153450;0
18153452;0
18153454;0
18153456;0
18153458;1
18153460;0
18153462;1
18153464;1
18153466;1
18153468;0
18153470;1
18153472;1
18153478;0
18153492;1
18153494;0
18153496;1
18153498;0
18153500;0
18153502;1
18153504;1
18153506;0
18153508;1
18153510;1
18153532;0
18153536;1
18153538;1
18153546;0
18153572;1
18153574;1
18153576;1
18153578;0
18153580;1
18153582;0
18153584;0
18153586;0
18153592;1
18153594;0
18153596;0
18153602;0
18153606;1
18153608;0
18153620;1
18153646;1
18153652;0
18153654;1
18153656;1
18153658;0
18153666;0
18153668;1
18153670;0
18153672;1
18153676;1
18153678;0
18153680;1
18153682;0
18153684;0
18153686;0
18153688;0
18153690;1
18153712;0
18153714;0
18153716;0
18153718;1
18153720;0
18153722;1
18153724;0
18153726;0
18153728;1
18153730;0
18153732;0
18153736;0
18153738;0
18153740;1
18153742;1
18153744;1
18153746;0
18153748;0
18153750;0
18153752;0
18153754;0
18153756;1
18153758;0
18153760;1
18153762;0
18153764;0
18153766;0
18153768;1
18153770;0
18153772;1
18153774;0
18153776;0
18153778;0
18153782;0
18153784;0
18153786;1
18153788;0
18153790;1
18153792;1
18153794;0
18153796;0
18153798;0
18153800;0
18153802;0
18153804;0
18153806;0
18153808;0
18153810;1
18153812;0
18153814;1
18153816;0
18153818;0
18153820;1
18153822;0
18153824;0
18153826;0
18153828;0
18153830;0
18153832;0
18153834;1
18153836;1
18153838;0
18153840;0
18153842;0
18153844;0
18153846;0
18153848;1
18153850;0
18153852;1
18153854;0
18153856;0
18153858;1
18153860;1
18153864;0
18153868;0
18153870;0
18153872;0
18153874;1
18153876;0
18153878;0
18153880;0
18153882;1
18153886;0
18153888;1
18153890;1
18153892;1
18153894;1
18153896;0
18153898;0
18153900;0
18153902;0
18153904;0
18153908;0
18153910;0
18153912;0
18153914;0
18153916;1
18153918;0
18153920;0
18153922;1
18153924;0
18153932;0
18153934;1
18153936;0
18153938;1
18153940;0
18153942;1
18153944;0
18153946;1
18153948;0
18153950;0
18153952;1
18153954;0
18153956;1
18153958;0
18153960;1
18153962;0
18153964;0
18153966;1
18153968;1
18153970;1
18153972;0
18153974;1
18153976;0
18153978;1
18153982;0
18153984;1
18153986;0
18153988;1
18153990;0
18153992;1
18153994;0
18153996;1
18154000;0
18154002;0
18154004;1
18154006;0
18154008;0
18154010;1
18154044;1
18154052;0
18154054;0
18154060;0
18154062;1
18154064;1
18154066;0
18154068;0
18154072;1
18154074;1
18154076;1
18154078;0
18154086;0
18154088;1
18154090;0
18154092;1
18154118;0
18154122;1
18154126;0
18154128;0
18154130;1
18154162;1
18154172;0
18154174;0
18154176;0
18154178;0
18154180;0
18154182;0
18154184;0
18154186;1
18154188;0
18154190;0
18154204;0
18154206;0
18154208;0
18154210;0
18154212;1
18154214;1
18154216;1
18154218;0
18154220;0
18154222;0
18154224;1
18154226;0
18154228;0
18154232;1
18154252;0
18154254;0
18154256;0
18154288;0
18154290;1
18154292;1
18154294;0
18154296;0
18154298;1
18154300;1
18154302;1
18154304;1
18154306;0
18154308;0
18154310;0
18154312;1
18154314;0
18154316;0
18154318;0
18154320;0
18154322;0
18154324;0
18154326;1
18154328;1
18154332;1
18154334;0
18154336;0
18154338;1
18154340;1
18154342;1
18154348;0
18154350;0
18154352;1
18154354;1
18154356;0
18154358;1
18154360;0
18154362;0
18154364;0
18154368;1
18154370;0
18154372;1
18154374;0
18154376;0
18154378;0
18154382;0
18154384;0
18154386;1
18154396;0
18154398;0
18154400;0
18154402;0
18154418;0
18154420;1
18154422;0
18154424;0
18154426;0
18154428;1
18154430;0
18154452;0
18154454;0
18154456;0
18154458;1
18154460;1
18154462;0
18154464;0
18154466;1
18154468;1
18154470;0
18154472;0
18154474;0
18154476;1
18154478;0
18154482;0
18154484;0
18154486;1
18154488;1
18154490;1
18154532;0
18154538;0
18154542;0
18154544;0
18154546;0
18154548;0
18154550;0
18154552;1
18154554;0
18154556;1
18154558;0
18154560;1
18154562;0
18154592;0
18154594;0
18154596;0
18154598;0
18154600;1
18154602;0
18154604;0
18154608;0
18154610;0
18154622;0
18154624;0
18154694;0
18154696;0
18154700;1
18154702;1
18154704;0
18154708;0
18154710;0
18154736;0
18154752;1
18154754;0
18154756;0
18154758;0
18154760;0
18154762;0
18154764;0
18154766;1
18154770;0
18154772;1
18154774;1
18154776;0
18154778;0
18154780;0
18154782;0
18154784;0
18154786;0
18154788;1
18154790;0
18154792;1
18154794;1
18154796;1
18154798;0
18154800;0
18154802;0
18154804;1
18154806;0
18154808;1
18154810;1
18154812;0
18154814;1
18154816;0
18154818;0
18154820;0
18154822;0
18154824;0
18154834;0
18154836;0
18154838;0
18154840;1
18154842;1
18154844;1
18154852;1
18154854;0
18154856;0
18154858;1
18154860;1
18154864;1
18154868;0
18154870;0
18154872;0
18154874;0
18154876;1
18154878;0
18154880;0
18154882;1
18154884;0
18154886;0
18154888;0
18154890;0
18154892;0
18154920;1
18154922;1
18154946;0
18154948;0
18154950;0
18154952;1
18154992;0
18154994;0
18154996;1
18154998;0
18155000;0
18155002;0
18155014;1
18155022;1
18155024;0
18155058;0
18155060;0
18155062;1
18155064;0
18155066;0
18155068;1
18155070;1
18155072;1
18155074;0
18155076;1
18155078;0
18155080;1
18155082;0
18155086;0
18155088;0
18155090;1
18155092;0
18155094;0
18155096;0
18155098;0
18155100;0
18155102;0
18155104;0
18155110;1
18155120;0
18155130;0
18155158;0
18155160;0
18155162;1
18155166;0
18155168;0
18155170;0
18155172;0
18155174;0
18155176;0
18155178;1
18155180;0
18155182;0
18155184;1
18155186;1
18155188;0
18155192;1
18155206;0
18155208;0
18155210;0
18155212;1
18155214;0
18155216;0
18155218;0
18155226;0
18155228;1
18155230;0
18155232;1
18155234;0
18155236;0
18155238;0
18155240;0
18155244;1
18155246;0
18155248;1
18155256;0
18155258;0
18155260;0
18155264;0
18155266;0
18155282;0
18155284;1
18155286;0
18155288;0
18155290;0
18155292;0
18155294;0
18155296;1
18155298;0
18155300;0
18155302;0
18155304;0
18155306;1
18155308;0
18155310;1
18155312;0
18155314;0
18155316;0
18155318;0
18155320;1
18155322;1
18155326;1
18155328;0
18155330;1
18155332;1
18155334;1
18155336;0
18155338;1
18155340;0
18155342;0
18155344;1
18155348;0
18155350;0
18155378;1
18155380;1
18155382;1
18155384;0
18155388;0
18155390;1
18155392;1
18155394;0
18155396;0
18155398;0
18155402;1
18155404;1
18155406;0
18155408;0
18155410;1
18155412;0
18155414;0
18155416;0
18155418;0
18155420;1
18155422;0
18155424;0
18155436;0
18155438;0
18155440;0
18155442;0
18155444;0
18155446;0
18155448;0
18155450;0
18155452;1
18155454;0
18155456;0
18155458;1
18155460;0
18155462;1
18155464;1
18155466;1
18155468;0
18155470;0
18155472;0
18155474;0
18155476;1
18155478;0
18155480;0
18155482;0
18155484;0
18155486;0
18155488;1
18155490;0
18155492;1
18155494;0
18155496;0
18155498;1
18155500;0
18155502;0
18155508;0
18155510;1
18155522;1
18155524;1
18155526;0
18155528;1
18155530;0
18155532;0
18155552;1
18155554;0
18155556;0
18155558;1
18155560;1
18155640;1
18155646;1
18155648;1
18155650;0
18155652;1
18155654;0
18155656;1
18155658;1
18155660;0
18155662;0
18155664;1
18155666;1
18155668;1
18155670;0
18155672;0
18155674;1
18155676;0
18155678;0
18155680;1
18155682;0
18155684;0
18155686;0
18155688;0
18155690;1
18155692;0
18155700;1
18155712;0
18155714;0
18155716;0
18155718;0
18155732;1
18155734;0
18155736;1
18155738;0
18155740;1
18155744;0
18155746;0
18155752;0
18155754;0
18155756;0
18155758;1
18155760;0
18155762;0
18155764;1
18155766;1
18155768;0
18155770;0
18155772;0
18155788;0
18155790;0
18155810;1
18155812;0
18155814;1
18155816;1
18155818;0
18155820;1
18155828;0
18155830;0
18155832;0
18155834;1
18155836;0
18155838;0
18155840;0
18155842;0
18155844;0
18155846;0
18155848;0
18155850;1
18155852;0
18155854;0
18155856;0
18155858;0
18155860;0
18155864;1
18155866;0
18155868;1
18155870;0
18155872;0
18155874;0
18155876;1
18155880;0
18155882;0
18155884;0
18155886;1
18155888;0
18155890;0
18155892;0
18155894;0
18155896;0
18155898;1
18155900;0
18155902;0
18155904;1
18155906;1
18155908;0
18155910;0
18155932;1
18155934;0
18155936;0
18155942;1
18155944;1
18155946;0
18155948;0
18155950;0
18155964;0
18155966;0
18155968;0
18155970;0
18155972;1
18155974;0
18155976;0
18155978;0
18155980;0
18155982;0
18155984;1
18155986;1
18155988;0
18155990;1
18155992;0
18155994;1
18155996;1
18155998;0
18156000;0
18156002;1
18156004;0
18156006;0
18156008;0
18156010;0
18156012;0
18156014;0
18156016;0
18156018;1
18156020;1
18156022;1
18156024;0
18156026;1
18156028;0
18156030;1
18156032;0
18156034;0
18156036;1
18156040;0
18156042;0
18156044;0
18156046;0
18156052;0
18156054;0
18156056;1
18156058;1
18156060;1
18156062;0
18156066;0
18156068;0
18156070;1
18156092;0
18156106;0
18156108;1
18156110;1
18156112;0
18156114;1
18156118;0
18156120;0
18156122;0
18156124;0
18156126;0
18156128;0
18156130;0
18156132;1
18156136;1
18156138;0
18156140;0
18156142;1
18156144;1
18156146;0
18156148;1
18156150;0
18156154;1
18156158;1
18156160;1
18156178;0
18156180;1
18156182;0
18156226;0
18156228;0
18156230;1
18156254;1
18156256;0
18156258;0
18156260;0
18156266;1
18156268;1
18156270;1
18156272;0
18156276;0
18156278;1
18156280;0
18156282;1
18156284;1
18156286;0
18156288;0
18156290;0
18156292;0
18156294;0
18156296;1
18156298;1
18156300;0
18156302;0
18156304;0
18156308;0
18156310;0
18156312;0
18156322;0
18156324;0
18156326;0
18156334;0
18156336;1
18156338;0
18156340;1
18156342;0
18156344;0
18156346;1
18156348;0
18156350;0
18156384;1
18156386;0
18156388;0
18156392;1
18156394;0
18156398;1
18156402;0
18156404;1
18156406;0
18156408;0
18156410;0
18156412;0
18156414;0
18156416;0
18156418;1
18156420;0
18156422;0
18156460;0
18156464;0
18156466;1
18156468;0
18156470;1
18156472;0
18156474;1
18156476;1
18156478;1
18156480;1
18156512;0
18156514;1
18156516;0
18156518;0
18156520;1
18156522;0
18156524;0
18156526;1
18156528;1
18156530;1
18156532;0
18156534;0
18156536;1
18156538;0
18156540;0
18156542;0
18156544;1
18156546;0
18156548;0
18156550;0
18156552;0
18156554;0
18156556;0
18156558;1
18156560;0
18156562;0
18156564;1
18156566;0
18156568;0
18156570;0
18156572;0
18156574;1
18156576;1
18156578;0
18156580;0
18156582;1
18156584;1
18156586;0
18156588;1
18156590;0
18156592;0
18156594;0
18156596;1
18156598;1
18156600;0
18156602;0
18156604;1
18156608;1
18156610;1
18156612;1
18156614;0
18156618;1
18156620;1
18156624;0
18156670;0
18156672;1
18156674;0
18156680;0
18156682;0
18156684;0
18156686;0
18156688;0
18156690;0
18156692;1
18156694;0
18156696;1
18156698;0
18156700;0
18156702;0
18156706;1
18156708;0
18156710;1
18156712;1
18156714;0
18156716;0
18156718;1
18156720;0
18156722;0
18156724;0
18156726;0
18156728;1
18156730;1
18156732;0
18156734;0
18156736;1
18156738;1
18156740;0
18156742;0
18156744;0
18156746;1
18156748;0
18156750;0
18156752;0
18156754;0
18156756;0
18156772;0
18156790;1
18156856;0
18156858;0
18156860;0
18156862;0
18156864;1
18156866;0
18156868;0
18156870;0
18156876;1
18156878;0
18156880;0
18156882;0
18156884;1
18156886;0
18156888;1
18156890;0
18156896;1
18156898;1
18156900;1
18156902;0
18156904;0
18156906;1
18156908;0
18156910;0
18156932;1
18156934;1
18156936;1
18156938;1
18156940;1
18156942;1
18156944;1
18156946;0
18156948;1
18156950;1
18156984;0
18157000;0
18157002;0
18157004;0
18157006;1
18157012;1
18157014;1
18157016;0
18157018;0
18157020;1
18157022;0
18157024;0
18157026;0
18157028;0
18157030;0
18157094;0
18157096;1
18157098;1
18157100;0
18157102;1
18157104;0
18157106;0
18157108;1
18157110;0
18157112;1
18157114;0
18157120;1
18157122;1
18157128;0
18157132;0
18157134;1
18157136;0
18157138;0
18157140;1
18157142;0
18157144;0
18157176;0
18157178;1
18157180;0
18157182;0
18157184;0
18157186;0
18157188;0
18157190;1
18157212;1
18157214;1
18157216;1
18157218;1
18157220;0
18157222;0
18157224;1
18157226;1
18157240;0
18157242;0
18157252;1
18157256;0
18157258;1
18157260;0
18157264;0
18157266;0
18157268;1
18157270;0
18157272;1
18157274;0
18157276;0
18157278;1
18157280;0
18157282;1
18157284;0
18157286;0
18157316;0
18157318;0
18157320;0
18157322;0
18157324;0
18157326;1
18157328;0
18157336;1
18157338;0
18157340;1
18157342;0
18157346;0
18157348;1
18157350;1
18157372;0
18157374;0
18157376;1
18157378;1
18157380;1
18157382;0
18157384;1
18157392;1
18157394;0
18157396;0
18157398;1
18157400;1
18157402;0
18157404;1
18157406;1
18157408;0
18157410;0
18157412;0
18157414;1
18157416;0
18157418;1
18157420;1
18157422;1
18157424;1
18157426;0
18157430;0
18157432;0
18157434;1
18157436;0
18157438;0
18157440;1
18157442;0
18157444;0
18157446;1
18157448;0
18157450;0
18157452;0
18157454;1
18157456;1
18157458;0
18157460;0
18157462;0
18157464;0
18157466;0
18157470;0
18157472;1
18157474;1
18157476;0
18157478;0
18157480;0
18157482;0
18157484;1
18157486;0
18157488;0
18157490;0
18157492;0
18157494;0
18157496;0
18157498;0
18157500;1
18157502;1
18157504;0
18157506;0
18157508;0
18157510;1
18157512;1
18157514;0
18157516;0
18157518;0
18157520;0
18157522;0
18157524;0
18157526;0
18157528;0
18157530;0
18157532;0
18157534;0
18157536;1
18157538;0
18157540;0
18157542;0
18157544;1
18157546;1
18157548;0
18157550;1
18157554;1
18157556;1
18157558;0
18157560;1
18157562;0
18157564;1
18157566;0
18157568;0
18157570;0
18157572;0
18157574;0
18157576;1
18157578;0
18157580;1
18157582;0
18157584;0
18157586;0
18157588;0
18157590;1
18157592;0
18157594;0
18157602;0
18157604;0
18157606;0
18157608;1
18157610;1
18157616;0
18157626;0
18157630;0
18157632;0
18157708;0
18157710;0
18157714;0
18157718;1
18157720;1
18157722;1
18157724;0
18157726;1
18157728;1
18157730;0
18157732;0
18157734;0
18157736;0
18157740;0
18157742;0
18157744;1
18157746;0
18157748;0
18157750;0
18157752;1
18157754;0
18157758;0
18157760;1
18157762;0
18157764;1
18157766;1
18157768;0
18157770;0
18157772;1
18157774;0
18157776;0
18157778;0
18157780;1
18157782;1
18157784;0
18157786;0
18157788;0
18157792;0
18157794;0
18157796;1
18157798;0
18157800;0
18157802;0
18157804;0
18157806;0
18157808;0
18157810;0
18157812;1
18157816;0
18157818;0
18157820;1
18157822;0
18157824;0
18157826;1
18157828;1
18157830;0
18157832;1
18157834;1
18157836;0
18157838;0
18157840;1
18157842;0
18157848;1
18157850;1
18157852;0
18157854;0
18157856;0
18157858;0
18157860;1
18157862;1
18157864;0
18157866;1
18157868;0
18157870;0
18157872;1
18157874;1
18157876;0
18157878;0
18157880;0
18157882;0
18157884;0
18157886;0
18157888;1
18157892;0
18157894;1
18157912;1
18157914;0
18157916;1
18157918;1
18157920;0
18157922;0
18157924;1
18157926;0
18157928;0
18157930;1
18157952;1
18157954;1
18157956;0
18157958;0
18157960;0
18157962;0
18157964;0
18157966;0
18157968;0
18157970;1
18158000;0
18158002;0
18158004;1
18158006;1
18158008;1
18158010;1
18158012;0
18158014;0
18158016;1
18158018;0
18158020;1
18158038;0
18158040;1
18158042;0
18158044;0
18158046;0
18158078;1
18158080;0
18158082;0
18158084;0
18158086;0
18158088;0
18158090;1
18158092;0
18158096;0
18158098;0
18158100;0
18158102;1
18158110;0
18158112;0
18158116;1
18158118;0
18158120;1
18158122;0
18158158;0
18158160;0
18158162;0
18158164;0
18158168;0
18158170;0
18158172;0
18158174;0
18158176;1
18158178;1
18158210;0
18158242;0
18158252;1
18158260;0
18158262;0
18158276;0
18158278;1
18158280;0
18158282;0
18158284;0
18158286;0
18158288;0
18158290;1
18158292;1
18158294;0
18158296;0
18158298;0
18158300;1
18158302;0
18158304;0
18158306;0
18158308;1
18158310;0
18158312;0
18158314;1
18158316;0
18158318;0
18158320;0
18158322;0
18158324;0
18158326;0
18158328;0
18158330;0
18158332;1
18158334;0
18158336;0
18158338;1
18158340;1
18158342;0
18158344;1
18158346;1
18158348;0
18158350;0
18158352;0
18158354;0
18158356;0
18158358;0
18158360;0
18158362;1
18158364;1
18158366;1
18158368;0
18158370;0
18158372;0
18158374;0
18158376;0
18158378;0
18158380;0
18158382;0
18158384;0
18158386;1
18158388;0
18158390;0
18158420;1
18158422;0
18158424;0
18158426;0
18158428;0
18158430;0
18158452;1
18158488;0
18158490;0
18158492;0
18158494;0
18158496;1
18158498;1
18158500;0
18158502;1
18158504;0
18158506;0
18158508;0
18158510;0
18158512;0
18158516;0
18158518;1
18158520;0
18158570;0
18158590;1
18158596;0
18158598;1
18158600;1
18158602;0
18158604;0
18158606;1
18158608;0
18158610;0
18158612;1
18158614;0
18158616;1
18158618;0
18158620;1
18158622;1
18158624;0
18158626;1
18158628;1
18158654;0
18158656;0
18158658;0
18158660;0
18158664;1
18158666;0
18158668;0
18158670;0
18158672;1
18158674;1
18158676;0
18158682;0
18158684;0
18158686;0
18158688;0
18158690;0
18158692;1
18158694;0
18158696;0
18158698;0
18158700;1
18158702;0
18158704;1
18158706;1
18158708;0
18158710;1
18158712;1
18158714;0
18158716;0
18158718;1
18158720;0
18158722;1
18158724;0
18158726;0
18158728;1
18158730;0
18158732;0
18158734;0
18158736;0
18158738;0
18158740;0
18158742;0
18158744;0
18158746;0
18158748;0
18158750;1
18158752;0
18158754;0
18158756;1
18158758;0
18158760;0
18158762;0
18158764;1
18158766;1
18158768;1
18158770;1
18158772;1
18158792;0
18158810;0
18158812;0
18158814;0
18158816;1
18158818;1
18158820;0
18158822;0
18158824;0
18158826;0
18158828;1
18158830;1
18158832;0
18158834;0
18158836;0
18158838;0
18158840;1
18158842;0
18158844;1
18158846;1
18158848;1
18158850;1
18158852;0
18158854;0
18158856;1
18158858;1
18158860;0
18158862;0
18158864;1
18158874;0
18158938;0
18158940;0
18158944;0
18158946;0
18158948;1
18158950;0
18158954;0
18158956;0
18158958;1
18158960;0
18158962;0
18158964;0
18158970;0
18158976;1
18158978;1
18158980;0
18158982;0
18158984;0
18158986;1
18158992;1
18158994;1
18158996;0
18158998;0
18159000;0
18159002;1
18159004;0
18159006;1
18159008;1
18159010;0
18159012;1
18159014;0
18159016;1
18159018;0
18159020;1
18159022;0
18159024;1
18159026;0
18159028;0
18159036;0
18159038;1
18159040;1
18159042;0
18159044;0
18159046;1
18159048;1
18159050;1
18159052;1
18159054;0
18159056;0
18159058;1
18159060;1
18159062;0
18159064;0
18159066;0
18159086;1
18159094;0
18159122;1
18159124;1
18159126;1
18159144;1
18159146;0
18159148;0
18159150;1
18159152;0
18159154;1
18159156;0
18159158;0
18159160;1
18159162;1
18159164;0
18159166;1
18159168;0
18159170;0
18159172;1
18159174;1
18159176;0
18159178;1
18159180;1
18159182;0
18159184;1
18159186;0
18159188;1
18159190;1
18159192;1
18159196;0
18159198;1
18159200;0
18159202;0
18159204;1
18159206;0
18159208;0
18159210;0
18159212;1
18159214;1
18159216;1
18159218;1
18159220;1
18159222;0
18159224;0
18159226;0
18159230;0
18159232;1
18159234;0
18159236;0
18159238;0
18159242;1
18159244;0
18159246;0
18159252;1
18159254;0
18159286;0
18159288;0
18159290;0
18159308;0
18159310;1
18159318;0
18159320;1
18159324;1
18159326;0
18159332;1
18159334;0
18159336;0
18159338;0
18159340;1
18159346;1
18159348;1
18159350;0
18159356;1
18159358;1
18159360;0
18159362;0
18159364;0
18159366;0
18159368;0
18159370;1
18159372;0
18159374;0
18159376;0
18159378;1
18159380;1
18159382;1
18159384;0
18159386;0
18159388;0
18159390;0
18159392;1
18159394;0
18159396;1
18159398;0
18159400;0
18159402;1
18159404;0
18159406;0
18159408;0
18159410;1
18159412;1
18159414;1
18159416;0
18159418;0
18159420;0
18159422;1
18159424;1
18159426;0
18159428;1
18159430;0
18159432;0
18159434;1
18159436;0
18159438;0
18159440;0
18159442;1
18159446;0
18159448;0
18159450;0
18159452;1
18159456;1
18159458;0
18159460;0
18159462;0
18159472;1
18159474;0
18159484;0
18159486;0
18159488;1
18159490;0
18159492;0
18159494;0
18159496;0
18159498;0
18159502;1
18159504;0
18159506;0
18159508;0
18159510;0
18159512;0
18159514;0
18159516;0
18159518;0
18159520;1
18159524;1
18159526;0
18159528;0
18159530;0
18159532;0
18159534;0
18159536;0
18159552;1
18159554;1
18159556;0
18159558;0
18159560;0
18159562;1
18159614;0
18159616;0
18159618;0
18159620;0
18159622;0
18159624;0
18159626;1
18159646;0
18159648;0
18159650;0
18159724;1
18159728;0
18159730;0
18159760;1
18159762;0
18159766;0
18159768;0
18159770;0
18159772;0
18159774;0
18159776;0
18159778;1
18159780;0
18159782;0
18159784;1
18159786;1
18159788;1
18159790;1
18159792;0
18159794;1
18159796;1
18159798;1
18159800;1
18159802;0
18159804;0
18159832;1
18159834;1
18159836;0
18159838;0
18159840;0
18159842;1
18159844;1
18159846;1
18159848;0
18159850;0
18159854;0
18159856;0
18159858;1
18159862;1
18159864;1
18159866;0
18159868;1
18159870;0
18159872;0
18159874;0
18159876;1
18159878;0
18159880;0
18159882;0
18159894;1
18159896;1
18159898;1
18159902;0
18159904;0
18159906;1
18159908;1
18159912;1
18159920;0
18159922;0
18159926;0
18159928;0
18159930;1
18159932;1
18159934;0
18159936;0
18159938;0
18159940;0
18159942;1
18159944;1
18159946;0
18159948;1
18159952;0
18159954;1
18159956;0
18159960;0
18159962;0
18159964;1
18159966;1
18159968;0
18159978;0
18159980;0
18159982;1
18159984;1
18159986;1
18159988;0
18159990;0
18159994;1
18160000;0
18160002;0
18160004;1
18160006;1
18160008;0
18160010;0
18160012;1
18160018;1
18160020;1
18160024;0
18160026;0
18160028;0
18160030;1
18160032;0
18160052;0
18160054;0
18160056;0
18160058;1
18160060;0
18160062;0
18160064;1
18160066;1
18160080;1
18160082;0
18160084;1
18160086;1
18160088;1
18160090;0
18160092;0
18160150;0
18160152;1
18160154;0
18160156;1
18160158;0
18160160;1
18160162;1
18160164;0
18160166;0
18160168;0
18160170;0
18160172;0
18160174;1
18160176;0
18160178;0
18160180;0
18160212;0
18160220;0
18160222;1
18160228;0
18160230;0
18160262;0
18160266;0
18160268;0
18160270;1
18160272;0
18160274;1
18160276;1
18160278;1
18160280;0
18160282;1
18160284;1
18160286;0
18160288;1
18160290;0
18160294;0
18160296;0
18160298;1
18160300;1
18160302;1
18160304;0
18160306;0
18160308;0
18160310;0
18160312;0
18160314;1
18160316;0
18160318;0
18160320;1
18160322;1
18160324;1
18160326;1
18160328;1
18160330;1
18160332;1
18160334;0
18160392;0
18160394;1
18160396;0
18160398;1
18160400;0
18160402;0
18160404;1
18160446;1
18160448;0
18160450;1
18160480;0
18160482;0
18160492;0
18160494;0
18160496;0
18160498;1
18160500;0
18160502;0
18160504;0
18160506;1
18160508;0
18160510;0
18160526;1
18160528;0
18160532;1
18160534;0
18160536;0
18160538;0
18160540;0
18160542;1
18160544;0
18160546;0
18160548;0
18160552;1
18160556;0
18160558;0
18160560;1
18160562;0
18160564;1
18160566;1
18160574;1
18160576;1
18160578;0
18160580;1
18160582;0
18160584;0
18160588;1
18160590;0
18160592;0
18160594;0
18160596;0
18160626;0
18160628;0
18160630;1
18160636;1
18160638;0
18160652;0
18160654;1
18160656;1
18160658;1
18160660;1
18160662;0
18160664;1
18160666;0
18160668;0
18160670;0
18160672;0
18160674;1
18160676;0
18160678;1
18160680;0
18160682;1
18160684;0
18160688;0
18160690;1
18160692;0
18160694;0
18160702;0
18160704;1
18160706;0
18160708;0
18160710;0
18160732;0
18160742;0
18160744;1
18160746;0
18160748;0
18160750;0
18160752;0
18160762;0
18160764;0
18160766;1
18160768;1
18160770;0
18160772;0
18160774;0
18160776;1
18160778;1
18160782;0
18160784;0
18160786;1
18160788;0
18160816;0
18160820;1
18160828;0
18160830;0
18160840;0
18160842;1
18160856;0
18160860;1
18160862;0
18160864;0
18160866;1
18160868;1
18160870;1
18160872;0
18160874;0
18160876;0
18160878;1
18160880;0
18160882;0
18160884;1
18160886;1
18160888;1
18160892;0
18160894;1
18160896;1
18160898;1
18160900;0
18160902;0
18160904;0
18160906;0
18160908;0
18160910;0
18160912;1
18160918;0
18160920;0
18160922;1
18160924;1
18160926;1
18160986;0
18161006;0
18161008;0
18161010;0
18161012;0
18161014;0
18161016;0
18161020;0
18161022;0
18161024;1
18161026;0
18161028;0
18161030;0
18161032;0
18161034;0
18161040;0
18161042;0
18161044;1
18161052;1
18161054;1
18161056;0
18161058;1
18161060;1
18161062;0
18161064;0
18161066;1
18161068;0
18161070;0
18161072;0
18161074;0
18161076;0
18161078;0
18161080;0
18161104;0
18161106;0
18161108;0
18161110;1
18161172;0
18161174;0
18161176;1
18161178;0
18161180;0
18161182;0
18161184;0
18161186;0
18161188;0
18161190;0
18161192;1
18161194;0
18161196;0
18161198;1
18161200;0
18161202;0
18161204;1
18161206;1
18161208;0
18161210;0
18161274;0
18161276;0
18161278;0
18161280;0
18161282;0
18161284;0
18161286;0
18161288;0
18161290;0
18161292;1
18161294;0
18161296;0
18161298;1
18161300;0
18161302;0
18161304;1
18161306;0
18161308;0
18161310;1
18161322;1
18161324;1
18161328;1
18161330;1
18161332;0
18161334;1
18161336;0
18161338;1
18161340;0
18161342;0
18161344;0
18161348;1
18161350;0
18161360;0
18161364;0
18161366;0
18161368;0
18161372;0
18161374;1
18161376;0
18161378;0
18161380;0
18161382;0
18161384;0
18161386;1
18161388;1
18161390;1
18161392;1
18161424;0
18161428;0
18161430;0
18161432;1
18161434;0
18161436;0
18161438;0
18161440;1
18161442;1
18161452;1
18161454;1
18161456;0
18161462;0
18161464;0
18161466;1
18161468;0
18161472;0
18161474;1
18161486;1
18161488;0
18161490;0
18161552;1
18161560;0
18161562;1
18161564;0
18161566;1
18161568;1
18161570;0
18161574;0
18161580;1
18161584;0
18161586;0
18161588;0
18161590;1
18161592;0
18161594;1
18161596;0
18161598;0
18161600;0
18161602;1
18161604;1
18161606;0
18161608;0
18161610;1
18161612;0
18161616;0
18161618;1
18161620;0
18161622;0
18161624;0
18161626;0
18161628;0
18161630;1
18161632;0
18161634;0
18161636;0
18161638;1
18161640;0
18161642;0
18161644;1
18161646;0
18161648;0
18161650;0
18161652;1
18161654;1
18161656;0
18161658;1
18161660;1
18161678;0
18161680;0
18161682;1
18161684;0
18161686;1
18161688;0
18161690;0
18161708;0
18161710;0
18161762;0
18161764;0
18161770;0
18161772;0
18161774;0
18161778;0
18161780;1
18161782;1
18161784;0
18161786;0
18161788;0
18161790;0
18161792;1
18161794;1
18161796;0
18161800;1
18161802;0
18161806;0
18161808;0
18161810;1
18161812;1
18161814;1
18161818;0
18161820;1
18161822;0
18161824;0
18161826;0
18161828;1
18161830;0
18161832;0
18161834;0
18161836;0
18161838;0
18161840;1
18161842;0
18161844;0
18161846;0
18161848;0
18161850;1
18161852;0
18161854;0
18161856;0
18161858;0
18161860;0
18161862;0
18161864;0
18161866;1
18161868;1
18161870;0
18161878;1
18161880;0
18161882;0
18161884;0
18161886;0
18161888;0
18161890;0
18161916;0
18161918;1
18161920;0
18161922;0
18161924;0
18161926;0
18161928;0
18161930;0
18161942;0
18161944;1
18161946;0
18161952;0
18161954;1
18162008;0
18162010;1
18162022;0
18162024;0
18162026;1
18162028;0
18162032;1
18162034;0
18162036;0
18162038;1
18162040;0
18162042;1
18162044;0
18162046;0
18162048;1
18162050;0
18162052;1
18162058;0
18162070;1
18162072;1
18162074;1
18162076;0
18162078;1
18162082;1
18162112;1
18162120;1
18162122;0
18162124;0
18162126;1
18162128;0
18162130;1
18162134;0
18162136;0
18162138;0
18162140;1
18162142;1
18162146;0
18162148;0
18162150;0
18162172;1
18162176;0
18162178;0
18162180;0
18162208;0
18162210;1
18162212;0
18162214;1
18162216;0
18162218;0
18162220;1
18162224;0
18162226;0
18162228;0
18162232;1
18162234;0
18162242;0
18162244;1
18162246;1
18162248;1
18162260;0
18162272;1
18162274;0
18162276;1
18162278;0
18162280;0
18162282;0
18162284;1
18162286;1
18162288;1
18162290;1
18162292;1
18162294;0
18162296;1
18162308;1
18162310;1
18162320;0
18162322;1
18162324;0
18162326;1
18162328;0
18162330;1
18162332;0
18162334;1
18162336;0
18162338;1
18162340;0
18162342;0
18162344;1
18162346;0
18162348;0
18162360;0
18162362;0
18162364;1
18162366;0
18162368;0
18162390;1
18162392;1
18162394;0
18162398;1
18162400;0
18162402;0
18162404;1
18162406;0
18162408;0
18162410;1
18162412;0
18162414;0
18162416;0
18162418;0
18162422;1
18162424;1
18162426;0
18162428;1
18162430;0
18162432;0
18162434;1
18162436;0
18162438;1
18162440;0
18162442;0
18162444;0
18162446;1
18162450;0
18162472;1
18162482;0
18162484;1
18162486;1
18162488;1
18162490;0
18162492;1
18162494;1
18162496;0
18162498;0
18162500;1
18162502;1
18162504;0
18162506;1
18162508;0
18162510;1
18162512;0
18162514;0
18162518;0
18162520;0
18162522;1
18162524;0
18162526;1
18162528;0
18162530;0
18162532;0
18162534;0
18162536;0
18162538;0
18162540;0
18162542;0
18162544;0
18162546;0
18162548;1
18162550;0
18162552;0
18162554;0
18162558;0
18162560;1
18162562;1
18162564;1
18162566;0
18162568;0
18162570;0
18162572;1
18162574;0
18162576;0
18162578;0
18162580;0
18162582;1
18162584;1
18162586;0
18162588;0
18162590;0
18162592;1
18162594;0
18162596;0
18162598;0
18162600;1
18162602;1
18162604;0
18162606;1
18162608;0
18162610;0
18162612;1
18162614;1
18162616;0
18162618;0
18162620;1
18162622;1
18162624;0
18162626;0
18162628;1
18162630;0
18162632;0
18162634;1
18162636;0
18162638;0
18162640;1
18162642;0
18162644;1
18162646;0
18162654;1
18162672;0
18162680;0
18162682;0
18162684;0
18162686;1
18162688;0
18162696;0
18162698;0
18162700;1
18162702;0
18162704;0
18162706;1
18162708;0
18162710;1
18162712;1
18162714;0
18162716;0
18162718;0
18162720;0
18162722;0
18162724;1
18162726;1
18162728;0
18162732;0
18162734;0
18162736;0
18162738;1
18162740;1
18162742;0
18162744;0
18162746;1
18162748;1
18162794;1
18162796;0
18162798;1
18162818;0
18162820;1
18162822;0
18162824;0
18162826;0
18162828;1
18162830;1
18162862;0
18162864;1
18162866;1
18162868;1
18162870;1
18162872;1
18162874;0
18162876;0
18162878;0
18162886;0
18162888;0
18162890;1
18162898;0
18162900;1
18162902;1
18162904;0
18162906;0
18162908;0
18162910;0
18162912;0
18162914;0
18162916;0
18162932;0
18162934;1
18162936;0
18162938;1
18162940;0
18162942;1
18162944;1
18162946;0
18162948;1
18162950;0
18162952;0
18162954;0
18162956;1
18162958;0
18162960;0
18162962;0
18162964;0
18162966;0
18162968;0
18162970;0
18162972;0
18162974;0
18162976;0
18162978;0
18162980;0
18162982;0
18162984;0
18162986;0
18162988;1
18162990;1
18162992;0
18162994;1
18162996;1
18162998;1
18163000;0
18163002;0
18163004;0
18163006;0
18163008;0
18163010;1
18163012;1
18163014;1
18163016;1
18163018;0
18163020;0
18163022;1
18163024;0
18163026;1
18163028;0
18163030;0
18163032;0
18163034;0
18163036;0
18163038;0
18163040;1
18163042;0
18163044;0
18163046;1
18163048;1
18163050;1
18163052;1
18163054;0
18163056;0
18163058;0
18163060;0
18163062;0
18163064;0
18163066;0
18163070;1
18163074;0
18163080;1
18163082;0
18163084;1
18163086;0
18163088;0
18163092;1
18163094;0
18163096;1
18163098;0
18163100;0
18163112;1
18163114;1
18163116;1
18163118;0
18163120;0
18163122;0
18163124;0
18163126;1
18163128;1
18163130;0
18163132;1
18163134;1
18163136;0
18163138;1
18163140;1
18163144;0
18163150;1
18163152;0
18163154;0
18163156;0
18163158;1
18163160;0
18163162;1
18163164;1
18163166;1
18163168;0
18163170;0
18163178;0
18163192;0
18163194;0
18163196;0
18163198;0
18163200;1
18163202;1
18163204;0
18163212;1
18163214;0
18163216;1
18163218;1
18163220;0
18163222;1
18163224;1
18163226;0
18163228;0
18163230;0
18163232;1
18163252;0
18163254;0
18163256;0
18163258;0
18163260;0
18163262;0
18163264;0
18163266;0
18163268;1
18163270;0
18163272;1
18163274;1
18163276;0
18163278;0
18163280;0
18163282;0
18163284;0
18163286;1
18163288;1
18163290;0
18163292;1
18163296;0
18163298;0
18163300;1
18163302;0
18163304;0
18163306;0
18163308;0
18163310;0
18163312;0
18163314;0
18163316;0
18163318;0
18163320;0
18163322;0
18163326;0
18163328;1
18163330;1
18163334;0
18163336;0
18163338;0
18163340;0
18163342;0
18163344;1
18163346;1
18163348;0
18163350;0
18163358;0
18163360;1
18163362;0
18163364;1
18163366;0
18163368;0
18163370;0
18163372;1
18163374;0
18163376;0
18163378;1
18163380;0
18163382;1
18163386;0
18163388;1
18163390;0
18163438;0
18163440;1
18163442;0
18163444;0
18163446;1
18163448;1
18163450;1
18163454;0
18163456;0
18163458;1
18163460;0
18163462;1
18163464;1
18163468;0
18163470;0
18163472;1
18163474;0
18163478;1
18163480;1
18163482;0
18163484;0
18163486;0
18163488;0
18163502;0
18163504;0
18163506;1
18163512;0
18163514;1
18163516;0
18163532;0
18163534;0
18163536;0
18163538;0
18163540;1
18163542;1
18163544;1
18163604;0
18163606;1
18163608;1
18163610;1
18163612;0
18163614;0
18163616;0
18163618;0
18163620;0
18163622;0
18163624;0
18163626;0
18163628;0
18163630;0
18163632;0
18163634;1
18163636;1
18163638;1
18163640;0
18163642;1
18163644;0
18163648;0
18163650;1
18163652;0
18163654;0
18163670;0
18163672;1
18163674;0
18163676;1
18163678;1
18163680;0
18163682;0
18163684;0
18163686;0
18163688;1
18163690;0
18163712;1
18163714;1
18163716;1
18163718;0
18163720;0
18163722;0
18163726;1
18163728;0
18163730;0
18163732;0
18163734;0
18163736;1
18163738;0
18163740;0
18163742;1
18163744;0
18163746;0
18163748;1
18163752;1
18163754;0
18163756;1
18163758;0
18163760;0
18163762;0
18163764;0
18163766;1
18163768;1
18163770;1
18163772;1
18163774;0
18163776;0
18163778;0
18163784;1
18163788;0
18163790;0
18163792;0
18163796;1
18163798;1
18163800;1
18163802;1
18163812;0
18163814;0
18163894;0
18163896;0
18163900;0
18163922;0
18163924;1
18163926;1
18163928;1
18163938;0
18163940;0
18163942;0
18163944;0
18163988;0
18163990;1
18163992;1
18163994;0
18163996;1
18163998;0
18164000;1
18164002;0
18164006;0
18164008;0
18164012;0
18164014;1
18164016;1
18164018;0
18164020;0
18164022;0
18164024;0
18164026;1
18164028;0
18164030;1
18164032;0
18164034;0
18164036;0
18164038;0
18164040;1
18164042;0
18164044;0
18164048;0
18164050;1
18164052;0
18164054;1
18164062;0
18164064;0
18164066;1
18164080;0
18164082;1
18164084;0
18164086;0
18164096;1
18164124;0
18164126;1
18164128;1
18164130;0
18164144;1
18164166;0
18164168;0
18164170;1
18164192;0
18164194;0
18164196;0
18164198;0
18164200;0
18164202;1
18164204;0
18164206;0
18164208;1
18164210;0
18164212;0
18164214;0
18164216;1
18164218;0
18164220;0
18164222;1
18164230;0
18164232;0
18164234;1
18164236;1
18164238;0
18164240;0
18164242;0
18164244;0
18164246;0
18164248;0
18164250;0
18164252;1
18164254;0
18164256;1
18164258;0
18164260;0
18164262;1
18164266;1
18164268;1
18164270;0
18164274;0
18164276;0
18164278;1
18164280;1
18164282;0
18164284;0
18164286;1
18164288;0
18164290;0
18164292;0
18164294;0
18164312;0
18164316;0
18164318;1
18164320;0
18164334;0
18164336;0
18164338;0
18164340;1
18164342;1
18164344;1
18164354;1
18164356;1
18164358;0
18164360;0
18164362;1
18164364;0
18164366;0
18164368;1
18164394;0
18164396;0
18164398;1
18164400;1
18164402;0
18164404;0
18164406;0
18164408;0
18164410;0
18164412;0
18164414;1
18164416;0
18164418;0
18164420;0
18164422;0
18164424;0
18164426;0
18164428;1
18164430;0
18164432;0
18164434;0
18164440;1
18164442;0
18164472;0
18164474;1
18164476;0
18164478;0
18164480;0
18164482;0
18164484;0
18164486;0
18164488;1
18164490;0
18164512;0
18164514;0
18164516;0
18164518;0
18164520;0
18164524;0
18164526;0
18164528;0
18164540;0
18164542;0
18164544;0
18164546;0
18164548;1
18164550;0
18164556;1
18164558;0
18164560;0
18164562;1
18164564;1
18164566;1
18164568;1
18164570;1
18164572;0
18164574;0
18164576;0
18164578;0
18164580;0
18164582;0
18164584;1
18164586;0
18164588;1
18164590;0
18164592;0
18164594;1
18164596;0
18164598;0
18164600;0
18164602;1
18164604;0
18164606;0
18164608;1
18164612;0
18164614;0
18164616;1
18164618;1
18164620;1
18164624;0
18164626;1
18164628;1
18164630;1
18164640;0
18164666;1
18164674;1
18164676;0
18164682;1
18164760;0
18164762;0
18164772;0
18164778;1
18164780;0
18164782;0
18164786;1
18164790;1
18164792;0
18164794;0
18164796;0
18164798;0
18164800;0
18164802;1
18164804;1
18164806;1
18164808;1
18164848;0
18164850;0
18164852;0
18164854;1
18164856;0
18164858;1
18164860;0
18164862;0
18164864;0
18164866;0
18164868;0
18164870;0
18164872;0
18164874;0
18164876;1
18164878;1
18164880;0
18164886;1
18164890;0
18164892;1
18164894;1
18164896;0
18164938;0
18164956;1
18164958;0
18164960;0
18164962;1
18164970;1
18164998;0
18165000;0
18165002;0
18165004;0
18165006;0
18165008;1
18165010;1
18165012;1
18165014;1
18165016;0
18165018;0
18165020;0
18165022;1
18165024;0
18165026;0
18165028;0
18165030;0
18165032;0
18165034;0
18165036;0
18165038;1
18165040;1
18165042;1
18165044;0
18165046;1
18165048;0
18165050;0
18165052;0
18165054;0
18165056;0
18165058;1
18165060;0
18165062;0
18165064;1
18165066;0
18165068;1
18165070;1
18165072;0
18165076;1
18165078;0
18165080;0
18165082;0
18165084;0
18165086;1
18165088;0
18165090;1
18165092;0
18165094;0
18165096;1
18165098;0
18165100;1
18165102;1
18165104;0
18165106;1
18165108;0
18165110;0
18165112;1
18165114;1
18165116;1
18165120;0
18165124;1
18165126;1
18165128;0
18165130;0
18165132;1
18165136;0
18165138;1
18165140;1
18165142;0
18165144;1
18165146;0
18165148;1
18165150;1
18165152;0
18165154;1
18165156;0
18165158;0
18165160;0
18165162;0
18165164;0
18165166;0
18165168;1
18165170;0
18165174;0
18165176;1
18165178;1
18165180;1
18165182;0
18165184;0
18165186;0
18165188;0
18165190;0
18165192;0
18165194;0
18165196;1
18165208;0
18165212;0
18165214;0
18165218;1
18165228;0
18165232;1
18165234;1
18165236;1
18165238;0
18165240;0
18165242;0
18165244;0
18165246;0
18165326;1
18165328;0
18165330;1
18165332;0
18165334;0
18165336;0
18165338;1
18165340;0
18165342;0
18165344;0
18165348;0
18165350;0
18165352;0
18165354;0
18165356;1
18165358;0
18165362;1
18165364;0
18165366;0
18165368;1
18165370;1
18165372;0
18165376;1
18165378;0
18165380;0
18165382;1
18165384;1
18165386;0
18165388;0
18165390;0
18165392;1
18165394;1
18165396;0
18165398;1
18165400;1
18165402;0
18165404;1
18165406;1
18165408;0
18165410;0
18165414;0
18165416;1
18165418;0
18165420;0
18165422;0
18165424;0
18165426;0
18165428;0
18165430;1
18165432;0
18165434;0
18165436;0
18165438;0
18165440;1
18165442;0
18165444;1
18165446;1
18165448;0
18165450;1
18165452;0
18165454;1
18165458;1
18165460;0
18165462;1
18165464;1
18165466;0
18165468;0
18165470;0
18165474;0
18165476;0
18165478;1
18165480;1
18165484;0
18165486;0
18165488;0
18165490;0
18165492;0
18165494;0
18165496;0
18165498;0
18165500;0
18165502;0
18165504;0
18165506;0
18165508;0
18165510;0
18165512;0
18165518;0
18165526;0
18165528;1
18165530;0
18165532;1
18165538;0
18165548;0
18165550;0
18165552;1
18165562;0
18165564;0
18165566;0
18165568;0
18165570;1
18165572;0
18165574;0
18165576;1
18165578;1
18165580;0
18165582;0
18165584;0
18165586;1
18165588;0
18165590;1
18165592;0
18165594;0
18165596;0
18165600;0
18165602;0
18165604;0
18165606;1
18165608;1
18165612;1
18165644;0
18165646;1
18165648;0
18165650;0
18165652;1
18165654;0
18165656;1
18165668;0
18165684;0
18165688;0
18165690;0
18165716;0
18165718;1
18165722;1
18165730;0
18165732;0
18165736;1
18165738;0
18165740;0
18165742;0
18165744;0
18165746;0
18165748;0
18165750;0
18165762;0
18165764;0
18165766;0
18165768;1
18165770;0
18165772;0
18165774;1
18165814;1
18165816;0
18165818;0
18165820;1
18165822;1
18165824;0
18165826;0
18165828;0
18165830;1
18165832;0
18165834;1
18165836;0
18165838;0
18165840;1
18165842;0
18165844;1
18165846;0
18165848;1
18165850;0
18165862;0
18165864;1
18165866;1
18165868;0
18165870;0
18165886;1
18165888;0
18165890;0
18165892;0
18165914;0
18165916;0
18165918;0
18165920;0
18165922;1
18165924;1
18165926;0
18165928;1
18165930;0
18165932;0
18165934;0
18165936;1
18165938;1
18165940;0
18165942;0
18165944;0
18165946;0
18165948;1
18165952;0
18165954;0
18165956;0
18165958;0
18165960;1
18165962;0
18165972;0
18165974;1
18165976;0
18165978;0
18165980;0
18165982;1
18165984;0
18165986;0
18165990;0
18165992;0
18165994;1
18165996;1
18166000;1
18166002;1
18166004;1
18166006;1
18166008;1
18166010;1
18166016;0
18166018;0
18166020;1
18166022;0
18166024;0
18166026;0
18166028;0
18166030;0
18166100;0
18166102;1
18166114;1
18166116;0
18166118;1
18166120;0
18166122;0
18166124;1
18166126;0
18166130;0
18166132;0
18166134;0
18166136;0
18166144;1
18166152;0
18166154;1
18166156;1
18166158;1
18166160;0
18166162;0
18166164;0
18166166;1
18166168;0
18166170;1
18166172;0
18166174;1
18166176;0
18166178;1
18166180;0
18166182;0
18166204;0
18166206;0
18166208;1
18166210;1
18166212;0
18166214;0
18166276;0
18166278;0
18166280;0
18166282;1
18166284;0
18166286;0
18166288;0
18166290;1
18166292;1
18166294;0
18166296;0
18166298;1
18166300;0
18166302;0
18166304;1
18166306;0
18166308;0
18166310;0
18166332;1
18166334;0
18166336;0
18166338;0
18166340;1
18166342;0
18166344;0
18166346;0
18166348;0
18166350;0
18166352;1
18166354;0
18166356;1
18166358;0
18166360;0
18166362;1
18166364;0
18166366;1
18166368;1
18166370;1
18166372;1
18166374;1
18166376;1
18166378;1
18166380;1
18166382;1
18166384;0
18166386;1
18166388;1
18166390;1
18166392;1
18166394;1
18166398;0
18166400;0
18166402;1
18166404;1
18166406;0
18166408;0
18166410;0
18166412;1
18166414;1
18166416;0
18166418;1
18166420;0
18166422;0
18166424;0
18166438;1
18166444;1
18166446;1
18166448;0
18166450;0
18166452;0
18166458;0
18166460;0
18166462;0
18166464;1
18166466;0
18166476;0
18166478;1
18166480;1
18166482;0
18166520;0
18166522;0
18166524;0
18166526;0
18166528;0
18166530;1
18166568;0
18166570;0
18166572;0
18166576;0
18166578;0
18166582;0
18166588;0
18166592;0
18166626;1
18166628;1
18166630;1
18166632;0
18166634;0
18166636;1
18166638;0
18166642;0
18166644;1
18166646;1
18166648;1
18166650;1
18166652;0
18166656;0
18166658;1
18166660;1
18166662;0
18166664;1
18166666;1
18166668;0
18166670;0
18166672;0
18166674;1
18166676;1
18166678;0
18166684;0
18166686;0
18166688;0
18166690;0
18166692;0
18166694;0
18166696;0
18166698;1
18166700;0
18166704;1
18166706;0
18166708;0
18166710;1
18166714;0
18166716;0
18166718;0
18166720;0
18166722;0
18166726;0
18166728;0
18166730;0
18166734;0
18166736;0
18166738;1
18166740;0
18166742;1
18166744;0
18166746;0
18166748;1
18166750;0
18166754;0
18166756;1
18166758;1
18166760;0
18166762;0
18166764;0
18166766;0
18166768;1
18166770;0
18166772;0
18166774;0
18166776;1
18166778;0
18166780;0
18166784;0
18166786;0
18166788;0
18166790;1
18166792;0
18166796;0
18166798;0
18166802;0
18166804;1
18166808;0
18166810;0
18166812;0
18166852;1
18166854;1
18166856;1
18166860;1
18166862;0
18166864;1
18166866;0
18166870;0
18166892;1
18166894;0
18166896;1
18166898;0
18166900;0
18166946;0
18166948;0
18166952;0
18166962;1
18166974;0
18166976;0
18166980;1
18166982;1
18166984;0
18166986;1
18166988;0
18166990;0
18166992;1
18166994;0
18166996;0
18166998;0
18167000;1
18167002;0
18167004;1
18167006;1
18167008;1
18167014;0
18167018;1
18167020;0
18167026;1
18167028;0
18167030;0
18167032;0
18167034;0
18167036;0
18167038;1
18167040;0
18167066;0
18167068;1
18167070;0
18167072;1
18167074;0
18167076;1
18167082;1
18167086;0
18167090;0
18167092;0
18167094;1
18167096;0
18167100;0
18167102;0
18167106;1
18167108;0
18167112;0
18167202;0
18167204;0
18167216;0
18167218;0
18167220;1
18167222;0
18167224;1
18167226;0
18167228;0
18167230;0
18167232;1
18167236;0
18167238;0
18167242;0
18167244;0
18167246;0
18167248;0
18167250;0
18167252;0
18167254;1
18167256;0
18167258;1
18167260;0
18167262;0
18167266;0
18167268;1
18167270;1
18167272;0
18167274;1
18167276;0
18167278;0
18167280;1
18167282;0
18167284;0
18167286;0
18167288;0
18167290;0
18167292;0
18167294;1
18167296;0
18167298;1
18167300;0
18167302;1
18167306;0
18167308;1
18167310;0
18167312;0
18167316;0
18167318;0
18167320;1
18167322;0
18167324;1
18167326;0
18167328;0
18167330;0
18167332;0
18167334;0
18167336;0
18167338;1
18167340;1
18167342;0
18167344;1
18167346;0
18167348;0
18167350;0
18167352;0
18167354;0
18167356;0
18167358;0
18167360;1
18167362;1
18167364;0
18167368;0
18167370;0
18167378;0
18167380;0
18167382;1
18167392;1
18167394;0
18167396;0
18167400;0
18167402;0
18167404;1
18167406;1
18167408;1
18167410;1
18167412;1
18167414;0
18167416;1
18167418;0
18167420;0
18167422;0
18167424;0
18167426;1
18167428;1
18167430;0
18167432;1
18167438;1
18167448;0
18167450;0
18167456;1
18167458;0
18167460;0
18167462;1
18167464;0
18167466;0
18167468;0
18167470;1
18167472;1
18167474;0
18167478;0
18167480;1
18167482;0
18167486;0
18167490;0
18167492;0
18167494;1
18167496;0
18167498;1
18167500;0
18167502;0
18167504;1
18167506;0
18167508;1
18167510;0
18167512;0
18167514;0
18167516;1
18167518;0
18167520;0
18167522;0
18167524;1
18167526;0
18167528;1
18167530;0
18167532;0
18167536;0
18167538;1
18167540;0
18167552;1
18167554;0
18167556;0
18167566;1
18167598;1
18167600;1
18167602;0
18167604;0
18167606;0
18167608;0
18167610;0
18167626;0
18167640;0
18167642;0
18167644;1
18167666;1
18167668;1
18167670;0
18167672;1
18167674;1
18167676;1
18167678;0
18167680;0
18167682;0
18167684;1
18167686;0
18167688;0
18167690;0
18167692;0
18167694;0
18167696;1
18167698;0
18167700;0
18167702;0
18167704;1
18167706;0
18167708;0
18167710;0
18167712;1
18167714;0
18167716;1
18167718;0
18167720;0
18167722;0
18167724;0
18167726;1
18167728;0
18167730;0
18167734;1
18167736;0
18167738;1
18167740;0
18167742;1
18167748;0
18167750;1
18167752;1
18167754;0
18167756;0
18167762;0
18167764;0
18167766;0
18167768;1
18167770;0
18167772;0
18167778;0
18167782;0
18167784;1
18167812;1
18167814;1
18167816;1
18167818;1
18167820;1
18167822;1
18167824;0
18167832;0
18167834;1
18167836;0
18167838;0
18167840;1
18167842;1
18167844;0
18167846;1
18167848;0
18167850;0
18167854;0
18167856;1
18167858;1
18167860;1
18167862;0
18167864;0
18167866;0
18167868;0
18167870;0
18167872;0
18167940;0
18167942;0
18167944;1
18167946;0
18167948;0
18167950;0
18167972;0
18167974;0
18167976;1
18167978;1
18167980;0
18167982;0
18167984;1
18167986;1
18167988;1
18167990;0
18167992;0
18167994;1
18167996;0
18167998;1
18168000;0
18168002;0
18168004;0
18168006;0
18168008;0
18168010;0
18168014;0
18168016;0
18168018;0
18168020;1
18168022;1
18168024;1
18168026;1
18168028;0
18168030;0
18168032;0
18168034;0
18168036;0
18168038;1
18168040;0
18168042;1
18168044;0
18168046;1
18168048;1
18168050;0
18168052;1
18168054;0
18168056;1
18168058;1
18168060;0
18168062;1
18168064;0
18168098;0
18168100;0
18168106;0
18168108;1
18168110;1
18168168;0
18168170;0
18168198;0
18168200;1
18168202;1
18168204;0
18168206;0
18168208;0
18168210;0
18168222;1
18168232;1
18168234;0
18168236;1
18168238;0
18168240;0
18168242;0
18168244;1
18168248;0
18168250;0
18168252;0
18168254;0
18168256;0
18168258;0
18168260;1
18168262;1
18168264;0
18168266;0
18168268;0
18168270;1
18168272;1
18168274;1
18168276;0
18168278;0
18168280;0
18168282;1
18168286;1
18168298;0
18168312;0
18168314;0
18168316;1
18168318;0
18168320;0
18168322;0
18168324;0
18168326;0
18168328;0
18168330;1
18168332;0
18168354;0
18168356;0
18168358;0
18168360;0
18168362;0
18168364;0
18168366;0
18168368;1
18168370;0
18168402;0
18168412;0
18168414;0
18168416;0
18168418;0
18168420;0
18168422;0
18168434;0
18168436;1
18168440;0
18168442;0
18168444;0
18168446;0
18168448;0
18168452;1
18168454;1
18168456;1
18168472;0
18168474;0
18168476;0
18168478;0
18168480;0
18168482;0
18168484;1
18168486;1
18168488;0
18168490;0
18168492;0
18168494;0
18168498;0
18168500;0
18168502;0
18168504;0
18168506;0
18168508;0
18168510;0
18168512;0
18168514;0
18168516;1
18168520;0
18168522;1
18168524;0
18168526;0
18168528;0
18168530;0
18168532;1
18168534;1
18168536;0
18168538;0
18168540;0
18168542;1
18168544;0
18168546;0
18168548;1
18168552;0
18168554;0
18168556;0
18168580;0
18168582;1
18168584;0
18168586;0
18168588;0
18168590;0
18168604;1
18168606;0
18168608;0
18168610;0
18168612;0
18168614;1
18168626;0
18168654;0
18168656;0
18168658;0
18168686;1
18168688;0
18168690;1
18168694;0
18168696;0
18168716;1
18168718;0
18168720;0
18168722;1
18168724;0
18168726;1
18168728;0
18168730;0
18168802;0
18168804;0
18168806;1
18168808;1
18168810;1
18168812;0
18168814;1
18168816;1
18168818;0
18168820;0
18168822;0
18168824;0
18168826;0
18168828;0
18168830;0
18168832;0
18168834;1
18168836;0
18168838;1
18168840;0
18168842;1
18168844;1
18168846;1
18168848;1
18168852;0
18168854;0
18168856;0
18168858;0
18168872;0
18168874;0
18168876;1
18168878;1
18168880;1
18168882;1
18168884;0
18168886;1
18168888;1
18168890;0
18168892;1
18168894;1
18168896;1
18168898;0
18168900;1
18168902;0
18168904;0
18168906;0
18168908;0
18168910;0
18168912;1
18168914;0
18168916;0
18168918;1
18168920;1
18168922;0
18168924;1
18168928;1
18168930;0
18168932;1
18168934;0
18168936;0
18168938;0
18168940;0
18168942;0
18168944;1
18168946;1
18168948;1
18168950;0
18168952;0
18168954;1
18168956;1
18168958;1
18168960;1
18168962;0
18168964;1
18168966;0
18168968;1
18168970;0
18168972;0
18168978;1
18168980;0
18168982;0
18168984;0
18168986;0
18168988;0
18168990;0
18168992;0
18169000;0
18169008;1
18169010;0
18169040;0
18169042;0
18169044;0
18169046;1
18169048;0
18169050;1
18169052;1
18169054;0
18169056;0
18169058;0
18169060;0
18169062;0
18169064;1
18169068;0
18169070;0
18169072;1
18169074;0
18169076;0
18169078;0
18169082;0
18169084;1
18169086;0
18169088;0
18169090;0
18169092;0
18169094;0
18169096;0
18169102;1
18169104;0
18169106;0
18169110;0
18169112;0
18169114;0
18169116;1
18169118;0
18169120;0
18169122;0
18169124;0
18169126;0
18169128;1
18169130;1
18169132;0
18169134;0
18169136;0
18169138;0
18169140;0
18169142;0
18169144;0
18169146;0
18169148;0
18169150;1
18169152;0
18169154;0
18169158;0
18169162;0
18169164;0
18169168;0
18169170;0
18169172;0
18169174;0
18169176;1
18169178;1
18169180;0
18169186;0
18169190;0
18169194;0
18169196;1
18169198;1
18169202;1
18169204;1
18169206;0
18169208;0
18169210;0
18169212;0
18169214;0
18169216;0
18169218;1
18169222;1
18169224;0
18169226;0
18169228;0
18169230;1
18169232;1
18169234;0
18169236;0
18169238;1
18169240;1
18169242;0
18169244;0
18169246;0
18169248;1
18169250;0
18169252;0
18169254;1
18169256;0
18169258;0
18169260;1
18169262;1
18169264;0
18169266;0
18169270;0
18169272;1
18169274;0
18169278;1
18169280;0
18169282;0
18169336;0
18169342;0
18169344;1
18169346;0
18169348;0
18169350;1
18169352;0
18169354;1
18169356;0
18169358;1
18169360;0
18169362;0
18169364;0
18169372;0
18169374;0
18169376;0
18169378;0
18169380;1
18169382;0
18169384;0
18169386;0
18169388;0
18169390;0
18169392;0
18169394;0
18169398;0
18169400;1
18169402;0
18169404;0
18169406;1
18169408;0
18169410;0
18169412;0
18169414;0
18169416;0
18169418;1
18169420;1
18169422;0
18169424;0
18169426;1
18169428;1
18169430;0
18169432;1
18169436;1
18169438;1
18169444;0
18169446;0
18169448;1
18169452;1
18169456;0
18169458;0
18169482;0
18169484;0
18169510;1
18169540;0
18169542;0
18169544;1
18169546;0
18169550;0
18169552;0
18169554;0
18169598;1
18169600;0
18169602;1
18169604;0
18169606;0
18169608;0
18169610;0
18169612;1
18169614;1
18169616;1
18169618;1
18169620;0
18169622;0
18169624;1
18169626;1
18169628;1
18169630;1
18169632;0
18169634;0
18169636;0
18169638;1
18169640;1
18169644;1
18169646;1
18169648;1
18169650;0
18169652;0
18169654;0
18169656;0
18169658;0
18169660;0
18169662;0
18169664;1
18169666;0
18169668;0
18169670;0
18169672;0
18169674;0
18169676;0
18169678;0
18169680;0
18169684;0
18169686;1
18169696;1
18169698;0
18169700;0
18169702;0
18169704;0
18169706;0
18169708;0
18169710;0
18169712;1
18169714;1
18169716;0
18169722;0
18169724;0
18169726;0
18169748;0
18169750;0
18169752;1
18169754;1
18169758;0
18169760;0
18169762;0
18169764;1
18169766;1
18169768;0
18169770;1
18169794;0
18169796;0
18169800;1
18169802;1
18169804;0
18169806;0
18169808;0
18169810;0
18169812;1
18169814;0
18169816;0
18169818;0
18169852;1
18169854;0
18169856;0
18169858;0
18169860;1
18169862;0
18169866;1
18169868;0
18169870;0
18169872;0
18169874;1
18169876;0
18169878;1
18169882;0
18169884;1
18169886;0
18169888;0
18169890;1
18169892;1
18169894;1
18169896;1
18169900;0
18169902;0
18169904;1
18169906;0
18169908;0
18169910;1
18169912;0
18169914;1
18169918;0
18169920;0
18169922;1
18169924;1
18169928;0
18169930;0
18169932;0
18169934;0
18169936;1
18169938;1
18169940;1
18169942;0
18169944;0
18169948;0
18169950;1
18169952;0
18169954;1
18169956;0
18169958;1
18169960;0
18169962;1
18169964;0
18169966;1
18169968;1
18169970;0
18169972;0
18169974;0
18169976;0
18169978;1
18169980;0
18169982;1
18169984;1
18169988;0
18169990;1
18169992;0
18169994;1
18169996;0
18169998;1
18170000;1
18170002;1
18170004;0
18170006;0
18170008;0
18170010;0
18170012;1
18170014;0
18170016;0
18170018;1
18170020;0
18170022;0
18170024;1
18170026;0
18170028;0
18170030;1
18170032;0
18170034;0
18170036;1
18170038;0
18170040;1
18170042;0
18170044;0
18170046;0
18170048;0
18170050;0
18170052;0
18170054;0
18170056;1
18170154;1
18170156;0
18170158;1
18170160;0
18170162;1
18170164;0
18170166;1
18170168;1
18170170;0
18170202;1
18170204;1
18170206;1
18170208;0
18170210;0
18170212;0
18170214;1
18170216;1
18170218;0
18170222;1
18170224;0
18170226;0
18170228;0
18170230;0
18170254;0
18170256;0
18170272;1
18170274;0
18170276;0
18170278;0
18170282;0
18170284;0
18170286;0
18170288;0
18170290;0
18170292;0
18170294;0
18170296;0
18170298;0
18170300;0
18170302;0
18170304;1
18170306;0
18170308;0
18170310;0
18170312;1
18170314;0
18170318;1
18170320;0
18170322;1
18170324;0
18170326;0
18170328;0
18170330;1
18170332;0
18170334;1
18170336;0
18170346;0
18170352;0
18170354;0
18170360;0
18170362;0
18170364;1
18170366;0
18170368;0
18170370;1
18170378;0
18170380;0
18170382;0
18170384;0
18170386;0
18170388;1
18170390;0
18170392;1
18170394;0
18170396;1
18170398;0
18170400;1
18170402;0
18170404;0
18170406;0
18170408;0
18170410;0
18170412;0
18170414;1
18170416;0
18170418;0
18170420;0
18170422;1
18170424;1
18170426;0
18170428;0
18170430;0
18170432;0
18170436;0
18170438;0
18170440;0
18170444;1
18170446;0
18170448;1
18170450;0
18170452;1
18170454;0
18170456;0
18170460;1
18170462;0
18170464;0
18170466;1
18170468;1
18170470;0
18170472;1
18170474;0
18170476;1
18170478;1
18170480;1
18170482;0
18170484;0
18170486;0
18170488;1
18170490;0
18170492;1
18170496;1
18170498;1
18170500;0
18170512;0
18170514;0
18170516;0
18170518;0
18170520;0
18170522;0
18170526;1
18170528;0
18170530;0
18170532;0
18170534;0
18170536;0
18170538;0
18170540;0
18170542;0
18170544;1
18170546;1
18170548;0
18170580;0
18170582;0
18170584;1
18170586;1
18170588;0
18170590;1
18170596;0
18170598;0
18170640;0
18170642;0
18170644;0
18170646;0
18170648;0
18170650;0
18170652;0
18170654;1
18170656;1
18170658;1
18170660;1
18170662;1
18170664;0
18170670;1
18170672;0
18170674;0
18170676;0
18170678;0
18170680;1
18170682;1
18170684;0
18170686;0
18170688;1
18170690;0
18170692;1
18170694;0
18170696;0
18170698;0
18170700;0
18170702;0
18170706;1
18170708;0
18170710;0
18170714;0
18170716;1
18170718;0
18170720;0
18170722;0
18170724;0
18170726;1
18170728;0
18170730;0
18170732;1
18170736;0
18170738;0
18170740;0
18170742;0
18170744;0
18170746;0
18170748;0
18170752;0
18170754;0
18170756;1
18170758;0
18170760;0
18170762;0
18170764;0
18170766;0
18170768;0
18170770;0
18170772;1
18170774;0
18170776;1
18170778;1
18170780;1
18170782;0
18170784;0
18170786;0
18170788;0
18170790;0
18170792;0
18170794;1
18170796;0
18170798;0
18170806;0
18170808;1
18170810;0
18170820;0
18170822;0
18170824;1
18170826;0
18170828;0
18170830;0
18170832;0
18170834;0
18170844;0
18170846;1
18170848;0
18170850;1
18170852;1
18170856;1
18170860;1
18170862;0
18170864;1
18170866;0
18170868;0
18170872;0
18170874;0
18170876;0
18170878;0
18170880;0
18170892;0
18170896;0
18170898;0
18170900;1
18170902;0
18170904;1
18170906;1
18170908;1
18170910;0
18170912;1
18170916;0
18170918;1
18170920;0
18170922;1
18170924;0
18170926;1
18170928;0
18170934;1
18170936;1
18170938;0
18170940;0
18170944;0
18170946;1
18171020;1
18171024;0
18171026;0
18171028;0
18171030;0
18171032;1
18171034;1
18171036;0
18171038;0
18171040;0
18171042;0
18171044;0
18171046;1
18171048;0
18171050;0
18171052;0
18171054;0
18171056;1
18171058;0
18171140;1
18171142;0
18171144;0
18171146;0
18171148;0
18171150;0
18171152;1
18171162;0
18171198;0
18171210;0
18171212;0
18171214;1
18171216;1
18171218;1
18171220;0
18171224;1
18171226;1
18171228;0
18171230;1
18171232;0
18171234;1
18171236;0
18171250;0
18171252;0
18171254;1
18171256;0
18171258;0
18171260;0
18171262;0
18171266;1
18171268;1
18171270;0
18171272;0
18171274;1
18171276;0
18171278;1
18171280;0
18171282;1
18171284;0
18171286;1
18171288;0
18171290;0
18171292;1
18171294;0
18171296;0
18171298;1
18171300;0
18171302;1
18171304;0
18171306;1
18171308;0
18171310;0
18171312;1
18171314;0
18171320;0
18171324;0
18171326;0
18171330;1
18171332;1
18171336;0
18171338;1
18171340;1
18171342;0
18171344;0
18171346;0
18171348;0
18171350;1
18171352;0
18171354;0
18171356;0
18171358;0
18171360;1
18171362;1
18171364;1
18171366;0
18171368;0
18171372;1
18171390;0
18171392;0
18171394;0
18171396;1
18171398;0
18171400;0
18171402;1
18171406;0
18171408;0
18171410;0
18171414;0
18171468;0
18171470;1
18171474;0
18171476;0
18171492;0
18171504;0
18171506;0
18171508;0
18171510;1
18171512;0
18171514;0
18171516;0
18171518;1
18171520;0
18171522;1
18171524;1
18171526;0
18171552;0
18171554;0
18171556;0
18171558;0
18171560;0
18171562;0
18171570;0
18171574;1
18171576;0
18171578;1
18171602;0
18171604;0
18171606;0
18171608;1
18171610;1
18171612;0
18171614;0
18171616;1
18171618;1
18171620;1
18171622;0
18171624;1
18171626;0
18171628;0
18171630;1
18171632;0
18171634;1
18171636;0
18171638;0
18171640;0
18171642;0
18171644;0
18171646;0
18171648;1
18171650;0
18171652;1
18171654;1
18171656;1
18171658;0
18171660;1
18171662;1
18171664;0
18171666;0
18171670;0
18171672;0
18171674;1
18171704;1
18171706;0
18171708;0
18171710;0
18171732;1
18171734;0
18171736;1
18171738;0
18171740;0
18171742;0
18171744;0
18171746;0
18171748;0
18171750;1
18171752;0
18171754;1
18171756;0
18171758;0
18171762;1
18171764;0
18171766;0
18171774;1
18171778;0
18171780;0
18171782;0
18171784;0
18171786;1
18171832;1
18171834;0
18171836;1
18171838;0
18171840;1
18171842;0
18171844;1
18171846;1
18171856;0
18171858;0
18171860;1
18171862;1
18171864;0
18171866;0
18171868;0
18171870;0
18171872;0
18171874;0
18171876;0
18171888;1
18171890;1
18171892;0
18171894;0
18171896;0
18171898;1
18171900;1
18171904;0
18171906;1
18171908;0
18171910;1
18171912;0
18171914;0
18171916;0
18171918;1
18171920;1
18171922;0
18171924;0
18171926;0
18171928;0
18171930;0
18171932;1
18171936;0
18171938;1
18171940;0
18171942;0
18171944;0
18171946;0
18171950;1
18171952;0
18171954;0
18171956;1
18171958;1
18171960;0
18171962;1
18171964;0
18171966;0
18171968;0
18171970;0
18172004;1
18172006;0
18172008;1
18172010;0
18172050;0
18172052;0
18172066;0
18172068;1
18172070;0
18172084;0
18172086;1
18172092;1
18172094;0
18172096;1
18172098;1
18172100;0
18172102;0
18172106;1
18172108;0
18172110;0
18172112;0
18172114;1
18172116;0
18172118;0
18172120;0
18172122;0
18172128;0
18172130;1
18172132;1
18172134;0
18172136;0
18172152;0
18172154;0
18172156;0
18172158;0
18172160;0
18172162;0
18172164;0
18172168;0
18172170;1
18172172;1
18172174;0
18172178;0
18172180;0
18172182;0
18172184;0
18172190;0
18172192;1
18172194;0
18172198;0
18172200;0
18172202;1
18172204;1
18172206;0
18172208;0
18172210;0
18172212;1
18172214;1
18172216;1
18172218;1
18172220;0
18172222;1
18172224;0
18172226;1
18172228;0
18172230;1
18172232;1
18172234;1
18172236;0
18172238;0
18172240;0
18172242;1
18172244;0
18172246;1
18172248;1
18172250;0
18172254;0
18172256;0
18172260;1
18172262;1
18172264;1
18172270;0
18172272;1
18172274;0
18172276;0
18172278;1
18172280;1
18172284;1
18172286;1
18172288;1
18172290;0
18172292;1
18172294;0
18172296;0
18172298;1
18172300;1
18172304;0
18172306;1
18172308;1
18172310;1
18172312;0
18172350;0
18172356;1
18172358;0
18172360;1
18172362;0
18172364;0
18172386;1
18172388;1
18172390;1
18172392;0
18172398;1
18172400;1
18172402;0
18172404;1
18172406;0
18172408;0
18172410;1
18172412;0
18172414;1
18172416;0
18172418;1
18172420;1
18172424;0
18172428;0
18172430;0
18172434;0
18172436;0
18172438;0
18172440;0
18172444;1
18172448;1
18172450;1
18172452;0
18172454;1
18172456;1
18172458;0
18172460;0
18172464;0
18172472;0
18172482;0
18172484;1
18172486;0
18172488;1
18172490;0
18172492;1
18172494;1
18172496;0
18172498;1
18172500;1
18172502;1
18172504;0
18172506;0
18172508;0
18172510;0
18172514;0
18172516;1
18172518;0
18172520;1
18172524;0
18172526;0
18172528;1
18172544;0
18172546;0
18172548;1
18172550;0
18172578;1
18172580;1
18172582;0
18172584;1
18172586;1
18172588;0
18172590;0
18172594;1
18172596;0
18172598;0
18172600;0
18172602;1
18172604;1
18172606;0
18172608;0
18172610;1
18172624;1
18172626;0
18172628;0
18172630;1
18172632;1
18172634;1
18172638;1
18172642;1
18172646;0
18172650;0
18172656;1
18172660;1
18172662;0
18172664;0
18172666;0
18172668;0
18172670;0
18172672;1
18172674;0
18172678;0
18172680;1
18172682;0
18172684;1
18172686;0
18172688;1
18172690;1
18172692;1
18172694;0
18172704;0
18172708;0
18172710;0
18172712;0
18172714;1
18172716;0
18172718;1
18172720;0
18172722;0
18172724;0
18172726;0
18172728;1
18172730;1
18172732;1
18172734;0
18172736;0
18172738;0
18172740;0
18172742;1
18172744;1
18172746;1
18172748;0
18172750;0
18172752;1
18172754;1
18172756;1
18172758;1
18172760;0
18172762;1
18172764;1
18172766;1
18172770;0
18172772;0
18172774;0
18172776;0
18172778;0
18172780;0
18172788;0
18172790;1
18172792;0
18172794;0
18172824;0
18172826;0
18172874;0
18172878;0
18172880;0
18172882;1
18172884;1
18172886;1
18172888;1
18172890;0
18172892;0
18172894;1
18172896;0
18172900;0
18172902;1
18172912;0
18172914;0
18172916;0
18172918;0
18172920;1
18172922;1
18172924;0
18172926;0
18172928;1
18172930;1
18172932;0
18172934;0
18172936;0
18172938;0
18172940;0
18172942;1
18172944;0
18172946;0
18172948;1
18172950;1
18172952;0
18172954;0
18172956;0
18172958;0
18172964;1
18172966;1
18172968;0
18172970;0
18172974;0
18172976;0
18172978;0
18172980;0
18172984;0
18172986;0
18172988;1
18172990;0
18172992;1
18172994;0
18172996;0
18173000;1
18173002;1
18173004;1
18173006;0
18173008;0
18173136;0
18173138;0
18173140;0
18173142;0
18173144;0
18173146;0
18173148;1
18173150;0
18173162;0
18173164;1
18173166;0
18173168;0
18173170;0
18173192;1
18173194;0
18173202;1
18173204;0
18173206;1
18173208;0
18173210;0
18173212;0
18173214;0
18173216;0
18173218;1
18173220;1
18173222;1
18173224;1
18173226;0
18173228;1
18173230;0
18173232;1
18173234;0
18173236;0
18173238;0
18173240;0
18173242;0
18173262;0
18173264;1
18173272;0
18173274;0
18173276;1
18173278;1
18173280;0
18173282;1
18173284;0
18173286;0
18173288;0
18173290;0
18173292;0
18173294;0
18173296;0
18173298;0
18173300;0
18173302;0
18173304;1
18173306;0
18173308;0
18173312;0
18173314;0
18173316;0
18173318;0
18173320;0
18173322;1
18173324;0
18173326;1
18173328;1
18173330;0
18173332;0
18173334;0
18173338;0
18173340;1
18173342;0
18173344;1
18173352;1
18173354;0
18173356;0
18173358;0
18173360;0
18173362;0
18173364;1
18173366;0
18173396;1
18173400;1
18173404;0
18173406;0
18173408;0
18173430;1
18173434;1
18173436;0
18173438;1
18173440;1
18173442;1
18173444;0
18173446;0
18173448;0
18173504;0
18173506;0
18173512;1
18173514;0
18173516;0
18173552;0
18173560;0
18173562;1
18173564;0
18173566;0
18173568;0
18173570;1
18173604;0
18173624;1
18173628;1
18173630;0
18173632;1
18173636;1
18173638;0
18173640;0
18173642;0
18173644;0
18173646;0
18173648;0
18173652;0
18173672;0
18173674;0
18173676;1
18173678;0
18173692;0
18173694;1
18173696;0
18173698;1
18173700;1
18173702;0
18173704;1
18173706;0
18173724;1
18173726;0
18173730;0
18173752;1
18173754;1
18173756;0
18173758;1
18173760;0
18173764;0
18173766;0
18173768;0
18173770;0
18173772;0
18173774;0
18173776;0
18173778;0
18173780;1
18173782;0
18173784;0
18173786;0
18173788;1
18173790;1
18173792;0
18173794;1
18173796;0
18173798;0
18173800;0
18173802;0
18173806;1
18173808;0
18173810;1
18173812;1
18173816;0
18173818;0
18173820;0
18173822;0
18173824;1
18173826;0
18173828;0
18173834;1
18173838;0
18173840;0
18173842;0
18173844;0
18173846;0
18173848;0
18173856;0
18173858;1
18173860;1
18173862;1
18173864;0
18173866;1
18173868;0
18173870;0
18173872;1
18173878;0
18173880;0
18173882;0
18173884;0
18173886;1
18173888;1
18173890;0
18173892;0
18173894;1
18173896;0
18173898;0
18173900;0
18173902;0
18173904;0
18173906;0
18173908;0
18173910;0
18173912;1
18173914;1
18173916;1
18173920;0
18173924;1
18173926;0
18173928;0
18173930;0
18173932;0
18173936;0
18173938;1
18173940;0
18173942;0
18173944;1
18173946;1
18173948;0
18173950;0
18173952;0
18173984;0
18173986;0
18173988;0
18173990;1
18174012;1
18174014;0
18174016;0
18174018;1
18174020;0
18174022;0
18174024;1
18174026;0
18174028;1
18174030;0
18174032;0
18174034;0
18174040;0
18174042;0
18174044;0
18174050;0
18174052;0
18174054;0
18174056;0
18174058;1
18174060;1
18174062;1
18174064;0
18174066;0
18174068;1
18174070;0
18174072;1
18174074;0
18174076;1
18174078;1
18174084;0
18174092;1
18174094;0
18174096;0
18174098;0
18174100;0
18174102;1
18174134;0
18174136;1
18174138;0
18174140;1
18174156;0
18174158;0
18174160;0
18174164;1
18174166;0
18174168;0
18174170;0
18174172;1
18174174;0
18174178;0
18174180;0
18174182;1
18174184;0
18174186;1
18174190;0
18174198;0
18174200;1
18174202;0
18174204;1
18174208;0
18174210;1
18174252;0
18174254;1
18174260;0
18174262;1
18174264;1
18174266;0
18174268;0
18174270;1
18174272;0
18174276;1
18174278;0
18174280;1
18174284;0
18174286;0
18174288;0
18174296;1
18174298;0
18174300;1
18174302;1
18174304;0
18174306;1
18174308;0
18174310;0
18174312;0
18174314;1
18174316;0
18174318;1
18174320;0
18174322;1
18174324;1
18174326;1
18174328;1
18174330;1
18174332;1
18174334;1
18174336;0
18174340;0
18174342;1
18174344;0
18174346;0
18174348;0
18174350;0
18174352;1
18174356;1
18174358;0
18174364;0
18174366;0
18174368;0
18174372;0
18174374;0
18174376;1
18174378;0
18174380;0
18174384;0
18174386;0
18174388;0
18174390;1
18174392;0
18174396;1
18174398;0
18174404;0
18174406;0
18174408;0
18174410;0
18174412;0
18174438;0
18174440;1
18174442;0
18174458;0
18174460;0
18174462;1
18174464;0
18174466;1
18174468;1
18174470;0
18174472;1
18174474;0
18174476;1
18174478;0
18174480;0
18174482;1
18174484;0
18174486;1
18174492;1
18174494;1
18174496;1
18174498;1
18174500;0
18174502;0
18174504;1
18174506;0
18174508;1
18174510;0
18174512;0
18174514;0
18174516;0
18174522;0
18174524;1
18174526;0
18174528;1
18174530;1
18174550;1
18174560;0
18174562;0
18174564;0
18174566;0
18174568;0
18174570;1
18174580;1
18174592;0
18174594;0
18174596;1
18174598;0
18174600;1
18174602;0
18174604;0
18174606;1
18174608;0
18174610;0
18174612;0
18174614;0
18174616;0
18174618;0
18174620;0
18174622;0
18174624;0
18174626;1
18174628;0
18174630;0
18174632;0
18174634;0
18174636;1
18174638;0
18174640;1
18174642;0
18174644;0
18174646;0
18174648;0
18174650;1
18174652;0
18174654;0
18174656;0
18174658;0
18174662;0
18174666;0
18174668;0
18174670;0
18174672;0
18174674;1
18174676;0
18174678;0
18174680;0
18174682;0
18174684;0
18174686;0
18174688;1
18174690;0
18174692;1
18174746;0
18174748;1
18174750;1
18174752;0
18174754;0
18174756;0
18174758;0
18174760;1
18174762;0
18174764;1
18174766;0
18174768;1
18174776;1
18174778;1
18174780;1
18174782;0
18174784;0
18174786;1
18174788;0
18174790;1
18174804;0
18174806;1
18174808;0
18174810;0
18174812;0
18174816;0
18174818;0
18174820;1
18174822;0
18174824;0
18174826;0
18174828;0
18174830;1
18174832;0
18174834;0
18174836;0
18174838;0
18174840;0
18174842;0
18174844;0
18174846;0
18174848;0
18174850;0
18174852;0
18174854;1
18174858;1
18174860;1
18174862;1
18174864;0
18174868;1
18174876;0
18174878;0
18174882;1
18174884;1
18174886;1
18174888;0
18174890;0
18174894;0
18174896;0
18174898;0
18174900;0
18174912;0
18174914;0
18174916;0
18174920;0
18174924;0
18174926;1
18174930;0
18174932;0
18174934;0
18174936;0
18174938;0
18174940;1
18174942;1
18174944;1
18174946;0
18174990;0
18174992;0
18175020;1
18175022;0
18175024;0
18175028;0
18175036;0
18175038;0
18175040;0
18175042;0
18175054;0
18175056;1
18175058;0
18175060;0
18175062;0
18175064;1
18175066;0
18175068;0
18175070;0
18175076;0
18175078;0
18175080;0
18175088;1
18175090;1
18175100;0
18175102;0
18175104;1
18175106;1
18175110;0
18175112;1
18175114;0
18175116;0
18175118;0
18175120;0
18175124;1
18175126;0
18175132;1
18175136;0
18175138;0
18175140;0
18175142;0
18175144;0
18175152;0
18175154;1
18175156;0
18175160;0
18175166;0
18175168;1
18175170;0
18175176;1
18175192;1
18175194;1
18175196;0
18175204;1
18175206;0
18175208;0
18175210;0
18175214;0
18175216;0
18175218;0
18175220;0
18175222;0
18175224;0
18175226;1
18175228;1
18175230;1
18175234;0
18175238;0
18175240;1
18175244;0
18175246;0
18175248;1
18175250;0
18175254;1
18175256;0
18175258;0
18175260;0
18175262;1
18175264;0
18175266;1
18175270;0
18175274;1
18175276;0
18175278;0
18175280;0
18175282;0
18175284;0
18175286;0
18175290;1
18175292;0
18175294;0
18175296;1
18175300;0
18175302;0
18175304;1
18175306;0
18175314;0
18175318;1
18175320;0
18175324;0
18175326;0
18175330;1
18175332;0
18175338;0
18175340;1
18175342;1
18175344;0
18175346;1
18175348;1
18175366;0
18175368;0
18175370;1
18175392;1
18175394;0
18175396;1
18175400;0
18175402;0
18175412;0
18175416;0
18175418;1
18175420;1
18175422;1
18175424;0
18175426;0
18175430;1
18175456;0
18175458;0
18175462;1
18175464;0
18175484;0
18175486;0
18175488;1
18175490;1
18175508;0
18175510;0
18175512;0
18175514;1
18175516;0
18175518;1
18175522;0
18175524;0
18175526;0
18175528;0
18175530;1
18175532;0
18175534;0
18175536;0
18175538;0
18175540;0
18175542;0
18175544;1
18175546;1
18175548;0
18175550;1
18175554;1
18175558;0
18175560;1
18175572;1
18175574;0
18175608;0
18175610;0
18175614;0
18175616;0
18175622;0
18175624;0
18175626;1
18175628;0
18175632;0
18175634;0
18175636;0
18175640;1
18175642;0
18175652;0
18175654;0
18175658;1
18175660;0
18175662;0
18175706;0
18175708;0
18175710;0
18175714;1
18175716;1
18175718;0
18175720;0
18175732;0
18175756;1
18175758;0
18175760;0
18175762;0
18175766;0
18175780;0
18175782;1
18175784;0
18175786;1
18175788;0
18175790;0
18175792;0
18175794;0
18175796;0
18175800;0
18175802;0
18175804;0
18175806;1
18175808;1
18175810;0
18175812;0
18175814;0
18175832;1
18175834;0
18175838;1
18175840;0
18175844;1
18175846;1
18175848;0
18175854;0
18175856;0
18175858;1
18175860;0
18175864;0
18175866;0
18175868;0
18175870;0
18175886;1
18175892;1
18175894;0
18175896;1
18175900;1
18175904;0
18175906;1
18175908;0
18175910;0
18175912;0
18175914;0
18175916;0
18175918;0
18175920;0
18175922;0
18175924;1
18175926;1
18175932;0
18175936;0
18175938;0
18175940;0
18175942;0
18175944;0
18175946;0
18175948;1
18175950;1
18176002;0
18176006;1
18176008;1
18176010;0
18176048;0
18176050;0
18176060;0
18176062;1
18176064;0
18176080;0
18176082;1
18176084;0
18176088;0
18176090;0
18176092;0
18176094;0
18176100;1
18176102;0
18176106;0
18176110;0
18176112;1
18176114;0
18176116;0
18176118;0
18176142;1
18176150;1
18176172;0
18176176;1
18176178;0
18176180;1
18176182;0
18176184;0
18176186;1
18176188;0
18176190;0
18176192;0
18176200;1
18176202;0
18176206;1
18176210;0
18176218;0
18176220;1
18176222;1
18176224;0
18176226;0
18176228;1
18176230;0
18176232;1
18176236;0
18176238;0
18176240;1
18176244;0
18176248;0
18176252;0
18176254;0
18176258;0
18176260;1
18176264;1
18176266;1
18176270;0
18176272;0
18176274;0
18176276;0
18176278;0
18176280;0
18176288;1
18176290;1
18176292;1
18176294;0
18176298;1
18176300;0
18176302;0
18176304;0
18176306;1
18176308;1
18176312;0
18176316;0
18176318;0
18176320;1
18176324;0
18176326;0
18176328;1
18176338;0
18176340;0
18176342;0
18176344;0
18176346;1
18176348;1
18176350;0
18176354;0
18176356;0
18176358;1
18176360;0
18176364;1
18176366;0
18176368;0
18176370;0
18176376;0
18176382;0
18176384;0
18176388;0
18176392;0
18176396;1
18176400;1
18176402;0
18176404;1
18176406;0
18176408;0
18176410;1
18176412;0
18176414;0
18176416;1
18176420;0
18176422;0
18176424;0
18176426;1
18176428;0
18176430;1
18176432;0
18176434;0
18176436;0
18176438;0
18176440;1
18176442;1
18176444;1
18176450;0
18176452;0
18176454;1
18176456;0
18176504;0
18176526;0
18176540;1
18176552;0
18176564;0
18176566;1
18176568;0
18176570;0
18176572;0
18176574;0
18176576;0
18176578;0
18176582;1
18176584;0
18176586;0
18176588;0
18176590;0
18176594;1
18176596;0
18176598;1
18176606;0
18176608;1
18176610;1
18176612;0
18176614;0
18176616;0
18176618;1
18176620;0
18176624;0
18176626;0
18176628;1
18176630;0
18176632;1
18176634;0
18176638;0
18176640;0
18176642;0
18176644;1
18176646;0
18176650;0
18176652;1
18176654;0
18176658;0
18176660;1
18176666;1
18176668;1
18176670;0
18176692;1
18176694;0
18176696;0
18176698;1
18176700;0
18176704;0
18176706;1
18176708;0
18176710;1
18176722;1
18176732;0
18176738;0
18176740;1
18176742;1
18176744;1
18176746;0
18176748;0
18176752;1
18176754;0
18176756;1
18176764;1
18176774;0
18176776;0
18176796;1
18176800;0
18176802;0
18176804;0
18176818;1
18176820;1
18176824;1
18176838;0
18176840;1
18176844;0
18176846;1
18176848;1
18176850;0
18176852;0
18176860;1
18176862;1
18176864;0
18176868;1
18176872;0
18176874;1
18176880;0
18176884;1
18176886;1
18176888;0
18176890;0
18176896;0
18176898;1
18176900;0
18176902;0
18176904;1
18176906;0
18176908;0
18176910;1
18176912;1
18176914;0
18176916;0
18176918;0
18176920;0
18176922;1
18176924;0
18176926;1
18176928;1
18176930;0
18176932;0
18176940;1
18176942;0
18176944;1
18176946;0
18176954;1
18176956;0
18176958;1
18176960;0
18176962;1
18176964;0
18176966;1
18176968;0
18176970;0
18176998;0
18177000;1
18177002;0
18177012;0
18177014;0
18177016;0
18177018;0
18177020;0
18177022;0
18177024;0
18177026;1
18177028;1
18177032;0
18177034;0
18177068;0
18177070;0
18177072;1
18177074;0
18177076;0
18177080;0
18177082;0
18177084;0
18177086;0
18177088;0
18177090;0
18177106;0
18177128;1
18177130;1
18177136;1
18177138;0
18177142;1
18177144;1
18177146;0
18177148;1
18177150;0
18177152;0
18177154;0
18177156;0
18177158;1
18177160;0
18177162;0
18177164;0
18177166;0
18177168;0
18177170;1
18177176;1
18177178;0
18177180;0
18177182;0
18177184;0
18177186;0
18177196;1
18177198;1
18177202;1
18177204;1
18177208;0
18177210;1
18177212;1
18177214;0
18177216;1
18177218;0
18177222;1
18177224;0
18177226;0
18177228;0
18177230;0
18177232;0
18177240;1
18177242;0
18177244;1
18177246;0
18177248;0
18177250;0
18177254;0
18177256;0
18177278;1
18177294;0
18177296;1
18177298;1
18177300;1
18177302;0
18177310;0
18177330;1
18177354;0
18177356;0
18177358;1
18177360;0
18177362;0
18177368;0
18177370;0
18177372;0
18177374;1
18177376;0
18177378;1
18177380;0
18177384;0
18177392;1
18177394;0
18177396;0
18177398;0
18177408;0
18177412;1
18177414;0
18177416;0
18177418;1
18177432;0
18177438;0
18177440;1
18177442;0
18177446;1
18177448;1
18177454;0
18177456;1
18177458;0
18177474;0
18177476;0
18177478;0
18177480;0
18177482;0
18177484;1
18177486;0
18177488;0
18177490;0
18177494;1
18177496;1
18177498;0
18177500;0
18177502;1
18177504;0
18177506;0
18177510;1
18177512;0
18177514;0
18177516;0
18177518;0
18177520;0
18177522;1
18177528;0
18177532;0
18177536;1
18177550;0
18177552;0
18177554;1
18177564;1
18177568;0
18177570;0
18177572;1
18177576;0
18177578;1
18177580;0
18177582;1
18177584;0
18177626;1
18177628;1
18177630;0
18177686;0
18177688;0
18177690;1
18177752;0
18177756;1
18177758;0
18177760;0
18177764;0
18177766;0
18177770;1
18177774;1
18177776;0
18177778;0
18177780;0
18177782;0
18177784;0
18177786;0
18177788;1
18177790;0
18177792;0
18177794;1
18177796;0
18177826;1
18177830;1
18177832;0
18177834;0
18177836;1
18177838;1
18177840;0
18177842;1
18177844;0
18177846;1
18177848;0
18177850;0
18177852;0
18177854;0
18177858;1
18177860;1
18177870;1
18177872;0
18177876;0
18177878;0
18177880;0
18177882;0
18177886;0
18177892;1
18177896;0
18177898;1
18177900;1
18177902;0
18177934;0
18177938;1
18177940;0
18177942;1
18177944;1
18177946;0
18177948;1
18177950;0
18177952;0
18177954;0
18177972;1
18177974;1
18177976;0
18177978;0
18177990;1
18178212;0
18178214;0
18178216;1
18178218;0
18178220;0
18178222;0
18178224;1
18178240;1
18178242;0
18178244;0
18178246;0
18178248;0
18178258;0
18178268;0
18178270;0
18178272;1
18178274;1
18178292;0
18178298;0
18178300;0
18178302;0
18178304;0
18178312;0
18178314;0
18178316;1
18178318;0
18178320;0
18178322;1
18178324;0
18178326;1
18178328;0
18178330;0
18178374;1
18178376;1
18178380;0
18178382;1
18178384;1
18178386;0
18178388;1
18178390;0
18178410;0
18178412;1
18178414;0
18178418;0
18178420;0
18178422;1
18178458;0
18178462;1
18178464;1
18178466;0
18178468;0
18178470;0
18178488;1
18178490;0
18178492;0
18178494;0
18178496;1
18178498;1
18178500;1
18178502;0
18178506;0
18178508;0
18178516;0
18178530;0
18178532;0
18178534;0
18178538;1
18178540;1
18178550;0
18178552;1
18178554;0
18178556;0
18178558;0
18178572;0
18178574;0
18178576;0
18178592;0
18178594;0
18178596;0
18178598;0
18178600;0
18178602;1
18178606;0
18178608;1
18178610;1
18178612;1
18178614;0
18178616;0
18178622;1
18178624;0
18178626;1
18178630;0
18178632;0
18178634;1
18178638;0
18178640;1
18178642;0
18178644;0
18178646;0
18178654;0
18178656;0
18178658;1
18178660;0
18178662;1
18178666;0
18178668;0
18178670;0
18178672;1
18178674;0
18178678;0
18178682;0
18178684;0
18178686;0
18178688;0
18178748;1
18178750;1
18178758;1
18178760;1
18178848;0
18178850;1
18178852;0
18178854;1
18178856;0
18178858;0
18178862;0
18178868;1
18178870;1
18178912;0
18178916;0
18178928;0
18178930;1
18178986;0
18178988;1
18178994;0
18179002;1
18179004;0
18179008;0
18179016;1
18179042;1
18179044;0
18179046;1
18179048;1
18179072;0
18179074;1
18179076;0
18179114;1
18179116;0
18179118;1
18179120;0
18179122;0
18179124;1
18179126;0
18179128;0
18179132;0
18179140;1
18179144;1
18179152;0
18179164;1
18179186;1
18179188;0
18179190;0
18179238;1
18179240;0
18179246;0
18179248;0
18179250;1
18179260;0
18179264;1
18179268;0
18179270;1
18179306;0
18179312;1
18179320;0
18179322;1
18179324;0
18179326;0
18179328;0
18179330;0
18179336;1
18179352;0
18179360;1
18179374;0
18179378;1
18179382;0
18179400;1
18179414;1
18179416;1
18179420;0
18179424;1
18179426;0
18179452;0
18179454;0
18179456;0
18179458;0
18179500;0
18179504;0
18179528;0
18179530;0
18179536;1
18179562;0
18179564;0
18179566;0
18179568;0
18179570;1
18179576;1
18179580;0
18179582;1
18179584;0
18179588;1
18179592;1
18179594;1
18179596;1
18179604;0
18179606;0
18179648;0
18179654;0
18179660;1
18179662;1
18179664;1
18179668;0
